osgb4000000074541653,http://data.ordnancesurvey.co.uk/id/4000000074541653,Westing,,,,populatedPlace,Other Settlement,457077,1205289,15000,25000,456837,1205180,457523,1206421,ZE2,http://data.ordnancesurvey.co.uk/id/postcodedistrict/ZE2,,,,,,,Shetland Islands,http://data.ordnancesurvey.co.uk/id/7000000000186620,http://data.ordnancesurvey.co.uk/ontology/admingeo/UnitaryAuthority,Scotland,http://data.ordnancesurvey.co.uk/id/7000000000041429,Scotland,http://data.ordnancesurvey.co.uk/id/country/scotland,,,
osgb4000000074557431,http://data.ordnancesurvey.co.uk/id/4000000074557431,Underhoull,,,,populatedPlace,Other Settlement,457621,1204421,15000,25000,457308,1203957,457832,1204607,ZE2,http://data.ordnancesurvey.co.uk/id/postcodedistrict/ZE2,,,,,,,Shetland Islands,http://data.ordnancesurvey.co.uk/id/7000000000186620,http://data.ordnancesurvey.co.uk/ontology/admingeo/UnitaryAuthority,Scotland,http://data.ordnancesurvey.co.uk/id/7000000000041429,Scotland,http://data.ordnancesurvey.co.uk/id/country/scotland,,,
osgb4000000074557428,http://data.ordnancesurvey.co.uk/id/4000000074557428,Gunnister,,,,populatedPlace,Other Settlement,458754,1204080,15000,25000,458455,1203819,458955,1204319,ZE2,http://data.ordnancesurvey.co.uk/id/postcodedistrict/ZE2,,,,,,,Shetland Islands,http://data.ordnancesurvey.co.uk/id/7000000000186620,http://data.ordnancesurvey.co.uk/ontology/admingeo/UnitaryAuthority,Scotland,http://data.ordnancesurvey.co.uk/id/7000000000041429,Scotland,http://data.ordnancesurvey.co.uk/id/country/scotland,,,
osgb4000000074569332,http://data.ordnancesurvey.co.uk/id/4000000074569332,Gloup,,,,populatedPlace,Hamlet,450678,1204730,5000,25000,450536,1204466,451106,1204979,ZE2,http://data.ordnancesurvey.co.uk/id/postcodedistrict/ZE2,,,,,,,Shetland Islands,http://data.ordnancesurvey.co.uk/id/7000000000186620,http://data.ordnancesurvey.co.uk/ontology/admingeo/UnitaryAuthority,Scotland,http://data.ordnancesurvey.co.uk/id/7000000000041429,Scotland,http://data.ordnancesurvey.co.uk/id/country/scotland,,http://dbpedia.org/resource/Gloup,
osgb4000000074568983,http://data.ordnancesurvey.co.uk/id/4000000074568983,Midbrake,,,,populatedPlace,Hamlet,453085,1204463,5000,25000,452545,1204253,453147,1204753,ZE2,http://data.ordnancesurvey.co.uk/id/postcodedistrict/ZE2,,,,,,,Shetland Islands,http://data.ordnancesurvey.co.uk/id/7000000000186620,http://data.ordnancesurvey.co.uk/ontology/admingeo/UnitaryAuthority,Scotland,http://data.ordnancesurvey.co.uk/id/7000000000041429,Scotland,http://data.ordnancesurvey.co.uk/id/country/scotland,,,
osgb4000000074557429,http://data.ordnancesurvey.co.uk/id/4000000074557429,Burragarth,,,,populatedPlace,Other Settlement,457899,1203863,15000,25000,457461,1203550,457961,1204050,ZE2,http://data.ordnancesurvey.co.uk/id/postcodedistrict/ZE2,,,,,,,Shetland Islands,http://data.ordnancesurvey.co.uk/id/7000000000186620,http://data.ordnancesurvey.co.uk/ontology/admingeo/UnitaryAuthority,Scotland,http://data.ordnancesurvey.co.uk/id/7000000000041429,Scotland,http://data.ordnancesurvey.co.uk/id/country/scotland,,,
osgb4000000074557427,http://data.ordnancesurvey.co.uk/id/4000000074557427,Uyeasound,,,,populatedPlace,Other Settlement,459634,1201286,15000,25000,458600,1200630,460570,1201942,ZE2,http://data.ordnancesurvey.co.uk/id/postcodedistrict/ZE2,,,,,,,Shetland Islands,http://data.ordnancesurvey.co.uk/id/7000000000186620,http://data.ordnancesurvey.co.uk/ontology/admingeo/UnitaryAuthority,Scotland,http://data.ordnancesurvey.co.uk/id/7000000000041429,Scotland,http://data.ordnancesurvey.co.uk/id/country/scotland,,http://dbpedia.org/resource/Uyeasound,http://sws.geonames.org/8426372
osgb4000000074568982,http://data.ordnancesurvey.co.uk/id/4000000074568982,Cullivoe,,,,populatedPlace,Village,454263,1202583,11000,250000,453678,1201993,454766,1203727,ZE2,http://data.ordnancesurvey.co.uk/id/postcodedistrict/ZE2,,,,,,,Shetland Islands,http://data.ordnancesurvey.co.uk/id/7000000000186620,http://data.ordnancesurvey.co.uk/ontology/admingeo/UnitaryAuthority,Scotland,http://data.ordnancesurvey.co.uk/id/7000000000041429,Scotland,http://data.ordnancesurvey.co.uk/id/country/scotland,,http://dbpedia.org/resource/Cullivoe,
osgb4000000074557430,http://data.ordnancesurvey.co.uk/id/4000000074557430,Wick,,,,populatedPlace,Hamlet,457132,1203659,5000,25000,456707,1203349,457207,1203849,ZE2,http://data.ordnancesurvey.co.uk/id/postcodedistrict/ZE2,,,,,,,Shetland Islands,http://data.ordnancesurvey.co.uk/id/7000000000186620,http://data.ordnancesurvey.co.uk/ontology/admingeo/UnitaryAuthority,Scotland,http://data.ordnancesurvey.co.uk/id/7000000000041429,Scotland,http://data.ordnancesurvey.co.uk/id/country/scotland,,,
ZE29DD,http://data.ordnancesurvey.co.uk/id/postcodeunit/ZE29DD,ZE2 9DD,,,,other,Postcode,453406,1203762,3500,18000,,,,,,,,,,,,,Shetland Islands,http://data.ordnancesurvey.co.uk/id/7000000000186620,http://data.ordnancesurvey.co.uk/ontology/admingeo/UnitaryAuthority,Scotland,http://data.ordnancesurvey.co.uk/id/7000000000041429,Scotland,http://data.ordnancesurvey.co.uk/id/country/scotland,,,
ZE29DW,http://data.ordnancesurvey.co.uk/id/postcodeunit/ZE29DW,ZE2 9DW,,,,other,Postcode,458757,1204137,3500,18000,,,,,,,Gunnister,http://data.ordnancesurvey.co.uk/id/4000000074557428,http://www.ordnancesurvey.co.uk/xml/codelists/localtype.xml#otherSettlement,,,,Shetland Islands,http://data.ordnancesurvey.co.uk/id/7000000000186620,http://data.ordnancesurvey.co.uk/ontology/admingeo/UnitaryAuthority,Scotland,http://data.ordnancesurvey.co.uk/id/7000000000041429,Scotland,http://data.ordnancesurvey.co.uk/id/country/scotland,,,
ZE29BB,http://data.ordnancesurvey.co.uk/id/postcodeunit/ZE29BB,ZE2 9BB,,,,other,Postcode,453834,1204181,3500,18000,,,,,,,,,,,,,Shetland Islands,http://data.ordnancesurvey.co.uk/id/7000000000186620,http://data.ordnancesurvey.co.uk/ontology/admingeo/UnitaryAuthority,Scotland,http://data.ordnancesurvey.co.uk/id/7000000000041429,Scotland,http://data.ordnancesurvey.co.uk/id/country/scotland,,,
ZE29DE,http://data.ordnancesurvey.co.uk/id/postcodeunit/ZE29DE,ZE2 9DE,,,,other,Postcode,453703,1203988,3500,18000,,,,,,,,,,,,,Shetland Islands,http://data.ordnancesurvey.co.uk/id/7000000000186620,http://data.ordnancesurvey.co.uk/ontology/admingeo/UnitaryAuthority,Scotland,http://data.ordnancesurvey.co.uk/id/7000000000041429,Scotland,http://data.ordnancesurvey.co.uk/id/country/scotland,,,
ZE29BZ,http://data.ordnancesurvey.co.uk/id/postcodeunit/ZE29BZ,ZE2 9BZ,,,,other,Postcode,453793,1204092,3500,18000,,,,,,,,,,,,,Shetland Islands,http://data.ordnancesurvey.co.uk/id/7000000000186620,http://data.ordnancesurvey.co.uk/ontology/admingeo/UnitaryAuthority,Scotland,http://data.ordnancesurvey.co.uk/id/7000000000041429,Scotland,http://data.ordnancesurvey.co.uk/id/country/scotland,,,
osgb5000005105115791,http://data.ordnancesurvey.co.uk/id/5000005105115791,Brough View,,,,transportNetwork,Named Road,453812,1204150,1000,20000,453812,1204129,453828,1204171,ZE2,http://data.ordnancesurvey.co.uk/id/postcodedistrict/ZE2,,,,,,,Shetland Islands,http://data.ordnancesurvey.co.uk/id/7000000000186620,http://data.ordnancesurvey.co.uk/ontology/admingeo/UnitaryAuthority,Scotland,http://data.ordnancesurvey.co.uk/id/7000000000041429,Scotland,http://data.ordnancesurvey.co.uk/id/country/scotland,,,
osgb4000000003210683,http://data.ordnancesurvey.co.uk/id/4000000003210683,B9083,,,,transportNetwork,Numbered Road,453767,1203683,13000,250000,453085,1202583,454263,1204549,ZE2,http://data.ordnancesurvey.co.uk/id/postcodedistrict/ZE2,Cullivoe,http://data.ordnancesurvey.co.uk/id/4000000074568982,http://www.ordnancesurvey.co.uk/xml/codelists/localtype.xml#village,,,,Shetland Islands,http://data.ordnancesurvey.co.uk/id/7000000000186620,http://data.ordnancesurvey.co.uk/ontology/admingeo/UnitaryAuthority,Scotland,http://data.ordnancesurvey.co.uk/id/7000000000041429,Scotland,http://data.ordnancesurvey.co.uk/id/country/scotland,,,
osgb4000000003210685,http://data.ordnancesurvey.co.uk/id/4000000003210685,B9084,,,,transportNetwork,Numbered Road,459060,1201480,5000,250000,458864,1201077,459216,1201860,ZE2,http://data.ordnancesurvey.co.uk/id/postcodedistrict/ZE2,Uyeasound,http://data.ordnancesurvey.co.uk/id/4000000074557427,http://www.ordnancesurvey.co.uk/xml/codelists/localtype.xml#otherSettlement,,,,Shetland Islands,http://data.ordnancesurvey.co.uk/id/7000000000186620,http://data.ordnancesurvey.co.uk/ontology/admingeo/UnitaryAuthority,Scotland,http://data.ordnancesurvey.co.uk/id/7000000000041429,Scotland,http://data.ordnancesurvey.co.uk/id/country/scotland,,,
osgb4000000003210672,http://data.ordnancesurvey.co.uk/id/4000000003210672,Greenbank Road,,,,transportNetwork,Named Road,454000,1204042,4000,20000,453699,1204036,454363,1204134,ZE2,http://data.ordnancesurvey.co.uk/id/postcodedistrict/ZE2,,,,,,,Shetland Islands,http://data.ordnancesurvey.co.uk/id/7000000000186620,http://data.ordnancesurvey.co.uk/ontology/admingeo/UnitaryAuthority,Scotland,http://data.ordnancesurvey.co.uk/id/7000000000041429,Scotland,http://data.ordnancesurvey.co.uk/id/country/scotland,,,
osgb4000000003210681,http://data.ordnancesurvey.co.uk/id/4000000003210681,B9082,,,,transportNetwork,Numbered Road,454577,1200717,24000,250000,454263,1198859,454590,1202583,ZE2,http://data.ordnancesurvey.co.uk/id/postcodedistrict/ZE2,,,,,,,Shetland Islands,http://data.ordnancesurvey.co.uk/id/7000000000186620,http://data.ordnancesurvey.co.uk/ontology/admingeo/UnitaryAuthority,Scotland,http://data.ordnancesurvey.co.uk/id/7000000000041429,Scotland,http://data.ordnancesurvey.co.uk/id/country/scotland,,,
osgb4000000074715396,http://data.ordnancesurvey.co.uk/id/4000000074715396,Geo of Markamouth,,,,landform,Other Coastal Landform,447629,1201705,2000,15000,447374,1201455,447874,1201955,ZE2,http://data.ordnancesurvey.co.uk/id/postcodedistrict/ZE2,,,,,,,Shetland Islands,http://data.ordnancesurvey.co.uk/id/7000000000186620,http://data.ordnancesurvey.co.uk/ontology/admingeo/UnitaryAuthority,Scotland,http://data.ordnancesurvey.co.uk/id/7000000000041429,Scotland,http://data.ordnancesurvey.co.uk/id/country/scotland,,,
osgb4000000074755325,http://data.ordnancesurvey.co.uk/id/4000000074755325,Korka,,,,landform,Other Coastal Landform,457520,1213473,1000,50000,457269,1213223,457769,1213723,ZE2,http://data.ordnancesurvey.co.uk/id/postcodedistrict/ZE2,,,,,,,Shetland Islands,http://data.ordnancesurvey.co.uk/id/7000000000186620,http://data.ordnancesurvey.co.uk/ontology/admingeo/UnitaryAuthority,Scotland,http://data.ordnancesurvey.co.uk/id/7000000000041429,Scotland,http://data.ordnancesurvey.co.uk/id/country/scotland,,,
osgb4000000074798325,http://data.ordnancesurvey.co.uk/id/4000000074798325,Bay of Brough,,,,hydrography,Bay,454106,1204688,3000,150000,453841,1204431,454376,1204931,ZE2,http://data.ordnancesurvey.co.uk/id/postcodedistrict/ZE2,,,,,,,Shetland Islands,http://data.ordnancesurvey.co.uk/id/7000000000186620,http://data.ordnancesurvey.co.uk/ontology/admingeo/UnitaryAuthority,Scotland,http://data.ordnancesurvey.co.uk/id/7000000000041429,Scotland,http://data.ordnancesurvey.co.uk/id/country/scotland,,,
osgb4000000074611924,http://data.ordnancesurvey.co.uk/id/4000000074611924,Burravoe Chest,,,,landform,Other Coastal Landform,452030,1206192,1000,50000,451779,1205942,452279,1206442,ZE2,http://data.ordnancesurvey.co.uk/id/postcodedistrict/ZE2,,,,,,,Shetland Islands,http://data.ordnancesurvey.co.uk/id/7000000000186620,http://data.ordnancesurvey.co.uk/ontology/admingeo/UnitaryAuthority,Scotland,http://data.ordnancesurvey.co.uk/id/7000000000041429,Scotland,http://data.ordnancesurvey.co.uk/id/country/scotland,,,
osgb4000000074773916,http://data.ordnancesurvey.co.uk/id/4000000074773916,Hill of Backhouse,,,,landform,Hill Or Mountain,454168,1203485,1000,300000,453918,1203235,454418,1203735,ZE2,http://data.ordnancesurvey.co.uk/id/postcodedistrict/ZE2,,,,,,,Shetland Islands,http://data.ordnancesurvey.co.uk/id/7000000000186620,http://data.ordnancesurvey.co.uk/ontology/admingeo/UnitaryAuthority,Scotland,http://data.ordnancesurvey.co.uk/id/7000000000041429,Scotland,http://data.ordnancesurvey.co.uk/id/country/scotland,,,
osgb4000000074755270,http://data.ordnancesurvey.co.uk/id/4000000074755270,Geo of Virdapund,,,,landform,Other Coastal Landform,458103,1211293,1000,15000,457844,1211043,458344,1211543,ZE2,http://data.ordnancesurvey.co.uk/id/postcodedistrict/ZE2,,,,,,,Shetland Islands,http://data.ordnancesurvey.co.uk/id/7000000000186620,http://data.ordnancesurvey.co.uk/ontology/admingeo/UnitaryAuthority,Scotland,http://data.ordnancesurvey.co.uk/id/7000000000041429,Scotland,http://data.ordnancesurvey.co.uk/id/country/scotland,,,
osgb4000000074620872,http://data.ordnancesurvey.co.uk/id/4000000074620872,Shore Hill,,,,landform,Hill Or Mountain,457852,1202224,1000,300000,457602,1201974,458102,1202474,ZE2,http://data.ordnancesurvey.co.uk/id/postcodedistrict/ZE2,,,,,,,Shetland Islands,http://data.ordnancesurvey.co.uk/id/7000000000186620,http://data.ordnancesurvey.co.uk/ontology/admingeo/UnitaryAuthority,Scotland,http://data.ordnancesurvey.co.uk/id/7000000000041429,Scotland,http://data.ordnancesurvey.co.uk/id/country/scotland,,,
osgb4000000074595148,http://data.ordnancesurvey.co.uk/id/4000000074595148,Gorsendi Geo,,,,landform,Other Coastal Landform,456050,1201538,1000,15000,455800,1201283,456300,1201783,ZE2,http://data.ordnancesurvey.co.uk/id/postcodedistrict/ZE2,,,,,,,Shetland Islands,http://data.ordnancesurvey.co.uk/id/7000000000186620,http://data.ordnancesurvey.co.uk/ontology/admingeo/UnitaryAuthority,Scotland,http://data.ordnancesurvey.co.uk/id/7000000000041429,Scotland,http://data.ordnancesurvey.co.uk/id/country/scotland,,,
osgb4000000074755817,http://data.ordnancesurvey.co.uk/id/4000000074755817,Drulling Back,,,,landform,Other Coastal Landform,456513,1205461,1000,20000,456266,1205212,456766,1205712,ZE2,http://data.ordnancesurvey.co.uk/id/postcodedistrict/ZE2,,,,,,,Shetland Islands,http://data.ordnancesurvey.co.uk/id/7000000000186620,http://data.ordnancesurvey.co.uk/ontology/admingeo/UnitaryAuthority,Scotland,http://data.ordnancesurvey.co.uk/id/7000000000041429,Scotland,http://data.ordnancesurvey.co.uk/id/country/scotland,,,
osgb4000000074755681,http://data.ordnancesurvey.co.uk/id/4000000074755681,Stack of the Riffars,,,,landform,Other Coastal Landform,455903,1203516,1000,20000,455653,1203266,456153,1203766,ZE2,http://data.ordnancesurvey.co.uk/id/postcodedistrict/ZE2,,,,,,,Shetland Islands,http://data.ordnancesurvey.co.uk/id/7000000000186620,http://data.ordnancesurvey.co.uk/ontology/admingeo/UnitaryAuthority,Scotland,http://data.ordnancesurvey.co.uk/id/7000000000041429,Scotland,http://data.ordnancesurvey.co.uk/id/country/scotland,,,
osgb4000000074720490,http://data.ordnancesurvey.co.uk/id/4000000074720490,Ayre of Collaster,,,,landcover,Beach,457350,1207253,2000,100000,457204,1207003,457704,1207503,ZE2,http://data.ordnancesurvey.co.uk/id/postcodedistrict/ZE2,,,,,,,Shetland Islands,http://data.ordnancesurvey.co.uk/id/7000000000186620,http://data.ordnancesurvey.co.uk/ontology/admingeo/UnitaryAuthority,Scotland,http://data.ordnancesurvey.co.uk/id/7000000000041429,Scotland,http://data.ordnancesurvey.co.uk/id/country/scotland,,,
osgb4000000074612328,http://data.ordnancesurvey.co.uk/id/4000000074612328,Brindacks,,,,landform,Other Coastal Landform,457217,1211584,3000,50000,456960,1211334,457460,1211834,ZE2,http://data.ordnancesurvey.co.uk/id/postcodedistrict/ZE2,,,,,,,Shetland Islands,http://data.ordnancesurvey.co.uk/id/7000000000186620,http://data.ordnancesurvey.co.uk/ontology/admingeo/UnitaryAuthority,Scotland,http://data.ordnancesurvey.co.uk/id/7000000000041429,Scotland,http://data.ordnancesurvey.co.uk/id/country/scotland,,,
osgb4000000074586699,http://data.ordnancesurvey.co.uk/id/4000000074586699,Retta Geo,,,,landform,Other Coastal Landform,457759,1213590,1000,15000,457510,1213340,458010,1213840,ZE2,http://data.ordnancesurvey.co.uk/id/postcodedistrict/ZE2,,,,,,,Shetland Islands,http://data.ordnancesurvey.co.uk/id/7000000000186620,http://data.ordnancesurvey.co.uk/ontology/admingeo/UnitaryAuthority,Scotland,http://data.ordnancesurvey.co.uk/id/7000000000041429,Scotland,http://data.ordnancesurvey.co.uk/id/country/scotland,,,
osgb4000000074755877,http://data.ordnancesurvey.co.uk/id/4000000074755877,Whalegeo Head,,,,landform,Coastal Headland,453030,1205429,1000,750000,452781,1205182,453281,1205682,ZE2,http://data.ordnancesurvey.co.uk/id/postcodedistrict/ZE2,,,,,,,Shetland Islands,http://data.ordnancesurvey.co.uk/id/7000000000186620,http://data.ordnancesurvey.co.uk/ontology/admingeo/UnitaryAuthority,Scotland,http://data.ordnancesurvey.co.uk/id/7000000000041429,Scotland,http://data.ordnancesurvey.co.uk/id/country/scotland,,,
osgb4000000074587074,http://data.ordnancesurvey.co.uk/id/4000000074587074,Signa Geo,,,,landform,Other Coastal Landform,452414,1204940,1000,15000,452164,1204706,452664,1205206,ZE2,http://data.ordnancesurvey.co.uk/id/postcodedistrict/ZE2,,,,,,,Shetland Islands,http://data.ordnancesurvey.co.uk/id/7000000000186620,http://data.ordnancesurvey.co.uk/ontology/admingeo/UnitaryAuthority,Scotland,http://data.ordnancesurvey.co.uk/id/7000000000041429,Scotland,http://data.ordnancesurvey.co.uk/id/country/scotland,,,
osgb4000000074587120,http://data.ordnancesurvey.co.uk/id/4000000074587120,Rutha Geo,,,,landform,Other Coastal Landform,451969,1204978,1000,15000,451707,1204728,452207,1205228,ZE2,http://data.ordnancesurvey.co.uk/id/postcodedistrict/ZE2,,,,,,,Shetland Islands,http://data.ordnancesurvey.co.uk/id/7000000000186620,http://data.ordnancesurvey.co.uk/ontology/admingeo/UnitaryAuthority,Scotland,http://data.ordnancesurvey.co.uk/id/7000000000041429,Scotland,http://data.ordnancesurvey.co.uk/id/country/scotland,,,
osgb4000000074805382,http://data.ordnancesurvey.co.uk/id/4000000074805382,Gossa Water,,,,hydrography,Inland Water,457878,1205713,2000,500000,457628,1205446,458128,1205946,ZE2,http://data.ordnancesurvey.co.uk/id/postcodedistrict/ZE2,,,,,,,Shetland Islands,http://data.ordnancesurvey.co.uk/id/7000000000186620,http://data.ordnancesurvey.co.uk/ontology/admingeo/UnitaryAuthority,Scotland,http://data.ordnancesurvey.co.uk/id/7000000000041429,Scotland,http://data.ordnancesurvey.co.uk/id/country/scotland,,,
osgb4000000074594857,http://data.ordnancesurvey.co.uk/id/4000000074594857,Gorsendi Geo,,,,landform,Other Coastal Landform,456473,1204418,1000,15000,456201,1204169,456701,1204669,ZE2,http://data.ordnancesurvey.co.uk/id/postcodedistrict/ZE2,,,,,,,Shetland Islands,http://data.ordnancesurvey.co.uk/id/7000000000186620,http://data.ordnancesurvey.co.uk/ontology/admingeo/UnitaryAuthority,Scotland,http://data.ordnancesurvey.co.uk/id/7000000000041429,Scotland,http://data.ordnancesurvey.co.uk/id/country/scotland,,,
osgb4000000074755922,http://data.ordnancesurvey.co.uk/id/4000000074755922,The Neap,,,,landform,Coastal Headland,450297,1204219,3000,750000,450047,1204019,450547,1204519,ZE2,http://data.ordnancesurvey.co.uk/id/postcodedistrict/ZE2,,,,,,,Shetland Islands,http://data.ordnancesurvey.co.uk/id/7000000000186620,http://data.ordnancesurvey.co.uk/ontology/admingeo/UnitaryAuthority,Scotland,http://data.ordnancesurvey.co.uk/id/7000000000041429,Scotland,http://data.ordnancesurvey.co.uk/id/country/scotland,,,
osgb4000000074586698,http://data.ordnancesurvey.co.uk/id/4000000074586698,Whinna Geo,,,,landform,Other Coastal Landform,457835,1213686,1000,15000,457588,1213436,458088,1213936,ZE2,http://data.ordnancesurvey.co.uk/id/postcodedistrict/ZE2,,,,,,,Shetland Islands,http://data.ordnancesurvey.co.uk/id/7000000000186620,http://data.ordnancesurvey.co.uk/ontology/admingeo/UnitaryAuthority,Scotland,http://data.ordnancesurvey.co.uk/id/7000000000041429,Scotland,http://data.ordnancesurvey.co.uk/id/country/scotland,,,
osgb4000000074805389,http://data.ordnancesurvey.co.uk/id/4000000074805389,Loch of Brough,,,,hydrography,Inland Water,453005,1202919,3000,500000,452755,1202681,453255,1203181,ZE2,http://data.ordnancesurvey.co.uk/id/postcodedistrict/ZE2,,,,,,,Shetland Islands,http://data.ordnancesurvey.co.uk/id/7000000000186620,http://data.ordnancesurvey.co.uk/ontology/admingeo/UnitaryAuthority,Scotland,http://data.ordnancesurvey.co.uk/id/7000000000041429,Scotland,http://data.ordnancesurvey.co.uk/id/country/scotland,,,
osgb4000000074587075,http://data.ordnancesurvey.co.uk/id/4000000074587075,Sly Geo,,,,landform,Other Coastal Landform,451799,1205291,1000,15000,451553,1205041,452053,1205541,ZE2,http://data.ordnancesurvey.co.uk/id/postcodedistrict/ZE2,,,,,,,Shetland Islands,http://data.ordnancesurvey.co.uk/id/7000000000186620,http://data.ordnancesurvey.co.uk/ontology/admingeo/UnitaryAuthority,Scotland,http://data.ordnancesurvey.co.uk/id/7000000000041429,Scotland,http://data.ordnancesurvey.co.uk/id/country/scotland,,,
osgb4000000074755736,http://data.ordnancesurvey.co.uk/id/4000000074755736,Spoo Ness,,,,landform,Coastal Headland,456891,1207066,2000,750000,456656,1206817,457156,1207317,ZE2,http://data.ordnancesurvey.co.uk/id/postcodedistrict/ZE2,,,,,,,Shetland Islands,http://data.ordnancesurvey.co.uk/id/7000000000186620,http://data.ordnancesurvey.co.uk/ontology/admingeo/UnitaryAuthority,Scotland,http://data.ordnancesurvey.co.uk/id/7000000000041429,Scotland,http://data.ordnancesurvey.co.uk/id/country/scotland,,,
osgb4000000074592960,http://data.ordnancesurvey.co.uk/id/4000000074592960,Longa Geo,,,,landform,Other Coastal Landform,458050,1210297,1000,15000,457807,1210047,458307,1210547,ZE2,http://data.ordnancesurvey.co.uk/id/postcodedistrict/ZE2,,,,,,,Shetland Islands,http://data.ordnancesurvey.co.uk/id/7000000000186620,http://data.ordnancesurvey.co.uk/ontology/admingeo/UnitaryAuthority,Scotland,http://data.ordnancesurvey.co.uk/id/7000000000041429,Scotland,http://data.ordnancesurvey.co.uk/id/country/scotland,,,
osgb4000000074787267,http://data.ordnancesurvey.co.uk/id/4000000074787267,Wood Wick,,,,hydrography,Tidal Water,458130,1211530,2000,150000,457910,1211272,458410,1211772,ZE2,http://data.ordnancesurvey.co.uk/id/postcodedistrict/ZE2,,,,,,,Shetland Islands,http://data.ordnancesurvey.co.uk/id/7000000000186620,http://data.ordnancesurvey.co.uk/ontology/admingeo/UnitaryAuthority,Scotland,http://data.ordnancesurvey.co.uk/id/7000000000041429,Scotland,http://data.ordnancesurvey.co.uk/id/country/scotland,,,
osgb4000000074609978,http://data.ordnancesurvey.co.uk/id/4000000074609978,South Croga Skerry,,,,landform,Other Coastal Landform,457064,1212829,1000,50000,456814,1212579,457314,1213079,ZE2,http://data.ordnancesurvey.co.uk/id/postcodedistrict/ZE2,,,,,,,Shetland Islands,http://data.ordnancesurvey.co.uk/id/7000000000186620,http://data.ordnancesurvey.co.uk/ontology/admingeo/UnitaryAuthority,Scotland,http://data.ordnancesurvey.co.uk/id/7000000000041429,Scotland,http://data.ordnancesurvey.co.uk/id/country/scotland,,,
osgb4000000074755819,http://data.ordnancesurvey.co.uk/id/4000000074755819,Grey Kame,,,,landform,Other Coastal Landform,456054,1201637,1000,20000,455804,1201386,456304,1201886,ZE2,http://data.ordnancesurvey.co.uk/id/postcodedistrict/ZE2,,,,,,,Shetland Islands,http://data.ordnancesurvey.co.uk/id/7000000000186620,http://data.ordnancesurvey.co.uk/ontology/admingeo/UnitaryAuthority,Scotland,http://data.ordnancesurvey.co.uk/id/7000000000041429,Scotland,http://data.ordnancesurvey.co.uk/id/country/scotland,,,
osgb4000000074790375,http://data.ordnancesurvey.co.uk/id/4000000074790375,Wick of Trutis,,,,hydrography,Bay,450996,1205693,3000,150000,450744,1205412,451244,1205912,ZE2,http://data.ordnancesurvey.co.uk/id/postcodedistrict/ZE2,,,,,,,Shetland Islands,http://data.ordnancesurvey.co.uk/id/7000000000186620,http://data.ordnancesurvey.co.uk/ontology/admingeo/UnitaryAuthority,Scotland,http://data.ordnancesurvey.co.uk/id/7000000000041429,Scotland,http://data.ordnancesurvey.co.uk/id/country/scotland,,,
osgb4000000074589044,http://data.ordnancesurvey.co.uk/id/4000000074589044,Ham of Grudale,,,,landform,Other Coastal Landform,448494,1205481,1000,50000,448244,1205233,448744,1205733,ZE2,http://data.ordnancesurvey.co.uk/id/postcodedistrict/ZE2,,,,,,,Shetland Islands,http://data.ordnancesurvey.co.uk/id/7000000000186620,http://data.ordnancesurvey.co.uk/ontology/admingeo/UnitaryAuthority,Scotland,http://data.ordnancesurvey.co.uk/id/7000000000041429,Scotland,http://data.ordnancesurvey.co.uk/id/country/scotland,,,
osgb4000000074755683,http://data.ordnancesurvey.co.uk/id/4000000074755683,Stool Taings,,,,landform,Other Coastal Landform,455963,1203371,1000,50000,455714,1203138,456214,1203638,ZE2,http://data.ordnancesurvey.co.uk/id/postcodedistrict/ZE2,,,,,,,Shetland Islands,http://data.ordnancesurvey.co.uk/id/7000000000186620,http://data.ordnancesurvey.co.uk/ontology/admingeo/UnitaryAuthority,Scotland,http://data.ordnancesurvey.co.uk/id/7000000000041429,Scotland,http://data.ordnancesurvey.co.uk/id/country/scotland,,,
osgb4000000074810042,http://data.ordnancesurvey.co.uk/id/4000000074810042,North Water,,,,hydrography,Inland Water,458390,1213273,2000,500000,458141,1213030,458641,1213530,ZE2,http://data.ordnancesurvey.co.uk/id/postcodedistrict/ZE2,,,,,,,Shetland Islands,http://data.ordnancesurvey.co.uk/id/7000000000186620,http://data.ordnancesurvey.co.uk/ontology/admingeo/UnitaryAuthority,Scotland,http://data.ordnancesurvey.co.uk/id/7000000000041429,Scotland,http://data.ordnancesurvey.co.uk/id/country/scotland,,,
osgb4000000074586816,http://data.ordnancesurvey.co.uk/id/4000000074586816,Scuda Geo,,,,landform,Other Coastal Landform,456315,1202300,1000,15000,456065,1202050,456565,1202550,ZE2,http://data.ordnancesurvey.co.uk/id/postcodedistrict/ZE2,,,,,,,Shetland Islands,http://data.ordnancesurvey.co.uk/id/7000000000186620,http://data.ordnancesurvey.co.uk/ontology/admingeo/UnitaryAuthority,Scotland,http://data.ordnancesurvey.co.uk/id/7000000000041429,Scotland,http://data.ordnancesurvey.co.uk/id/country/scotland,,,
osgb4000000074755574,http://data.ordnancesurvey.co.uk/id/4000000074755574,Hamar of Snarravoe,,,,landform,Other Coastal Landform,456301,1202149,1000,50000,456051,1201905,456551,1202405,ZE2,http://data.ordnancesurvey.co.uk/id/postcodedistrict/ZE2,,,,,,,Shetland Islands,http://data.ordnancesurvey.co.uk/id/7000000000186620,http://data.ordnancesurvey.co.uk/ontology/admingeo/UnitaryAuthority,Scotland,http://data.ordnancesurvey.co.uk/id/7000000000041429,Scotland,http://data.ordnancesurvey.co.uk/id/country/scotland,,,
osgb4000000074793975,http://data.ordnancesurvey.co.uk/id/4000000074793975,Brecka Water,,,,hydrography,Inland Water,459322,1202309,1000,500000,459098,1202060,459598,1202560,ZE2,http://data.ordnancesurvey.co.uk/id/postcodedistrict/ZE2,,,,,,,Shetland Islands,http://data.ordnancesurvey.co.uk/id/7000000000186620,http://data.ordnancesurvey.co.uk/ontology/admingeo/UnitaryAuthority,Scotland,http://data.ordnancesurvey.co.uk/id/7000000000041429,Scotland,http://data.ordnancesurvey.co.uk/id/country/scotland,,,
osgb4000000074759313,http://data.ordnancesurvey.co.uk/id/4000000074759313,Stacka Lance,,,,landform,Other Coastal Landform,453533,1205282,1000,50000,453283,1205032,453783,1205532,ZE2,http://data.ordnancesurvey.co.uk/id/postcodedistrict/ZE2,,,,,,,Shetland Islands,http://data.ordnancesurvey.co.uk/id/7000000000186620,http://data.ordnancesurvey.co.uk/ontology/admingeo/UnitaryAuthority,Scotland,http://data.ordnancesurvey.co.uk/id/7000000000041429,Scotland,http://data.ordnancesurvey.co.uk/id/country/scotland,,,
osgb4000000074806256,http://data.ordnancesurvey.co.uk/id/4000000074806256,Fugla Water,,,,hydrography,Inland Water,449110,1201334,2000,500000,448869,1201085,449369,1201585,ZE2,http://data.ordnancesurvey.co.uk/id/postcodedistrict/ZE2,,,,,,,Shetland Islands,http://data.ordnancesurvey.co.uk/id/7000000000186620,http://data.ordnancesurvey.co.uk/ontology/admingeo/UnitaryAuthority,Scotland,http://data.ordnancesurvey.co.uk/id/7000000000041429,Scotland,http://data.ordnancesurvey.co.uk/id/country/scotland,,,
osgb4000000074611622,http://data.ordnancesurvey.co.uk/id/4000000074611622,Grey Stack,,,,landform,Other Coastal Landform,447646,1205127,1000,50000,447397,1204877,447897,1205377,ZE2,http://data.ordnancesurvey.co.uk/id/postcodedistrict/ZE2,,,,,,,Shetland Islands,http://data.ordnancesurvey.co.uk/id/7000000000186620,http://data.ordnancesurvey.co.uk/ontology/admingeo/UnitaryAuthority,Scotland,http://data.ordnancesurvey.co.uk/id/7000000000041429,Scotland,http://data.ordnancesurvey.co.uk/id/country/scotland,,,
osgb4000000074809591,http://data.ordnancesurvey.co.uk/id/4000000074809591,Small Waters,,,,hydrography,Inland Water,458653,1202960,2000,40000,458490,1202710,458990,1203210,ZE2,http://data.ordnancesurvey.co.uk/id/postcodedistrict/ZE2,,,,,,,Shetland Islands,http://data.ordnancesurvey.co.uk/id/7000000000186620,http://data.ordnancesurvey.co.uk/ontology/admingeo/UnitaryAuthority,Scotland,http://data.ordnancesurvey.co.uk/id/7000000000041429,Scotland,http://data.ordnancesurvey.co.uk/id/country/scotland,,,
osgb4000000074773894,http://data.ordnancesurvey.co.uk/id/4000000074773894,Hill of Vigon,,,,landform,Hill Or Mountain,448979,1203093,1000,300000,448729,1202843,449229,1203343,ZE2,http://data.ordnancesurvey.co.uk/id/postcodedistrict/ZE2,,,,,,,Shetland Islands,http://data.ordnancesurvey.co.uk/id/7000000000186620,http://data.ordnancesurvey.co.uk/ontology/admingeo/UnitaryAuthority,Scotland,http://data.ordnancesurvey.co.uk/id/7000000000041429,Scotland,http://data.ordnancesurvey.co.uk/id/country/scotland,,,
osgb4000000074720368,http://data.ordnancesurvey.co.uk/id/4000000074720368,Ayre of Belmont,,,,landcover,Beach,456570,1200591,3000,100000,456112,1200341,456612,1200841,ZE2,http://data.ordnancesurvey.co.uk/id/postcodedistrict/ZE2,,,,,,,Shetland Islands,http://data.ordnancesurvey.co.uk/id/7000000000186620,http://data.ordnancesurvey.co.uk/ontology/admingeo/UnitaryAuthority,Scotland,http://data.ordnancesurvey.co.uk/id/7000000000041429,Scotland,http://data.ordnancesurvey.co.uk/id/country/scotland,,,
osgb4000000074805828,http://data.ordnancesurvey.co.uk/id/4000000074805828,Loch of Quoy,,,,hydrography,Inland Water,457019,1206425,1000,500000,456769,1206176,457269,1206676,ZE2,http://data.ordnancesurvey.co.uk/id/postcodedistrict/ZE2,,,,,,,Shetland Islands,http://data.ordnancesurvey.co.uk/id/7000000000186620,http://data.ordnancesurvey.co.uk/ontology/admingeo/UnitaryAuthority,Scotland,http://data.ordnancesurvey.co.uk/id/7000000000041429,Scotland,http://data.ordnancesurvey.co.uk/id/country/scotland,,,
osgb4000000074586983,http://data.ordnancesurvey.co.uk/id/4000000074586983,Outer Geo,,,,landform,Other Coastal Landform,456241,1201843,1000,15000,455992,1201594,456492,1202094,ZE2,http://data.ordnancesurvey.co.uk/id/postcodedistrict/ZE2,,,,,,,Shetland Islands,http://data.ordnancesurvey.co.uk/id/7000000000186620,http://data.ordnancesurvey.co.uk/ontology/admingeo/UnitaryAuthority,Scotland,http://data.ordnancesurvey.co.uk/id/7000000000041429,Scotland,http://data.ordnancesurvey.co.uk/id/country/scotland,,,
osgb4000000074596385,http://data.ordnancesurvey.co.uk/id/4000000074596385,Blue Geo,,,,landform,Other Coastal Landform,458122,1211407,1000,15000,457845,1211158,458345,1211658,ZE2,http://data.ordnancesurvey.co.uk/id/postcodedistrict/ZE2,,,,,,,Shetland Islands,http://data.ordnancesurvey.co.uk/id/7000000000186620,http://data.ordnancesurvey.co.uk/ontology/admingeo/UnitaryAuthority,Scotland,http://data.ordnancesurvey.co.uk/id/7000000000041429,Scotland,http://data.ordnancesurvey.co.uk/id/country/scotland,,,
osgb4000000074609570,http://data.ordnancesurvey.co.uk/id/4000000074609570,South Holms,,,,landform,Island,457362,1210219,5000,800000,457073,1209605,457652,1210345,ZE2,http://data.ordnancesurvey.co.uk/id/postcodedistrict/ZE2,,,,,,,Shetland Islands,http://data.ordnancesurvey.co.uk/id/7000000000186620,http://data.ordnancesurvey.co.uk/ontology/admingeo/UnitaryAuthority,Scotland,http://data.ordnancesurvey.co.uk/id/7000000000041429,Scotland,http://data.ordnancesurvey.co.uk/id/country/scotland,,,
osgb4000000074787266,http://data.ordnancesurvey.co.uk/id/4000000074787266,Doun Hellier,,,,hydrography,Bay,457745,1207810,1000,150000,457510,1207563,458010,1208063,ZE2,http://data.ordnancesurvey.co.uk/id/postcodedistrict/ZE2,,,,,,,Shetland Islands,http://data.ordnancesurvey.co.uk/id/7000000000186620,http://data.ordnancesurvey.co.uk/ontology/admingeo/UnitaryAuthority,Scotland,http://data.ordnancesurvey.co.uk/id/7000000000041429,Scotland,http://data.ordnancesurvey.co.uk/id/country/scotland,,,
osgb4000000074755873,http://data.ordnancesurvey.co.uk/id/4000000074755873,Otters Had,,,,landform,Other Coastal Landform,455098,1202555,1000,50000,454892,1202305,455392,1202805,ZE2,http://data.ordnancesurvey.co.uk/id/postcodedistrict/ZE2,,,,,,,Shetland Islands,http://data.ordnancesurvey.co.uk/id/7000000000186620,http://data.ordnancesurvey.co.uk/ontology/admingeo/UnitaryAuthority,Scotland,http://data.ordnancesurvey.co.uk/id/7000000000041429,Scotland,http://data.ordnancesurvey.co.uk/id/country/scotland,,,
osgb4000000074755926,http://data.ordnancesurvey.co.uk/id/4000000074755926,Trumbie,,,,landform,Other Coastal Landform,452636,1205082,1000,50000,452391,1204832,452891,1205332,ZE2,http://data.ordnancesurvey.co.uk/id/postcodedistrict/ZE2,,,,,,,Shetland Islands,http://data.ordnancesurvey.co.uk/id/7000000000186620,http://data.ordnancesurvey.co.uk/ontology/admingeo/UnitaryAuthority,Scotland,http://data.ordnancesurvey.co.uk/id/7000000000041429,Scotland,http://data.ordnancesurvey.co.uk/id/country/scotland,,,
osgb4000000074587091,http://data.ordnancesurvey.co.uk/id/4000000074587091,Hellier Geo,,,,landform,Other Coastal Landform,456196,1203217,1000,15000,455930,1202967,456430,1203467,ZE2,http://data.ordnancesurvey.co.uk/id/postcodedistrict/ZE2,,,,,,,Shetland Islands,http://data.ordnancesurvey.co.uk/id/7000000000186620,http://data.ordnancesurvey.co.uk/ontology/admingeo/UnitaryAuthority,Scotland,http://data.ordnancesurvey.co.uk/id/7000000000041429,Scotland,http://data.ordnancesurvey.co.uk/id/country/scotland,,,
osgb4000000074586976,http://data.ordnancesurvey.co.uk/id/4000000074586976,North Raga Geo,,,,landform,Other Coastal Landform,459204,1215292,1000,15000,458958,1215042,459458,1215542,ZE2,http://data.ordnancesurvey.co.uk/id/postcodedistrict/ZE2,,,,,,,Shetland Islands,http://data.ordnancesurvey.co.uk/id/7000000000186620,http://data.ordnancesurvey.co.uk/ontology/admingeo/UnitaryAuthority,Scotland,http://data.ordnancesurvey.co.uk/id/7000000000041429,Scotland,http://data.ordnancesurvey.co.uk/id/country/scotland,,,
osgb4000000074755820,http://data.ordnancesurvey.co.uk/id/4000000074755820,Ness of Wadbister,,,,landform,Coastal Headland,456162,1201667,3000,750000,455971,1201418,456471,1201918,ZE2,http://data.ordnancesurvey.co.uk/id/postcodedistrict/ZE2,,,,,,,Shetland Islands,http://data.ordnancesurvey.co.uk/id/7000000000186620,http://data.ordnancesurvey.co.uk/ontology/admingeo/UnitaryAuthority,Scotland,http://data.ordnancesurvey.co.uk/id/7000000000041429,Scotland,http://data.ordnancesurvey.co.uk/id/country/scotland,,,
osgb4000000074587078,http://data.ordnancesurvey.co.uk/id/4000000074587078,Siller Geo,,,,landform,Other Coastal Landform,457715,1209198,1000,15000,457465,1208964,457965,1209464,ZE2,http://data.ordnancesurvey.co.uk/id/postcodedistrict/ZE2,,,,,,,Shetland Islands,http://data.ordnancesurvey.co.uk/id/7000000000186620,http://data.ordnancesurvey.co.uk/ontology/admingeo/UnitaryAuthority,Scotland,http://data.ordnancesurvey.co.uk/id/7000000000041429,Scotland,http://data.ordnancesurvey.co.uk/id/country/scotland,,,
osgb4000000074587057,http://data.ordnancesurvey.co.uk/id/4000000074587057,Eevers Geo,,,,landform,Other Coastal Landform,456805,1206995,1000,15000,456554,1206745,457054,1207245,ZE2,http://data.ordnancesurvey.co.uk/id/postcodedistrict/ZE2,,,,,,,Shetland Islands,http://data.ordnancesurvey.co.uk/id/7000000000186620,http://data.ordnancesurvey.co.uk/ontology/admingeo/UnitaryAuthority,Scotland,http://data.ordnancesurvey.co.uk/id/7000000000041429,Scotland,http://data.ordnancesurvey.co.uk/id/country/scotland,,,
osgb4000000074755199,http://data.ordnancesurvey.co.uk/id/4000000074755199,Black Geo of Gerherda,,,,landform,Other Coastal Landform,447489,1200806,1000,15000,447239,1200553,447739,1201053,ZE2,http://data.ordnancesurvey.co.uk/id/postcodedistrict/ZE2,,,,,,,Shetland Islands,http://data.ordnancesurvey.co.uk/id/7000000000186620,http://data.ordnancesurvey.co.uk/ontology/admingeo/UnitaryAuthority,Scotland,http://data.ordnancesurvey.co.uk/id/7000000000041429,Scotland,http://data.ordnancesurvey.co.uk/id/country/scotland,,,
osgb4000000074793980,http://data.ordnancesurvey.co.uk/id/4000000074793980,Kidna Water,,,,hydrography,Inland Water,457846,1208358,1000,500000,457596,1208109,458096,1208609,ZE2,http://data.ordnancesurvey.co.uk/id/postcodedistrict/ZE2,,,,,,,Shetland Islands,http://data.ordnancesurvey.co.uk/id/7000000000186620,http://data.ordnancesurvey.co.uk/ontology/admingeo/UnitaryAuthority,Scotland,http://data.ordnancesurvey.co.uk/id/7000000000041429,Scotland,http://data.ordnancesurvey.co.uk/id/country/scotland,,,
osgb4000000074755872,http://data.ordnancesurvey.co.uk/id/4000000074755872,Sluggins,,,,landform,Other Coastal Landform,456649,1206142,2000,50000,456400,1205942,456900,1206442,ZE2,http://data.ordnancesurvey.co.uk/id/postcodedistrict/ZE2,,,,,,,Shetland Islands,http://data.ordnancesurvey.co.uk/id/7000000000186620,http://data.ordnancesurvey.co.uk/ontology/admingeo/UnitaryAuthority,Scotland,http://data.ordnancesurvey.co.uk/id/7000000000041429,Scotland,http://data.ordnancesurvey.co.uk/id/country/scotland,,,
osgb4000000074758732,http://data.ordnancesurvey.co.uk/id/4000000074758732,Enie,,,,landform,Other Coastal Landform,449657,1205484,1000,50000,449385,1205234,449885,1205734,ZE2,http://data.ordnancesurvey.co.uk/id/postcodedistrict/ZE2,,,,,,,Shetland Islands,http://data.ordnancesurvey.co.uk/id/7000000000186620,http://data.ordnancesurvey.co.uk/ontology/admingeo/UnitaryAuthority,Scotland,http://data.ordnancesurvey.co.uk/id/7000000000041429,Scotland,http://data.ordnancesurvey.co.uk/id/country/scotland,,,
osgb4000000074759217,http://data.ordnancesurvey.co.uk/id/4000000074759217,The Icelander,,,,landform,Other Coastal Landform,455572,1204295,1000,50000,455323,1204046,455823,1204546,ZE2,http://data.ordnancesurvey.co.uk/id/postcodedistrict/ZE2,,,,,,,Shetland Islands,http://data.ordnancesurvey.co.uk/id/7000000000186620,http://data.ordnancesurvey.co.uk/ontology/admingeo/UnitaryAuthority,Scotland,http://data.ordnancesurvey.co.uk/id/7000000000041429,Scotland,http://data.ordnancesurvey.co.uk/id/country/scotland,,,
osgb4000000074587140,http://data.ordnancesurvey.co.uk/id/4000000074587140,Bilna Geo,,,,landform,Other Coastal Landform,457007,1207193,1000,15000,456756,1206944,457256,1207444,ZE2,http://data.ordnancesurvey.co.uk/id/postcodedistrict/ZE2,,,,,,,Shetland Islands,http://data.ordnancesurvey.co.uk/id/7000000000186620,http://data.ordnancesurvey.co.uk/ontology/admingeo/UnitaryAuthority,Scotland,http://data.ordnancesurvey.co.uk/id/7000000000041429,Scotland,http://data.ordnancesurvey.co.uk/id/country/scotland,,,
osgb4000000074587015,http://data.ordnancesurvey.co.uk/id/4000000074587015,Trippa Geo,,,,landform,Other Coastal Landform,451439,1205313,1000,15000,451189,1205064,451689,1205564,ZE2,http://data.ordnancesurvey.co.uk/id/postcodedistrict/ZE2,,,,,,,Shetland Islands,http://data.ordnancesurvey.co.uk/id/7000000000186620,http://data.ordnancesurvey.co.uk/ontology/admingeo/UnitaryAuthority,Scotland,http://data.ordnancesurvey.co.uk/id/7000000000041429,Scotland,http://data.ordnancesurvey.co.uk/id/country/scotland,,,
osgb4000000074750991,http://data.ordnancesurvey.co.uk/id/4000000074750991,Aastack Geo,,,,landform,Other Coastal Landform,447805,1204762,1000,15000,447555,1204465,448055,1204965,ZE2,http://data.ordnancesurvey.co.uk/id/postcodedistrict/ZE2,,,,,,,Shetland Islands,http://data.ordnancesurvey.co.uk/id/7000000000186620,http://data.ordnancesurvey.co.uk/ontology/admingeo/UnitaryAuthority,Scotland,http://data.ordnancesurvey.co.uk/id/7000000000041429,Scotland,http://data.ordnancesurvey.co.uk/id/country/scotland,,,
osgb4000000074586980,http://data.ordnancesurvey.co.uk/id/4000000074586980,Slug Geo,,,,landform,Other Coastal Landform,457539,1208837,1000,15000,457289,1208587,457789,1209087,ZE2,http://data.ordnancesurvey.co.uk/id/postcodedistrict/ZE2,,,,,,,Shetland Islands,http://data.ordnancesurvey.co.uk/id/7000000000186620,http://data.ordnancesurvey.co.uk/ontology/admingeo/UnitaryAuthority,Scotland,http://data.ordnancesurvey.co.uk/id/7000000000041429,Scotland,http://data.ordnancesurvey.co.uk/id/country/scotland,,,
osgb4000000074755874,http://data.ordnancesurvey.co.uk/id/4000000074755874,Fillacomb Point,,,,landform,Other Landform,453161,1205370,1000,15000,452912,1205117,453412,1205617,ZE2,http://data.ordnancesurvey.co.uk/id/postcodedistrict/ZE2,,,,,,,Shetland Islands,http://data.ordnancesurvey.co.uk/id/7000000000186620,http://data.ordnancesurvey.co.uk/ontology/admingeo/UnitaryAuthority,Scotland,http://data.ordnancesurvey.co.uk/id/7000000000041429,Scotland,http://data.ordnancesurvey.co.uk/id/country/scotland,,,
osgb4000000074587132,http://data.ordnancesurvey.co.uk/id/4000000074587132,Osmis Geo,,,,landform,Other Coastal Landform,457145,1204862,1000,15000,456892,1204612,457392,1205112,ZE2,http://data.ordnancesurvey.co.uk/id/postcodedistrict/ZE2,,,,,,,Shetland Islands,http://data.ordnancesurvey.co.uk/id/7000000000186620,http://data.ordnancesurvey.co.uk/ontology/admingeo/UnitaryAuthority,Scotland,http://data.ordnancesurvey.co.uk/id/7000000000041429,Scotland,http://data.ordnancesurvey.co.uk/id/country/scotland,,,
osgb4000000074593622,http://data.ordnancesurvey.co.uk/id/4000000074593622,Clay Geo,,,,landform,Other Coastal Landform,457461,1207694,1000,15000,457207,1207445,457707,1207945,ZE2,http://data.ordnancesurvey.co.uk/id/postcodedistrict/ZE2,,,,,,,Shetland Islands,http://data.ordnancesurvey.co.uk/id/7000000000186620,http://data.ordnancesurvey.co.uk/ontology/admingeo/UnitaryAuthority,Scotland,http://data.ordnancesurvey.co.uk/id/7000000000041429,Scotland,http://data.ordnancesurvey.co.uk/id/country/scotland,,,
osgb4000000074755198,http://data.ordnancesurvey.co.uk/id/4000000074755198,The Rents,,,,landform,Cliff Or Slope,458554,1214668,1000,40000,458292,1214418,458792,1214918,ZE2,http://data.ordnancesurvey.co.uk/id/postcodedistrict/ZE2,,,,,,,Shetland Islands,http://data.ordnancesurvey.co.uk/id/7000000000186620,http://data.ordnancesurvey.co.uk/ontology/admingeo/UnitaryAuthority,Scotland,http://data.ordnancesurvey.co.uk/id/7000000000041429,Scotland,http://data.ordnancesurvey.co.uk/id/country/scotland,,,
osgb4000000074755967,http://data.ordnancesurvey.co.uk/id/4000000074755967,Crussa Ness,,,,landform,Other Coastal Landform,454649,1203047,1000,15000,454445,1202797,454945,1203297,ZE2,http://data.ordnancesurvey.co.uk/id/postcodedistrict/ZE2,,,,,,,Shetland Islands,http://data.ordnancesurvey.co.uk/id/7000000000186620,http://data.ordnancesurvey.co.uk/ontology/admingeo/UnitaryAuthority,Scotland,http://data.ordnancesurvey.co.uk/id/7000000000041429,Scotland,http://data.ordnancesurvey.co.uk/id/country/scotland,,,
osgb4000000074586989,http://data.ordnancesurvey.co.uk/id/4000000074586989,Easterpunds Geo,,,,landform,Other Coastal Landform,450749,1205812,1000,15000,450499,1205560,450999,1206060,ZE2,http://data.ordnancesurvey.co.uk/id/postcodedistrict/ZE2,,,,,,,Shetland Islands,http://data.ordnancesurvey.co.uk/id/7000000000186620,http://data.ordnancesurvey.co.uk/ontology/admingeo/UnitaryAuthority,Scotland,http://data.ordnancesurvey.co.uk/id/7000000000041429,Scotland,http://data.ordnancesurvey.co.uk/id/country/scotland,,,
osgb4000000074755618,http://data.ordnancesurvey.co.uk/id/4000000074755618,Kame of Teistigeo,,,,landform,Cliff Or Slope,456268,1203104,1000,40000,456012,1202854,456512,1203354,ZE2,http://data.ordnancesurvey.co.uk/id/postcodedistrict/ZE2,,,,,,,Shetland Islands,http://data.ordnancesurvey.co.uk/id/7000000000186620,http://data.ordnancesurvey.co.uk/ontology/admingeo/UnitaryAuthority,Scotland,http://data.ordnancesurvey.co.uk/id/7000000000041429,Scotland,http://data.ordnancesurvey.co.uk/id/country/scotland,,,
osgb4000000074755524,http://data.ordnancesurvey.co.uk/id/4000000074755524,Point of Rudra,,,,landform,Other Coastal Landform,451096,1205618,1000,50000,450846,1205379,451346,1205879,ZE2,http://data.ordnancesurvey.co.uk/id/postcodedistrict/ZE2,,,,,,,Shetland Islands,http://data.ordnancesurvey.co.uk/id/7000000000186620,http://data.ordnancesurvey.co.uk/ontology/admingeo/UnitaryAuthority,Scotland,http://data.ordnancesurvey.co.uk/id/7000000000041429,Scotland,http://data.ordnancesurvey.co.uk/id/country/scotland,,,
osgb4000000074755680,http://data.ordnancesurvey.co.uk/id/4000000074755680,Dale of Houllnan,,,,landform,Other Coastal Landform,456820,1205575,2000,50000,456570,1205340,457070,1205840,ZE2,http://data.ordnancesurvey.co.uk/id/postcodedistrict/ZE2,,,,,,,Shetland Islands,http://data.ordnancesurvey.co.uk/id/7000000000186620,http://data.ordnancesurvey.co.uk/ontology/admingeo/UnitaryAuthority,Scotland,http://data.ordnancesurvey.co.uk/id/7000000000041429,Scotland,http://data.ordnancesurvey.co.uk/id/country/scotland,,,
osgb4000000074787264,http://data.ordnancesurvey.co.uk/id/4000000074787264,Outer Yea,,,,hydrography,Channel,452359,1205835,1000,100000,452129,1205586,452629,1206086,ZE2,http://data.ordnancesurvey.co.uk/id/postcodedistrict/ZE2,,,,,,,Shetland Islands,http://data.ordnancesurvey.co.uk/id/7000000000186620,http://data.ordnancesurvey.co.uk/ontology/admingeo/UnitaryAuthority,Scotland,http://data.ordnancesurvey.co.uk/id/7000000000041429,Scotland,http://data.ordnancesurvey.co.uk/id/country/scotland,,,
osgb4000000074758649,http://data.ordnancesurvey.co.uk/id/4000000074758649,Sivatsta,,,,landform,Cliff Or Slope,448893,1205478,2000,40000,448643,1205269,449143,1205769,ZE2,http://data.ordnancesurvey.co.uk/id/postcodedistrict/ZE2,,,,,,,Shetland Islands,http://data.ordnancesurvey.co.uk/id/7000000000186620,http://data.ordnancesurvey.co.uk/ontology/admingeo/UnitaryAuthority,Scotland,http://data.ordnancesurvey.co.uk/id/7000000000041429,Scotland,http://data.ordnancesurvey.co.uk/id/country/scotland,,,
osgb4000000074809587,http://data.ordnancesurvey.co.uk/id/4000000074809587,Loch of Brecksie,,,,hydrography,Inland Water,459384,1203137,2000,500000,459134,1202779,459634,1203279,ZE2,http://data.ordnancesurvey.co.uk/id/postcodedistrict/ZE2,,,,,,,Shetland Islands,http://data.ordnancesurvey.co.uk/id/7000000000186620,http://data.ordnancesurvey.co.uk/ontology/admingeo/UnitaryAuthority,Scotland,http://data.ordnancesurvey.co.uk/id/7000000000041429,Scotland,http://data.ordnancesurvey.co.uk/id/country/scotland,,,
osgb4000000074750990,http://data.ordnancesurvey.co.uk/id/4000000074750990,Burgi Geos,,,,landform,Other Coastal Landform,447766,1203378,1000,15000,447514,1203128,448014,1203628,ZE2,http://data.ordnancesurvey.co.uk/id/postcodedistrict/ZE2,,,,,,,Shetland Islands,http://data.ordnancesurvey.co.uk/id/7000000000186620,http://data.ordnancesurvey.co.uk/ontology/admingeo/UnitaryAuthority,Scotland,http://data.ordnancesurvey.co.uk/id/7000000000041429,Scotland,http://data.ordnancesurvey.co.uk/id/country/scotland,,,
osgb4000000074755732,http://data.ordnancesurvey.co.uk/id/4000000074755732,Point of Grimsetter,,,,landform,Coastal Headland,454841,1201127,3000,750000,454591,1200906,455091,1201406,ZE2,http://data.ordnancesurvey.co.uk/id/postcodedistrict/ZE2,,,,,,,Shetland Islands,http://data.ordnancesurvey.co.uk/id/7000000000186620,http://data.ordnancesurvey.co.uk/ontology/admingeo/UnitaryAuthority,Scotland,http://data.ordnancesurvey.co.uk/id/7000000000041429,Scotland,http://data.ordnancesurvey.co.uk/id/country/scotland,,,
osgb4000000074586993,http://data.ordnancesurvey.co.uk/id/4000000074586993,Otters Geo,,,,landform,Other Coastal Landform,455938,1203624,1000,15000,455684,1203374,456184,1203874,ZE2,http://data.ordnancesurvey.co.uk/id/postcodedistrict/ZE2,,,,,,,Shetland Islands,http://data.ordnancesurvey.co.uk/id/7000000000186620,http://data.ordnancesurvey.co.uk/ontology/admingeo/UnitaryAuthority,Scotland,http://data.ordnancesurvey.co.uk/id/7000000000041429,Scotland,http://data.ordnancesurvey.co.uk/id/country/scotland,,,
osgb4000000074755878,http://data.ordnancesurvey.co.uk/id/4000000074755878,Birrier Head,,,,landform,Coastal Headland,452929,1205489,1000,750000,452679,1205239,453179,1205739,ZE2,http://data.ordnancesurvey.co.uk/id/postcodedistrict/ZE2,,,,,,,Shetland Islands,http://data.ordnancesurvey.co.uk/id/7000000000186620,http://data.ordnancesurvey.co.uk/ontology/admingeo/UnitaryAuthority,Scotland,http://data.ordnancesurvey.co.uk/id/7000000000041429,Scotland,http://data.ordnancesurvey.co.uk/id/country/scotland,,,
osgb4000000074755871,http://data.ordnancesurvey.co.uk/id/4000000074755871,Hoga Ness,,,,landform,Coastal Headland,455923,1200578,3000,750000,455673,1200329,456173,1200829,ZE2,http://data.ordnancesurvey.co.uk/id/postcodedistrict/ZE2,,,,,,,Shetland Islands,http://data.ordnancesurvey.co.uk/id/7000000000186620,http://data.ordnancesurvey.co.uk/ontology/admingeo/UnitaryAuthority,Scotland,http://data.ordnancesurvey.co.uk/id/7000000000041429,Scotland,http://data.ordnancesurvey.co.uk/id/country/scotland,,,
osgb4000000074755619,http://data.ordnancesurvey.co.uk/id/4000000074755619,Inner Hamar,,,,landform,Other Coastal Landform,456598,1205195,1000,20000,456352,1204945,456852,1205445,ZE2,http://data.ordnancesurvey.co.uk/id/postcodedistrict/ZE2,,,,,,,Shetland Islands,http://data.ordnancesurvey.co.uk/id/7000000000186620,http://data.ordnancesurvey.co.uk/ontology/admingeo/UnitaryAuthority,Scotland,http://data.ordnancesurvey.co.uk/id/7000000000041429,Scotland,http://data.ordnancesurvey.co.uk/id/country/scotland,,,
osgb4000000074594255,http://data.ordnancesurvey.co.uk/id/4000000074594255,Greff,,,,landform,Cliff Or Slope,458396,1214241,3000,40000,458146,1213921,458646,1214421,ZE2,http://data.ordnancesurvey.co.uk/id/postcodedistrict/ZE2,,,,,,,Shetland Islands,http://data.ordnancesurvey.co.uk/id/7000000000186620,http://data.ordnancesurvey.co.uk/ontology/admingeo/UnitaryAuthority,Scotland,http://data.ordnancesurvey.co.uk/id/7000000000041429,Scotland,http://data.ordnancesurvey.co.uk/id/country/scotland,,,
osgb4000000074755964,http://data.ordnancesurvey.co.uk/id/4000000074755964,Doogers,,,,landform,Cliff Or Slope,455782,1201108,4000,40000,455532,1200665,456032,1201262,ZE2,http://data.ordnancesurvey.co.uk/id/postcodedistrict/ZE2,,,,,,,Shetland Islands,http://data.ordnancesurvey.co.uk/id/7000000000186620,http://data.ordnancesurvey.co.uk/ontology/admingeo/UnitaryAuthority,Scotland,http://data.ordnancesurvey.co.uk/id/7000000000041429,Scotland,http://data.ordnancesurvey.co.uk/id/country/scotland,,,
osgb4000000074818510,http://data.ordnancesurvey.co.uk/id/4000000074818510,Stonganess,,,,landform,Coastal Headland,454446,1202274,2000,750000,454304,1202025,454804,1202525,ZE2,http://data.ordnancesurvey.co.uk/id/postcodedistrict/ZE2,,,,,,,Shetland Islands,http://data.ordnancesurvey.co.uk/id/7000000000186620,http://data.ordnancesurvey.co.uk/ontology/admingeo/UnitaryAuthority,Scotland,http://data.ordnancesurvey.co.uk/id/7000000000041429,Scotland,http://data.ordnancesurvey.co.uk/id/country/scotland,,,
osgb4000000074809169,http://data.ordnancesurvey.co.uk/id/4000000074809169,Easter Loch,,,,hydrography,Inland Water,459821,1201360,3000,500000,459570,1201110,460070,1201610,ZE2,http://data.ordnancesurvey.co.uk/id/postcodedistrict/ZE2,,,,,,,Shetland Islands,http://data.ordnancesurvey.co.uk/id/7000000000186620,http://data.ordnancesurvey.co.uk/ontology/admingeo/UnitaryAuthority,Scotland,http://data.ordnancesurvey.co.uk/id/7000000000041429,Scotland,http://data.ordnancesurvey.co.uk/id/country/scotland,,,
osgb4000000074804948,http://data.ordnancesurvey.co.uk/id/4000000074804948,Loch of Snarravoe,,,,hydrography,Inland Water,456992,1201588,5000,500000,456650,1201251,457333,1202095,ZE2,http://data.ordnancesurvey.co.uk/id/postcodedistrict/ZE2,,,,,,,Shetland Islands,http://data.ordnancesurvey.co.uk/id/7000000000186620,http://data.ordnancesurvey.co.uk/ontology/admingeo/UnitaryAuthority,Scotland,http://data.ordnancesurvey.co.uk/id/7000000000041429,Scotland,http://data.ordnancesurvey.co.uk/id/country/scotland,,,
osgb4000000074621267,http://data.ordnancesurvey.co.uk/id/4000000074621267,Valla Field,,,,landform,Hill Or Mountain,458467,1207868,1000,300000,458217,1207618,458717,1208118,ZE2,http://data.ordnancesurvey.co.uk/id/postcodedistrict/ZE2,,,,,,,Shetland Islands,http://data.ordnancesurvey.co.uk/id/7000000000186620,http://data.ordnancesurvey.co.uk/ontology/admingeo/UnitaryAuthority,Scotland,http://data.ordnancesurvey.co.uk/id/7000000000041429,Scotland,http://data.ordnancesurvey.co.uk/id/country/scotland,,,
osgb4000000074615711,http://data.ordnancesurvey.co.uk/id/4000000074615711,Libbers Hill,,,,landform,Hill Or Mountain,458644,1213835,1000,300000,458394,1213585,458894,1214085,ZE2,http://data.ordnancesurvey.co.uk/id/postcodedistrict/ZE2,,,,,,,Shetland Islands,http://data.ordnancesurvey.co.uk/id/7000000000186620,http://data.ordnancesurvey.co.uk/ontology/admingeo/UnitaryAuthority,Scotland,http://data.ordnancesurvey.co.uk/id/7000000000041429,Scotland,http://data.ordnancesurvey.co.uk/id/country/scotland,,,
osgb4000000074719767,http://data.ordnancesurvey.co.uk/id/4000000074719767,Ayre of Tonga,,,,landcover,Beach,458564,1214629,1000,100000,458314,1214371,458814,1214871,ZE2,http://data.ordnancesurvey.co.uk/id/postcodedistrict/ZE2,,,,,,,Shetland Islands,http://data.ordnancesurvey.co.uk/id/7000000000186620,http://data.ordnancesurvey.co.uk/ontology/admingeo/UnitaryAuthority,Scotland,http://data.ordnancesurvey.co.uk/id/7000000000041429,Scotland,http://data.ordnancesurvey.co.uk/id/country/scotland,,,
osgb4000000074621664,http://data.ordnancesurvey.co.uk/id/4000000074621664,Houllna Gruna,,,,landform,Hill Or Mountain,459024,1211233,1000,300000,458774,1210983,459274,1211483,ZE2,http://data.ordnancesurvey.co.uk/id/postcodedistrict/ZE2,,,,,,,Shetland Islands,http://data.ordnancesurvey.co.uk/id/7000000000186620,http://data.ordnancesurvey.co.uk/ontology/admingeo/UnitaryAuthority,Scotland,http://data.ordnancesurvey.co.uk/id/7000000000041429,Scotland,http://data.ordnancesurvey.co.uk/id/country/scotland,,,
osgb4000000074804947,http://data.ordnancesurvey.co.uk/id/4000000074804947,Loch of Stourhoull,,,,hydrography,Inland Water,457872,1202772,3000,500000,457612,1202522,458120,1203022,ZE2,http://data.ordnancesurvey.co.uk/id/postcodedistrict/ZE2,,,,,,,Shetland Islands,http://data.ordnancesurvey.co.uk/id/7000000000186620,http://data.ordnancesurvey.co.uk/ontology/admingeo/UnitaryAuthority,Scotland,http://data.ordnancesurvey.co.uk/id/7000000000041429,Scotland,http://data.ordnancesurvey.co.uk/id/country/scotland,,,
osgb4000000074755924,http://data.ordnancesurvey.co.uk/id/4000000074755924,Sands of Breckon,,,,landcover,Beach,452755,1205185,2000,100000,452505,1204947,453005,1205447,ZE2,http://data.ordnancesurvey.co.uk/id/postcodedistrict/ZE2,,,,,,,Shetland Islands,http://data.ordnancesurvey.co.uk/id/7000000000186620,http://data.ordnancesurvey.co.uk/ontology/admingeo/UnitaryAuthority,Scotland,http://data.ordnancesurvey.co.uk/id/7000000000041429,Scotland,http://data.ordnancesurvey.co.uk/id/country/scotland,,,
osgb4000000074755316,http://data.ordnancesurvey.co.uk/id/4000000074755316,North Neaps,,,,landform,Cliff Or Slope,450129,1205063,1000,40000,449828,1204813,450328,1205313,ZE2,http://data.ordnancesurvey.co.uk/id/postcodedistrict/ZE2,,,,,,,Shetland Islands,http://data.ordnancesurvey.co.uk/id/7000000000186620,http://data.ordnancesurvey.co.uk/ontology/admingeo/UnitaryAuthority,Scotland,http://data.ordnancesurvey.co.uk/id/7000000000041429,Scotland,http://data.ordnancesurvey.co.uk/id/country/scotland,,,
osgb4000000074755734,http://data.ordnancesurvey.co.uk/id/4000000074755734,Longa Taing,,,,landform,Other Coastal Landform,457448,1207820,1000,50000,457198,1207552,457698,1208052,ZE2,http://data.ordnancesurvey.co.uk/id/postcodedistrict/ZE2,,,,,,,Shetland Islands,http://data.ordnancesurvey.co.uk/id/7000000000186620,http://data.ordnancesurvey.co.uk/ontology/admingeo/UnitaryAuthority,Scotland,http://data.ordnancesurvey.co.uk/id/7000000000041429,Scotland,http://data.ordnancesurvey.co.uk/id/country/scotland,,,
osgb4000000074724466,http://data.ordnancesurvey.co.uk/id/4000000074724466,Harpa Dale,,,,landform,Valley,452520,1204526,3000,800000,452270,1204318,452770,1204818,ZE2,http://data.ordnancesurvey.co.uk/id/postcodedistrict/ZE2,,,,,,,Shetland Islands,http://data.ordnancesurvey.co.uk/id/7000000000186620,http://data.ordnancesurvey.co.uk/ontology/admingeo/UnitaryAuthority,Scotland,http://data.ordnancesurvey.co.uk/id/7000000000041429,Scotland,http://data.ordnancesurvey.co.uk/id/country/scotland,,,
osgb4000000074755917,http://data.ordnancesurvey.co.uk/id/4000000074755917,Vinstrick Ness,,,,landform,Coastal Headland,457172,1204188,1000,750000,456922,1203940,457422,1204440,ZE2,http://data.ordnancesurvey.co.uk/id/postcodedistrict/ZE2,,,,,,,Shetland Islands,http://data.ordnancesurvey.co.uk/id/7000000000186620,http://data.ordnancesurvey.co.uk/ontology/admingeo/UnitaryAuthority,Scotland,http://data.ordnancesurvey.co.uk/id/7000000000041429,Scotland,http://data.ordnancesurvey.co.uk/id/country/scotland,,,
osgb4000000074611623,http://data.ordnancesurvey.co.uk/id/4000000074611623,Whilkie Stack,,,,landform,Other Coastal Landform,448334,1206125,1000,50000,448083,1205876,448583,1206376,ZE2,http://data.ordnancesurvey.co.uk/id/postcodedistrict/ZE2,,,,,,,Shetland Islands,http://data.ordnancesurvey.co.uk/id/7000000000186620,http://data.ordnancesurvey.co.uk/ontology/admingeo/UnitaryAuthority,Scotland,http://data.ordnancesurvey.co.uk/id/7000000000041429,Scotland,http://data.ordnancesurvey.co.uk/id/country/scotland,,,
osgb4000000074755781,http://data.ordnancesurvey.co.uk/id/4000000074755781,Blue Mull,,,,landform,Coastal Headland,455712,1204519,2000,750000,455462,1204274,455962,1204774,ZE2,http://data.ordnancesurvey.co.uk/id/postcodedistrict/ZE2,,,,,,,Shetland Islands,http://data.ordnancesurvey.co.uk/id/7000000000186620,http://data.ordnancesurvey.co.uk/ontology/admingeo/UnitaryAuthority,Scotland,http://data.ordnancesurvey.co.uk/id/7000000000041429,Scotland,http://data.ordnancesurvey.co.uk/id/country/scotland,,,
osgb4000000074755226,http://data.ordnancesurvey.co.uk/id/4000000074755226,Tonga Lees,,,,landform,Cliff Or Slope,458378,1214725,3000,40000,458014,1214475,458514,1214975,ZE2,http://data.ordnancesurvey.co.uk/id/postcodedistrict/ZE2,,,,,,,Shetland Islands,http://data.ordnancesurvey.co.uk/id/7000000000186620,http://data.ordnancesurvey.co.uk/ontology/admingeo/UnitaryAuthority,Scotland,http://data.ordnancesurvey.co.uk/id/7000000000041429,Scotland,http://data.ordnancesurvey.co.uk/id/country/scotland,,,
osgb4000000074755521,http://data.ordnancesurvey.co.uk/id/4000000074755521,Kirn of Mostracks,,,,landform,Other Coastal Landform,455932,1201388,1000,50000,455682,1201114,456182,1201614,ZE2,http://data.ordnancesurvey.co.uk/id/postcodedistrict/ZE2,,,,,,,Shetland Islands,http://data.ordnancesurvey.co.uk/id/7000000000186620,http://data.ordnancesurvey.co.uk/ontology/admingeo/UnitaryAuthority,Scotland,http://data.ordnancesurvey.co.uk/id/7000000000041429,Scotland,http://data.ordnancesurvey.co.uk/id/country/scotland,,,
osgb4000000074755318,http://data.ordnancesurvey.co.uk/id/4000000074755318,Long Geo of Kirkaby,,,,landform,Other Coastal Landform,456573,1206478,1000,15000,456325,1206228,456825,1206728,ZE2,http://data.ordnancesurvey.co.uk/id/postcodedistrict/ZE2,,,,,,,Shetland Islands,http://data.ordnancesurvey.co.uk/id/7000000000186620,http://data.ordnancesurvey.co.uk/ontology/admingeo/UnitaryAuthority,Scotland,http://data.ordnancesurvey.co.uk/id/7000000000041429,Scotland,http://data.ordnancesurvey.co.uk/id/country/scotland,,,
osgb4000000074613570,http://data.ordnancesurvey.co.uk/id/4000000074613570,Croga Stack,,,,landform,Other Coastal Landform,448011,1204362,1000,50000,447762,1204112,448262,1204612,ZE2,http://data.ordnancesurvey.co.uk/id/postcodedistrict/ZE2,,,,,,,Shetland Islands,http://data.ordnancesurvey.co.uk/id/7000000000186620,http://data.ordnancesurvey.co.uk/ontology/admingeo/UnitaryAuthority,Scotland,http://data.ordnancesurvey.co.uk/id/7000000000041429,Scotland,http://data.ordnancesurvey.co.uk/id/country/scotland,,,
osgb4000000074755228,http://data.ordnancesurvey.co.uk/id/4000000074755228,Bluescudda Kame,,,,landform,Cliff Or Slope,459262,1215451,1000,40000,459012,1215217,459512,1215717,ZE2,http://data.ordnancesurvey.co.uk/id/postcodedistrict/ZE2,,,,,,,Shetland Islands,http://data.ordnancesurvey.co.uk/id/7000000000186620,http://data.ordnancesurvey.co.uk/ontology/admingeo/UnitaryAuthority,Scotland,http://data.ordnancesurvey.co.uk/id/7000000000041429,Scotland,http://data.ordnancesurvey.co.uk/id/country/scotland,,,
osgb4000000074805823,http://data.ordnancesurvey.co.uk/id/4000000074805823,Kirk Loch,,,,hydrography,Inland Water,453334,1204855,2000,500000,453084,1204611,453584,1205111,ZE2,http://data.ordnancesurvey.co.uk/id/postcodedistrict/ZE2,,,,,,,Shetland Islands,http://data.ordnancesurvey.co.uk/id/7000000000186620,http://data.ordnancesurvey.co.uk/ontology/admingeo/UnitaryAuthority,Scotland,http://data.ordnancesurvey.co.uk/id/7000000000041429,Scotland,http://data.ordnancesurvey.co.uk/id/country/scotland,,,
osgb4000000074587143,http://data.ordnancesurvey.co.uk/id/4000000074587143,Oli Geo,,,,landform,Other Coastal Landform,455295,1202432,1000,15000,455048,1202183,455548,1202683,ZE2,http://data.ordnancesurvey.co.uk/id/postcodedistrict/ZE2,,,,,,,Shetland Islands,http://data.ordnancesurvey.co.uk/id/7000000000186620,http://data.ordnancesurvey.co.uk/ontology/admingeo/UnitaryAuthority,Scotland,http://data.ordnancesurvey.co.uk/id/7000000000041429,Scotland,http://data.ordnancesurvey.co.uk/id/country/scotland,,,
osgb4000000074587141,http://data.ordnancesurvey.co.uk/id/4000000074587141,Hollans Geo,,,,landform,Other Coastal Landform,452167,1205977,1000,15000,451917,1205727,452417,1206227,ZE2,http://data.ordnancesurvey.co.uk/id/postcodedistrict/ZE2,,,,,,,Shetland Islands,http://data.ordnancesurvey.co.uk/id/7000000000186620,http://data.ordnancesurvey.co.uk/ontology/admingeo/UnitaryAuthority,Scotland,http://data.ordnancesurvey.co.uk/id/7000000000041429,Scotland,http://data.ordnancesurvey.co.uk/id/country/scotland,,,
osgb4000000074725009,http://data.ordnancesurvey.co.uk/id/4000000074725009,Hamars Dale,,,,landform,Valley,458636,1213079,2000,800000,458412,1212829,458912,1213329,ZE2,http://data.ordnancesurvey.co.uk/id/postcodedistrict/ZE2,,,,,,,Shetland Islands,http://data.ordnancesurvey.co.uk/id/7000000000186620,http://data.ordnancesurvey.co.uk/ontology/admingeo/UnitaryAuthority,Scotland,http://data.ordnancesurvey.co.uk/id/7000000000041429,Scotland,http://data.ordnancesurvey.co.uk/id/country/scotland,,,
osgb4000000074755231,http://data.ordnancesurvey.co.uk/id/4000000074755231,Neap,,,,landform,Cliff Or Slope,459521,1216098,3000,40000,459271,1215816,459771,1216316,ZE2,http://data.ordnancesurvey.co.uk/id/postcodedistrict/ZE2,,,,,,,Shetland Islands,http://data.ordnancesurvey.co.uk/id/7000000000186620,http://data.ordnancesurvey.co.uk/ontology/admingeo/UnitaryAuthority,Scotland,http://data.ordnancesurvey.co.uk/id/7000000000041429,Scotland,http://data.ordnancesurvey.co.uk/id/country/scotland,,,
osgb4000000074773813,http://data.ordnancesurvey.co.uk/id/4000000074773813,Hill of Brimness,,,,landform,Hill Or Mountain,451555,1205049,1000,300000,451305,1204799,451805,1205299,ZE2,http://data.ordnancesurvey.co.uk/id/postcodedistrict/ZE2,,,,,,,Shetland Islands,http://data.ordnancesurvey.co.uk/id/7000000000186620,http://data.ordnancesurvey.co.uk/ontology/admingeo/UnitaryAuthority,Scotland,http://data.ordnancesurvey.co.uk/id/7000000000041429,Scotland,http://data.ordnancesurvey.co.uk/id/country/scotland,,,
osgb4000000074759587,http://data.ordnancesurvey.co.uk/id/4000000074759587,Rivvalee,,,,landform,Cliff Or Slope,448570,1205525,2000,40000,448375,1205275,448875,1205775,ZE2,http://data.ordnancesurvey.co.uk/id/postcodedistrict/ZE2,,,,,,,Shetland Islands,http://data.ordnancesurvey.co.uk/id/7000000000186620,http://data.ordnancesurvey.co.uk/ontology/admingeo/UnitaryAuthority,Scotland,http://data.ordnancesurvey.co.uk/id/7000000000041429,Scotland,http://data.ordnancesurvey.co.uk/id/country/scotland,,,
osgb4000000074613569,http://data.ordnancesurvey.co.uk/id/4000000074613569,Markamouth,,,,landform,Other Coastal Landform,447453,1201667,1000,50000,447204,1201423,447704,1201923,ZE2,http://data.ordnancesurvey.co.uk/id/postcodedistrict/ZE2,,,,,,,Shetland Islands,http://data.ordnancesurvey.co.uk/id/7000000000186620,http://data.ordnancesurvey.co.uk/ontology/admingeo/UnitaryAuthority,Scotland,http://data.ordnancesurvey.co.uk/id/7000000000041429,Scotland,http://data.ordnancesurvey.co.uk/id/country/scotland,,,
osgb4000000074805388,http://data.ordnancesurvey.co.uk/id/4000000074805388,Muskra Loch,,,,hydrography,Inland Water,452389,1202139,2000,500000,452139,1201927,452639,1202427,ZE2,http://data.ordnancesurvey.co.uk/id/postcodedistrict/ZE2,,,,,,,Shetland Islands,http://data.ordnancesurvey.co.uk/id/7000000000186620,http://data.ordnancesurvey.co.uk/ontology/admingeo/UnitaryAuthority,Scotland,http://data.ordnancesurvey.co.uk/id/7000000000041429,Scotland,http://data.ordnancesurvey.co.uk/id/country/scotland,,,
osgb4000000074787801,http://data.ordnancesurvey.co.uk/id/4000000074787801,Da Flecks,,,,hydrography,Bay,459627,1201088,4000,150000,459288,1200842,459927,1201342,ZE2,http://data.ordnancesurvey.co.uk/id/postcodedistrict/ZE2,,,,,,,Shetland Islands,http://data.ordnancesurvey.co.uk/id/7000000000186620,http://data.ordnancesurvey.co.uk/ontology/admingeo/UnitaryAuthority,Scotland,http://data.ordnancesurvey.co.uk/id/7000000000041429,Scotland,http://data.ordnancesurvey.co.uk/id/country/scotland,,,
osgb4000000074755617,http://data.ordnancesurvey.co.uk/id/4000000074755617,Boat of Breigeo,,,,landform,Other Coastal Landform,456260,1202688,1000,15000,456010,1202437,456510,1202937,ZE2,http://data.ordnancesurvey.co.uk/id/postcodedistrict/ZE2,,,,,,,Shetland Islands,http://data.ordnancesurvey.co.uk/id/7000000000186620,http://data.ordnancesurvey.co.uk/ontology/admingeo/UnitaryAuthority,Scotland,http://data.ordnancesurvey.co.uk/id/7000000000041429,Scotland,http://data.ordnancesurvey.co.uk/id/country/scotland,,,
osgb4000000074611502,http://data.ordnancesurvey.co.uk/id/4000000074611502,Holm of Brough,,,,landform,Other Coastal Landform,454089,1204898,1000,50000,453840,1204650,454340,1205150,ZE2,http://data.ordnancesurvey.co.uk/id/postcodedistrict/ZE2,,,,,,,Shetland Islands,http://data.ordnancesurvey.co.uk/id/7000000000186620,http://data.ordnancesurvey.co.uk/ontology/admingeo/UnitaryAuthority,Scotland,http://data.ordnancesurvey.co.uk/id/7000000000041429,Scotland,http://data.ordnancesurvey.co.uk/id/country/scotland,,,
osgb4000000074805824,http://data.ordnancesurvey.co.uk/id/4000000074805824,Gloup Lochs,,,,hydrography,Inland Water,451370,1203571,1000,40000,451121,1203332,451621,1203832,ZE2,http://data.ordnancesurvey.co.uk/id/postcodedistrict/ZE2,,,,,,,Shetland Islands,http://data.ordnancesurvey.co.uk/id/7000000000186620,http://data.ordnancesurvey.co.uk/ontology/admingeo/UnitaryAuthority,Scotland,http://data.ordnancesurvey.co.uk/id/7000000000041429,Scotland,http://data.ordnancesurvey.co.uk/id/country/scotland,,,
osgb4000000074586999,http://data.ordnancesurvey.co.uk/id/4000000074586999,Hamargerdie Geo,,,,landform,Other Coastal Landform,457406,1212171,1000,15000,457162,1211921,457662,1212421,ZE2,http://data.ordnancesurvey.co.uk/id/postcodedistrict/ZE2,,,,,,,Shetland Islands,http://data.ordnancesurvey.co.uk/id/7000000000186620,http://data.ordnancesurvey.co.uk/ontology/admingeo/UnitaryAuthority,Scotland,http://data.ordnancesurvey.co.uk/id/7000000000041429,Scotland,http://data.ordnancesurvey.co.uk/id/country/scotland,,,
osgb4000000074594864,http://data.ordnancesurvey.co.uk/id/4000000074594864,Longa Geo,,,,landform,Other Coastal Landform,457655,1208751,1000,15000,457404,1208501,457904,1209001,ZE2,http://data.ordnancesurvey.co.uk/id/postcodedistrict/ZE2,,,,,,,Shetland Islands,http://data.ordnancesurvey.co.uk/id/7000000000186620,http://data.ordnancesurvey.co.uk/ontology/admingeo/UnitaryAuthority,Scotland,http://data.ordnancesurvey.co.uk/id/7000000000041429,Scotland,http://data.ordnancesurvey.co.uk/id/country/scotland,,,
osgb4000000074587020,http://data.ordnancesurvey.co.uk/id/4000000074587020,Silva Geo,,,,landform,Other Coastal Landform,457526,1207455,1000,15000,457264,1207205,457764,1207705,ZE2,http://data.ordnancesurvey.co.uk/id/postcodedistrict/ZE2,,,,,,,Shetland Islands,http://data.ordnancesurvey.co.uk/id/7000000000186620,http://data.ordnancesurvey.co.uk/ontology/admingeo/UnitaryAuthority,Scotland,http://data.ordnancesurvey.co.uk/id/7000000000041429,Scotland,http://data.ordnancesurvey.co.uk/id/country/scotland,,,
osgb4000000074759314,http://data.ordnancesurvey.co.uk/id/4000000074759314,Gloup Ness,,,,landform,Coastal Headland,450648,1205598,4000,750000,450408,1205293,450908,1205902,ZE2,http://data.ordnancesurvey.co.uk/id/postcodedistrict/ZE2,,,,,,,Shetland Islands,http://data.ordnancesurvey.co.uk/id/7000000000186620,http://data.ordnancesurvey.co.uk/ontology/admingeo/UnitaryAuthority,Scotland,http://data.ordnancesurvey.co.uk/id/7000000000041429,Scotland,http://data.ordnancesurvey.co.uk/id/country/scotland,,,
osgb4000000074755227,http://data.ordnancesurvey.co.uk/id/4000000074755227,Mio Tong,,,,landform,Cliff Or Slope,457886,1214850,1000,40000,457687,1214600,458187,1215100,ZE2,http://data.ordnancesurvey.co.uk/id/postcodedistrict/ZE2,,,,,,,Shetland Islands,http://data.ordnancesurvey.co.uk/id/7000000000186620,http://data.ordnancesurvey.co.uk/ontology/admingeo/UnitaryAuthority,Scotland,http://data.ordnancesurvey.co.uk/id/7000000000041429,Scotland,http://data.ordnancesurvey.co.uk/id/country/scotland,,,
osgb4000000074609165,http://data.ordnancesurvey.co.uk/id/4000000074609165,Eyegittle Stack,,,,landform,Other Coastal Landform,450470,1205305,1000,50000,450223,1205056,450723,1205556,ZE2,http://data.ordnancesurvey.co.uk/id/postcodedistrict/ZE2,,,,,,,Shetland Islands,http://data.ordnancesurvey.co.uk/id/7000000000186620,http://data.ordnancesurvey.co.uk/ontology/admingeo/UnitaryAuthority,Scotland,http://data.ordnancesurvey.co.uk/id/7000000000041429,Scotland,http://data.ordnancesurvey.co.uk/id/country/scotland,,,
osgb4000000074724580,http://data.ordnancesurvey.co.uk/id/4000000074724580,South Surida Dale,,,,landform,Valley,458205,1210415,2000,800000,457955,1210106,458455,1210606,ZE2,http://data.ordnancesurvey.co.uk/id/postcodedistrict/ZE2,,,,,,,Shetland Islands,http://data.ordnancesurvey.co.uk/id/7000000000186620,http://data.ordnancesurvey.co.uk/ontology/admingeo/UnitaryAuthority,Scotland,http://data.ordnancesurvey.co.uk/id/7000000000041429,Scotland,http://data.ordnancesurvey.co.uk/id/country/scotland,,,
osgb4000000074586975,http://data.ordnancesurvey.co.uk/id/4000000074586975,Soorie Geo,,,,landform,Other Coastal Landform,459518,1215970,1000,15000,459264,1215720,459764,1216220,ZE2,http://data.ordnancesurvey.co.uk/id/postcodedistrict/ZE2,,,,,,,Shetland Islands,http://data.ordnancesurvey.co.uk/id/7000000000186620,http://data.ordnancesurvey.co.uk/ontology/admingeo/UnitaryAuthority,Scotland,http://data.ordnancesurvey.co.uk/id/7000000000041429,Scotland,http://data.ordnancesurvey.co.uk/id/country/scotland,,,
osgb4000000074610796,http://data.ordnancesurvey.co.uk/id/4000000074610796,Flodda Stack,,,,landform,Other Coastal Landform,459921,1217519,1000,50000,459672,1217260,460172,1217760,ZE2,http://data.ordnancesurvey.co.uk/id/postcodedistrict/ZE2,,,,,,,Shetland Islands,http://data.ordnancesurvey.co.uk/id/7000000000186620,http://data.ordnancesurvey.co.uk/ontology/admingeo/UnitaryAuthority,Scotland,http://data.ordnancesurvey.co.uk/id/7000000000041429,Scotland,http://data.ordnancesurvey.co.uk/id/country/scotland,,,
osgb4000000074720224,http://data.ordnancesurvey.co.uk/id/4000000074720224,Ayre of Uyeasound,,,,landcover,Beach,459428,1201246,3000,100000,459325,1200996,459825,1201496,ZE2,http://data.ordnancesurvey.co.uk/id/postcodedistrict/ZE2,,,,,,,Shetland Islands,http://data.ordnancesurvey.co.uk/id/7000000000186620,http://data.ordnancesurvey.co.uk/ontology/admingeo/UnitaryAuthority,Scotland,http://data.ordnancesurvey.co.uk/id/7000000000041429,Scotland,http://data.ordnancesurvey.co.uk/id/country/scotland,,,
osgb4000000074755733,http://data.ordnancesurvey.co.uk/id/4000000074755733,Geo of the Gruad,,,,landform,Other Coastal Landform,455594,1204423,1000,15000,455336,1204173,455836,1204673,ZE2,http://data.ordnancesurvey.co.uk/id/postcodedistrict/ZE2,,,,,,,Shetland Islands,http://data.ordnancesurvey.co.uk/id/7000000000186620,http://data.ordnancesurvey.co.uk/ontology/admingeo/UnitaryAuthority,Scotland,http://data.ordnancesurvey.co.uk/id/7000000000041429,Scotland,http://data.ordnancesurvey.co.uk/id/country/scotland,,,
osgb4000000074723308,http://data.ordnancesurvey.co.uk/id/4000000074723308,Laeka Dale,,,,landform,Valley,450003,1204011,5000,800000,449753,1203687,450253,1204505,ZE2,http://data.ordnancesurvey.co.uk/id/postcodedistrict/ZE2,,,,,,,Shetland Islands,http://data.ordnancesurvey.co.uk/id/7000000000186620,http://data.ordnancesurvey.co.uk/ontology/admingeo/UnitaryAuthority,Scotland,http://data.ordnancesurvey.co.uk/id/7000000000041429,Scotland,http://data.ordnancesurvey.co.uk/id/country/scotland,,,
osgb4000000074755520,http://data.ordnancesurvey.co.uk/id/4000000074755520,Stream Taing,,,,landform,Other Coastal Landform,455853,1201276,1000,50000,455603,1201027,456103,1201527,ZE2,http://data.ordnancesurvey.co.uk/id/postcodedistrict/ZE2,,,,,,,Shetland Islands,http://data.ordnancesurvey.co.uk/id/7000000000186620,http://data.ordnancesurvey.co.uk/ontology/admingeo/UnitaryAuthority,Scotland,http://data.ordnancesurvey.co.uk/id/7000000000041429,Scotland,http://data.ordnancesurvey.co.uk/id/country/scotland,,,
osgb4000000074586812,http://data.ordnancesurvey.co.uk/id/4000000074586812,Dilda Geo,,,,landform,Other Coastal Landform,453308,1205103,1000,15000,453059,1204847,453559,1205347,ZE2,http://data.ordnancesurvey.co.uk/id/postcodedistrict/ZE2,,,,,,,Shetland Islands,http://data.ordnancesurvey.co.uk/id/7000000000186620,http://data.ordnancesurvey.co.uk/ontology/admingeo/UnitaryAuthority,Scotland,http://data.ordnancesurvey.co.uk/id/7000000000041429,Scotland,http://data.ordnancesurvey.co.uk/id/country/scotland,,,
osgb4000000074819543,http://data.ordnancesurvey.co.uk/id/4000000074819543,Sand Geo,,,,landform,Other Coastal Landform,450033,1204873,1000,15000,449780,1204623,450280,1205123,ZE2,http://data.ordnancesurvey.co.uk/id/postcodedistrict/ZE2,,,,,,,Shetland Islands,http://data.ordnancesurvey.co.uk/id/7000000000186620,http://data.ordnancesurvey.co.uk/ontology/admingeo/UnitaryAuthority,Scotland,http://data.ordnancesurvey.co.uk/id/7000000000041429,Scotland,http://data.ordnancesurvey.co.uk/id/country/scotland,,,
osgb4000000074587017,http://data.ordnancesurvey.co.uk/id/4000000074587017,Stoura Geo,,,,landform,Other Coastal Landform,451535,1205300,1000,15000,451276,1205050,451776,1205550,ZE2,http://data.ordnancesurvey.co.uk/id/postcodedistrict/ZE2,,,,,,,Shetland Islands,http://data.ordnancesurvey.co.uk/id/7000000000186620,http://data.ordnancesurvey.co.uk/ontology/admingeo/UnitaryAuthority,Scotland,http://data.ordnancesurvey.co.uk/id/7000000000041429,Scotland,http://data.ordnancesurvey.co.uk/id/country/scotland,,,
osgb4000000074587021,http://data.ordnancesurvey.co.uk/id/4000000074587021,Silver Geo,,,,landform,Other Coastal Landform,452805,1205596,1000,15000,452555,1205347,453055,1205847,ZE2,http://data.ordnancesurvey.co.uk/id/postcodedistrict/ZE2,,,,,,,Shetland Islands,http://data.ordnancesurvey.co.uk/id/7000000000186620,http://data.ordnancesurvey.co.uk/ontology/admingeo/UnitaryAuthority,Scotland,http://data.ordnancesurvey.co.uk/id/7000000000041429,Scotland,http://data.ordnancesurvey.co.uk/id/country/scotland,,,
osgb4000000074755575,http://data.ordnancesurvey.co.uk/id/4000000074755575,Point of Whack,,,,landform,Other Coastal Landform,450809,1205742,1000,50000,450559,1205499,451059,1205999,ZE2,http://data.ordnancesurvey.co.uk/id/postcodedistrict/ZE2,,,,,,,Shetland Islands,http://data.ordnancesurvey.co.uk/id/7000000000186620,http://data.ordnancesurvey.co.uk/ontology/admingeo/UnitaryAuthority,Scotland,http://data.ordnancesurvey.co.uk/id/7000000000041429,Scotland,http://data.ordnancesurvey.co.uk/id/country/scotland,,,
osgb4000000074755572,http://data.ordnancesurvey.co.uk/id/4000000074755572,Mid Point,,,,landform,Other Landform,456313,1201840,1000,15000,456065,1201591,456565,1202091,ZE2,http://data.ordnancesurvey.co.uk/id/postcodedistrict/ZE2,,,,,,,Shetland Islands,http://data.ordnancesurvey.co.uk/id/7000000000186620,http://data.ordnancesurvey.co.uk/ontology/admingeo/UnitaryAuthority,Scotland,http://data.ordnancesurvey.co.uk/id/7000000000041429,Scotland,http://data.ordnancesurvey.co.uk/id/country/scotland,,,
osgb4000000074755686,http://data.ordnancesurvey.co.uk/id/4000000074755686,Barbers Tongue,,,,landform,Other Coastal Landform,457385,1207580,1000,50000,457136,1207331,457636,1207831,ZE2,http://data.ordnancesurvey.co.uk/id/postcodedistrict/ZE2,,,,,,,Shetland Islands,http://data.ordnancesurvey.co.uk/id/7000000000186620,http://data.ordnancesurvey.co.uk/ontology/admingeo/UnitaryAuthority,Scotland,http://data.ordnancesurvey.co.uk/id/7000000000041429,Scotland,http://data.ordnancesurvey.co.uk/id/country/scotland,,,
osgb4000000074773893,http://data.ordnancesurvey.co.uk/id/4000000074773893,Hill of Markamouth,,,,landform,Hill Or Mountain,448245,1202194,1000,300000,447995,1201944,448495,1202444,ZE2,http://data.ordnancesurvey.co.uk/id/postcodedistrict/ZE2,,,,,,,Shetland Islands,http://data.ordnancesurvey.co.uk/id/7000000000186620,http://data.ordnancesurvey.co.uk/ontology/admingeo/UnitaryAuthority,Scotland,http://data.ordnancesurvey.co.uk/id/7000000000041429,Scotland,http://data.ordnancesurvey.co.uk/id/country/scotland,,,
osgb4000000074817178,http://data.ordnancesurvey.co.uk/id/4000000074817178,Longa Water,,,,hydrography,Inland Water,458612,1206963,2000,500000,458363,1206712,458863,1207212,ZE2,http://data.ordnancesurvey.co.uk/id/postcodedistrict/ZE2,,,,,,,Shetland Islands,http://data.ordnancesurvey.co.uk/id/7000000000186620,http://data.ordnancesurvey.co.uk/ontology/admingeo/UnitaryAuthority,Scotland,http://data.ordnancesurvey.co.uk/id/7000000000041429,Scotland,http://data.ordnancesurvey.co.uk/id/country/scotland,,,
osgb4000000074587133,http://data.ordnancesurvey.co.uk/id/4000000074587133,Lori Geo,,,,landform,Other Coastal Landform,457106,1204907,1000,15000,456856,1204655,457356,1205155,ZE2,http://data.ordnancesurvey.co.uk/id/postcodedistrict/ZE2,,,,,,,Shetland Islands,http://data.ordnancesurvey.co.uk/id/7000000000186620,http://data.ordnancesurvey.co.uk/ontology/admingeo/UnitaryAuthority,Scotland,http://data.ordnancesurvey.co.uk/id/7000000000041429,Scotland,http://data.ordnancesurvey.co.uk/id/country/scotland,,,
osgb4000000074620871,http://data.ordnancesurvey.co.uk/id/4000000074620871,Gallow Hill,,,,landform,Hill Or Mountain,457527,1200727,1000,300000,457277,1200477,457777,1200977,ZE2,http://data.ordnancesurvey.co.uk/id/postcodedistrict/ZE2,,,,,,,Shetland Islands,http://data.ordnancesurvey.co.uk/id/7000000000186620,http://data.ordnancesurvey.co.uk/ontology/admingeo/UnitaryAuthority,Scotland,http://data.ordnancesurvey.co.uk/id/7000000000041429,Scotland,http://data.ordnancesurvey.co.uk/id/country/scotland,,,
osgb4000000074586897,http://data.ordnancesurvey.co.uk/id/4000000074586897,Steinkirkla Geo,,,,landform,Other Coastal Landform,449047,1205441,1000,15000,448791,1205192,449291,1205692,ZE2,http://data.ordnancesurvey.co.uk/id/postcodedistrict/ZE2,,,,,,,Shetland Islands,http://data.ordnancesurvey.co.uk/id/7000000000186620,http://data.ordnancesurvey.co.uk/ontology/admingeo/UnitaryAuthority,Scotland,http://data.ordnancesurvey.co.uk/id/7000000000041429,Scotland,http://data.ordnancesurvey.co.uk/id/country/scotland,,,
osgb4000000074611213,http://data.ordnancesurvey.co.uk/id/4000000074611213,Eagle Stack,,,,landform,Other Coastal Landform,448726,1206092,1000,50000,448476,1205838,448976,1206338,ZE2,http://data.ordnancesurvey.co.uk/id/postcodedistrict/ZE2,,,,,,,Shetland Islands,http://data.ordnancesurvey.co.uk/id/7000000000186620,http://data.ordnancesurvey.co.uk/ontology/admingeo/UnitaryAuthority,Scotland,http://data.ordnancesurvey.co.uk/id/7000000000041429,Scotland,http://data.ordnancesurvey.co.uk/id/country/scotland,,,
osgb4000000074613571,http://data.ordnancesurvey.co.uk/id/4000000074613571,Gloup Holm,,,,landform,Island,448627,1206262,3000,800000,448303,1206012,448803,1206512,ZE2,http://data.ordnancesurvey.co.uk/id/postcodedistrict/ZE2,,,,,,,Shetland Islands,http://data.ordnancesurvey.co.uk/id/7000000000186620,http://data.ordnancesurvey.co.uk/ontology/admingeo/UnitaryAuthority,Scotland,http://data.ordnancesurvey.co.uk/id/7000000000041429,Scotland,http://data.ordnancesurvey.co.uk/id/country/scotland,,,
osgb4000000074755822,http://data.ordnancesurvey.co.uk/id/4000000074755822,North Geo of the Riffars,,,,landform,Other Coastal Landform,455900,1203543,1000,15000,455651,1203295,456151,1203795,ZE2,http://data.ordnancesurvey.co.uk/id/postcodedistrict/ZE2,,,,,,,Shetland Islands,http://data.ordnancesurvey.co.uk/id/7000000000186620,http://data.ordnancesurvey.co.uk/ontology/admingeo/UnitaryAuthority,Scotland,http://data.ordnancesurvey.co.uk/id/7000000000041429,Scotland,http://data.ordnancesurvey.co.uk/id/country/scotland,,,
osgb4000000074587092,http://data.ordnancesurvey.co.uk/id/4000000074587092,Shalders Geo,,,,landform,Other Coastal Landform,450602,1205216,1000,15000,450353,1204966,450853,1205466,ZE2,http://data.ordnancesurvey.co.uk/id/postcodedistrict/ZE2,,,,,,,Shetland Islands,http://data.ordnancesurvey.co.uk/id/7000000000186620,http://data.ordnancesurvey.co.uk/ontology/admingeo/UnitaryAuthority,Scotland,http://data.ordnancesurvey.co.uk/id/7000000000041429,Scotland,http://data.ordnancesurvey.co.uk/id/country/scotland,,,
osgb4000000074615710,http://data.ordnancesurvey.co.uk/id/4000000074615710,Sneuga,,,,landform,Hill Or Mountain,457898,1212736,1000,300000,457648,1212486,458148,1212986,ZE2,http://data.ordnancesurvey.co.uk/id/postcodedistrict/ZE2,,,,,,,Shetland Islands,http://data.ordnancesurvey.co.uk/id/7000000000186620,http://data.ordnancesurvey.co.uk/ontology/admingeo/UnitaryAuthority,Scotland,http://data.ordnancesurvey.co.uk/id/7000000000041429,Scotland,http://data.ordnancesurvey.co.uk/id/country/scotland,,,
osgb4000000074587127,http://data.ordnancesurvey.co.uk/id/4000000074587127,Inner Geo,,,,landform,Other Coastal Landform,456371,1201860,1000,15000,456122,1201610,456622,1202110,ZE2,http://data.ordnancesurvey.co.uk/id/postcodedistrict/ZE2,,,,,,,Shetland Islands,http://data.ordnancesurvey.co.uk/id/7000000000186620,http://data.ordnancesurvey.co.uk/ontology/admingeo/UnitaryAuthority,Scotland,http://data.ordnancesurvey.co.uk/id/7000000000041429,Scotland,http://data.ordnancesurvey.co.uk/id/country/scotland,,,
osgb4000000074621264,http://data.ordnancesurvey.co.uk/id/4000000074621264,Houlland Hill,,,,landform,Hill Or Mountain,452781,1203767,1000,300000,452531,1203517,453031,1204017,ZE2,http://data.ordnancesurvey.co.uk/id/postcodedistrict/ZE2,,,,,,,Shetland Islands,http://data.ordnancesurvey.co.uk/id/7000000000186620,http://data.ordnancesurvey.co.uk/ontology/admingeo/UnitaryAuthority,Scotland,http://data.ordnancesurvey.co.uk/id/7000000000041429,Scotland,http://data.ordnancesurvey.co.uk/id/country/scotland,,,
osgb4000000074611621,http://data.ordnancesurvey.co.uk/id/4000000074611621,Sula Stack,,,,landform,Other Coastal Landform,447649,1205032,1000,50000,447399,1204783,447899,1205283,ZE2,http://data.ordnancesurvey.co.uk/id/postcodedistrict/ZE2,,,,,,,Shetland Islands,http://data.ordnancesurvey.co.uk/id/7000000000186620,http://data.ordnancesurvey.co.uk/ontology/admingeo/UnitaryAuthority,Scotland,http://data.ordnancesurvey.co.uk/id/7000000000041429,Scotland,http://data.ordnancesurvey.co.uk/id/country/scotland,,,
osgb4000000074755168,http://data.ordnancesurvey.co.uk/id/4000000074755168,Point of Tonga,,,,landform,Other Coastal Landform,450501,1205058,1000,50000,450235,1204808,450735,1205308,ZE2,http://data.ordnancesurvey.co.uk/id/postcodedistrict/ZE2,,,,,,,Shetland Islands,http://data.ordnancesurvey.co.uk/id/7000000000186620,http://data.ordnancesurvey.co.uk/ontology/admingeo/UnitaryAuthority,Scotland,http://data.ordnancesurvey.co.uk/id/7000000000041429,Scotland,http://data.ordnancesurvey.co.uk/id/country/scotland,,,
osgb4000000074755969,http://data.ordnancesurvey.co.uk/id/4000000074755969,Ness of Cullivoe,,,,landform,Coastal Headland,455000,1202415,6000,750000,454586,1202126,455415,1203048,ZE2,http://data.ordnancesurvey.co.uk/id/postcodedistrict/ZE2,,,,,,,Shetland Islands,http://data.ordnancesurvey.co.uk/id/7000000000186620,http://data.ordnancesurvey.co.uk/ontology/admingeo/UnitaryAuthority,Scotland,http://data.ordnancesurvey.co.uk/id/7000000000041429,Scotland,http://data.ordnancesurvey.co.uk/id/country/scotland,,,
osgb4000000074595159,http://data.ordnancesurvey.co.uk/id/4000000074595159,Teisti Geo,,,,landform,Other Coastal Landform,456256,1203079,1000,15000,456006,1202829,456506,1203329,ZE2,http://data.ordnancesurvey.co.uk/id/postcodedistrict/ZE2,,,,,,,Shetland Islands,http://data.ordnancesurvey.co.uk/id/7000000000186620,http://data.ordnancesurvey.co.uk/ontology/admingeo/UnitaryAuthority,Scotland,http://data.ordnancesurvey.co.uk/id/7000000000041429,Scotland,http://data.ordnancesurvey.co.uk/id/country/scotland,,,
osgb4000000074586994,http://data.ordnancesurvey.co.uk/id/4000000074586994,Rub Geos,,,,landform,Other Coastal Landform,450485,1205460,1000,15000,450235,1205211,450735,1205711,ZE2,http://data.ordnancesurvey.co.uk/id/postcodedistrict/ZE2,,,,,,,Shetland Islands,http://data.ordnancesurvey.co.uk/id/7000000000186620,http://data.ordnancesurvey.co.uk/ontology/admingeo/UnitaryAuthority,Scotland,http://data.ordnancesurvey.co.uk/id/7000000000041429,Scotland,http://data.ordnancesurvey.co.uk/id/country/scotland,,,
osgb4000000074755212,http://data.ordnancesurvey.co.uk/id/4000000074755212,Hellier,,,,landform,Other Coastal Landform,457595,1209191,1000,20000,457345,1208941,457845,1209441,ZE2,http://data.ordnancesurvey.co.uk/id/postcodedistrict/ZE2,,,,,,,Shetland Islands,http://data.ordnancesurvey.co.uk/id/7000000000186620,http://data.ordnancesurvey.co.uk/ontology/admingeo/UnitaryAuthority,Scotland,http://data.ordnancesurvey.co.uk/id/7000000000041429,Scotland,http://data.ordnancesurvey.co.uk/id/country/scotland,,,
osgb4000000074610389,http://data.ordnancesurvey.co.uk/id/4000000074610389,Tooa Stack,,,,landform,Other Coastal Landform,459525,1216551,1000,50000,459276,1216306,459776,1216806,ZE2,http://data.ordnancesurvey.co.uk/id/postcodedistrict/ZE2,,,,,,,Shetland Islands,http://data.ordnancesurvey.co.uk/id/7000000000186620,http://data.ordnancesurvey.co.uk/ontology/admingeo/UnitaryAuthority,Scotland,http://data.ordnancesurvey.co.uk/id/7000000000041429,Scotland,http://data.ordnancesurvey.co.uk/id/country/scotland,,,
osgb4000000074724345,http://data.ordnancesurvey.co.uk/id/4000000074724345,Sinni Dale,,,,landform,Valley,453012,1202165,5000,800000,452763,1201832,453263,1202579,ZE2,http://data.ordnancesurvey.co.uk/id/postcodedistrict/ZE2,,,,,,,Shetland Islands,http://data.ordnancesurvey.co.uk/id/7000000000186620,http://data.ordnancesurvey.co.uk/ontology/admingeo/UnitaryAuthority,Scotland,http://data.ordnancesurvey.co.uk/id/7000000000041429,Scotland,http://data.ordnancesurvey.co.uk/id/country/scotland,,,
osgb4000000074610793,http://data.ordnancesurvey.co.uk/id/4000000074610793,Stackingro,,,,landform,Other Coastal Landform,459836,1216942,1000,50000,459586,1216692,460086,1217192,ZE2,http://data.ordnancesurvey.co.uk/id/postcodedistrict/ZE2,,,,,,,Shetland Islands,http://data.ordnancesurvey.co.uk/id/7000000000186620,http://data.ordnancesurvey.co.uk/ontology/admingeo/UnitaryAuthority,Scotland,http://data.ordnancesurvey.co.uk/id/7000000000041429,Scotland,http://data.ordnancesurvey.co.uk/id/country/scotland,,,
osgb4000000074610388,http://data.ordnancesurvey.co.uk/id/4000000074610388,Neapna Stack,,,,landform,Other Coastal Landform,459436,1216107,1000,50000,459185,1215857,459685,1216357,ZE2,http://data.ordnancesurvey.co.uk/id/postcodedistrict/ZE2,,,,,,,Shetland Islands,http://data.ordnancesurvey.co.uk/id/7000000000186620,http://data.ordnancesurvey.co.uk/ontology/admingeo/UnitaryAuthority,Scotland,http://data.ordnancesurvey.co.uk/id/7000000000041429,Scotland,http://data.ordnancesurvey.co.uk/id/country/scotland,,,
osgb4000000074759312,http://data.ordnancesurvey.co.uk/id/4000000074759312,Stroomongers,,,,landform,Other Coastal Landform,453691,1205317,1000,50000,453439,1205067,453939,1205567,ZE2,http://data.ordnancesurvey.co.uk/id/postcodedistrict/ZE2,,,,,,,Shetland Islands,http://data.ordnancesurvey.co.uk/id/7000000000186620,http://data.ordnancesurvey.co.uk/ontology/admingeo/UnitaryAuthority,Scotland,http://data.ordnancesurvey.co.uk/id/7000000000041429,Scotland,http://data.ordnancesurvey.co.uk/id/country/scotland,,,
osgb4000000074611925,http://data.ordnancesurvey.co.uk/id/4000000074611925,Tipta Stack,,,,landform,Other Coastal Landform,451318,1205473,1000,50000,451068,1205226,451568,1205726,ZE2,http://data.ordnancesurvey.co.uk/id/postcodedistrict/ZE2,,,,,,,Shetland Islands,http://data.ordnancesurvey.co.uk/id/7000000000186620,http://data.ordnancesurvey.co.uk/ontology/admingeo/UnitaryAuthority,Scotland,http://data.ordnancesurvey.co.uk/id/7000000000041429,Scotland,http://data.ordnancesurvey.co.uk/id/country/scotland,,,
osgb4000000074755314,http://data.ordnancesurvey.co.uk/id/4000000074755314,Snarra Voe,,,,landcover,Beach,456574,1201825,1000,100000,456325,1201572,456825,1202072,ZE2,http://data.ordnancesurvey.co.uk/id/postcodedistrict/ZE2,,,,,,,Shetland Islands,http://data.ordnancesurvey.co.uk/id/7000000000186620,http://data.ordnancesurvey.co.uk/ontology/admingeo/UnitaryAuthority,Scotland,http://data.ordnancesurvey.co.uk/id/7000000000041429,Scotland,http://data.ordnancesurvey.co.uk/id/country/scotland,,,
osgb4000000074755269,http://data.ordnancesurvey.co.uk/id/4000000074755269,The Trink,,,,landform,Other Coastal Landform,450689,1205901,1000,50000,450439,1205653,450939,1206153,ZE2,http://data.ordnancesurvey.co.uk/id/postcodedistrict/ZE2,,,,,,,Shetland Islands,http://data.ordnancesurvey.co.uk/id/7000000000186620,http://data.ordnancesurvey.co.uk/ontology/admingeo/UnitaryAuthority,Scotland,http://data.ordnancesurvey.co.uk/id/7000000000041429,Scotland,http://data.ordnancesurvey.co.uk/id/country/scotland,,,
osgb4000000074611499,http://data.ordnancesurvey.co.uk/id/4000000074611499,Killi Skerry,,,,landform,Other Coastal Landform,455928,1203438,1000,50000,455679,1203187,456179,1203687,ZE2,http://data.ordnancesurvey.co.uk/id/postcodedistrict/ZE2,,,,,,,Shetland Islands,http://data.ordnancesurvey.co.uk/id/7000000000186620,http://data.ordnancesurvey.co.uk/ontology/admingeo/UnitaryAuthority,Scotland,http://data.ordnancesurvey.co.uk/id/7000000000041429,Scotland,http://data.ordnancesurvey.co.uk/id/country/scotland,,,
osgb4000000074755170,http://data.ordnancesurvey.co.uk/id/4000000074755170,Hagdales Nest,,,,landform,Coastal Headland,457642,1208960,3000,750000,457392,1208728,457892,1209228,ZE2,http://data.ordnancesurvey.co.uk/id/postcodedistrict/ZE2,,,,,,,Shetland Islands,http://data.ordnancesurvey.co.uk/id/7000000000186620,http://data.ordnancesurvey.co.uk/ontology/admingeo/UnitaryAuthority,Scotland,http://data.ordnancesurvey.co.uk/id/7000000000041429,Scotland,http://data.ordnancesurvey.co.uk/id/country/scotland,,,
osgb4000000074814249,http://data.ordnancesurvey.co.uk/id/4000000074814249,Sand Water,,,,hydrography,Inland Water,451892,1203346,1000,500000,451642,1203096,452142,1203596,ZE2,http://data.ordnancesurvey.co.uk/id/postcodedistrict/ZE2,,,,,,,Shetland Islands,http://data.ordnancesurvey.co.uk/id/7000000000186620,http://data.ordnancesurvey.co.uk/ontology/admingeo/UnitaryAuthority,Scotland,http://data.ordnancesurvey.co.uk/id/7000000000041429,Scotland,http://data.ordnancesurvey.co.uk/id/country/scotland,,,
osgb4000000074755918,http://data.ordnancesurvey.co.uk/id/4000000074755918,Cross Point,,,,landform,Cliff Or Slope,457109,1204509,1000,40000,456908,1204260,457408,1204760,ZE2,http://data.ordnancesurvey.co.uk/id/postcodedistrict/ZE2,,,,,,,Shetland Islands,http://data.ordnancesurvey.co.uk/id/7000000000186620,http://data.ordnancesurvey.co.uk/ontology/admingeo/UnitaryAuthority,Scotland,http://data.ordnancesurvey.co.uk/id/7000000000041429,Scotland,http://data.ordnancesurvey.co.uk/id/country/scotland,,,
osgb4000000074804168,http://data.ordnancesurvey.co.uk/id/4000000074804168,Kussa Waters,,,,hydrography,Inland Water,451880,1202783,6000,40000,451295,1202510,452230,1203057,ZE2,http://data.ordnancesurvey.co.uk/id/postcodedistrict/ZE2,,,,,,,Shetland Islands,http://data.ordnancesurvey.co.uk/id/7000000000186620,http://data.ordnancesurvey.co.uk/ontology/admingeo/UnitaryAuthority,Scotland,http://data.ordnancesurvey.co.uk/id/7000000000041429,Scotland,http://data.ordnancesurvey.co.uk/id/country/scotland,,,
osgb4000000074594860,http://data.ordnancesurvey.co.uk/id/4000000074594860,Punds Geo,,,,landform,Other Coastal Landform,456836,1206765,1000,15000,456587,1206515,457087,1207015,ZE2,http://data.ordnancesurvey.co.uk/id/postcodedistrict/ZE2,,,,,,,Shetland Islands,http://data.ordnancesurvey.co.uk/id/7000000000186620,http://data.ordnancesurvey.co.uk/ontology/admingeo/UnitaryAuthority,Scotland,http://data.ordnancesurvey.co.uk/id/7000000000041429,Scotland,http://data.ordnancesurvey.co.uk/id/country/scotland,,,
osgb4000000074587035,http://data.ordnancesurvey.co.uk/id/4000000074587035,Freckles Geo,,,,landform,Other Coastal Landform,455878,1204509,1000,15000,455628,1204271,456128,1204771,ZE2,http://data.ordnancesurvey.co.uk/id/postcodedistrict/ZE2,,,,,,,Shetland Islands,http://data.ordnancesurvey.co.uk/id/7000000000186620,http://data.ordnancesurvey.co.uk/ontology/admingeo/UnitaryAuthority,Scotland,http://data.ordnancesurvey.co.uk/id/7000000000041429,Scotland,http://data.ordnancesurvey.co.uk/id/country/scotland,,,
osgb4000000074755268,http://data.ordnancesurvey.co.uk/id/4000000074755268,The Crus,,,,landform,Other Coastal Landform,452438,1205783,1000,50000,452188,1205549,452688,1206049,ZE2,http://data.ordnancesurvey.co.uk/id/postcodedistrict/ZE2,,,,,,,Shetland Islands,http://data.ordnancesurvey.co.uk/id/7000000000186620,http://data.ordnancesurvey.co.uk/ontology/admingeo/UnitaryAuthority,Scotland,http://data.ordnancesurvey.co.uk/id/7000000000041429,Scotland,http://data.ordnancesurvey.co.uk/id/country/scotland,,,
osgb4000000074787180,http://data.ordnancesurvey.co.uk/id/4000000074787180,Snarra Voe,,,,hydrography,Tidal Water,456351,1201973,3000,150000,456121,1201725,456621,1202225,ZE2,http://data.ordnancesurvey.co.uk/id/postcodedistrict/ZE2,,,,,,,Shetland Islands,http://data.ordnancesurvey.co.uk/id/7000000000186620,http://data.ordnancesurvey.co.uk/ontology/admingeo/UnitaryAuthority,Scotland,http://data.ordnancesurvey.co.uk/id/7000000000041429,Scotland,http://data.ordnancesurvey.co.uk/id/country/scotland,,,
osgb4000000074755679,http://data.ordnancesurvey.co.uk/id/4000000074755679,Outer Hamar,,,,landform,Other Coastal Landform,456546,1205217,1000,20000,456297,1204963,456797,1205463,ZE2,http://data.ordnancesurvey.co.uk/id/postcodedistrict/ZE2,,,,,,,Shetland Islands,http://data.ordnancesurvey.co.uk/id/7000000000186620,http://data.ordnancesurvey.co.uk/ontology/admingeo/UnitaryAuthority,Scotland,http://data.ordnancesurvey.co.uk/id/7000000000041429,Scotland,http://data.ordnancesurvey.co.uk/id/country/scotland,,,
osgb4000000074759417,http://data.ordnancesurvey.co.uk/id/4000000074759417,Mid Field,,,,landform,Other Coastal Landform,458388,1211336,1000,20000,458159,1211086,458659,1211586,ZE2,http://data.ordnancesurvey.co.uk/id/postcodedistrict/ZE2,,,,,,,Shetland Islands,http://data.ordnancesurvey.co.uk/id/7000000000186620,http://data.ordnancesurvey.co.uk/ontology/admingeo/UnitaryAuthority,Scotland,http://data.ordnancesurvey.co.uk/id/7000000000041429,Scotland,http://data.ordnancesurvey.co.uk/id/country/scotland,,,
osgb4000000074755825,http://data.ordnancesurvey.co.uk/id/4000000074755825,Point of Stivaberg,,,,landform,Cliff Or Slope,453420,1205176,1000,40000,453170,1204926,453670,1205426,ZE2,http://data.ordnancesurvey.co.uk/id/postcodedistrict/ZE2,,,,,,,Shetland Islands,http://data.ordnancesurvey.co.uk/id/7000000000186620,http://data.ordnancesurvey.co.uk/ontology/admingeo/UnitaryAuthority,Scotland,http://data.ordnancesurvey.co.uk/id/7000000000041429,Scotland,http://data.ordnancesurvey.co.uk/id/country/scotland,,,
osgb4000000074755172,http://data.ordnancesurvey.co.uk/id/4000000074755172,Skitsack,,,,landform,Other Coastal Landform,457517,1209206,1000,50000,457267,1208896,457767,1209396,ZE2,http://data.ordnancesurvey.co.uk/id/postcodedistrict/ZE2,,,,,,,Shetland Islands,http://data.ordnancesurvey.co.uk/id/7000000000186620,http://data.ordnancesurvey.co.uk/ontology/admingeo/UnitaryAuthority,Scotland,http://data.ordnancesurvey.co.uk/id/7000000000041429,Scotland,http://data.ordnancesurvey.co.uk/id/country/scotland,,,
osgb4000000074755281,http://data.ordnancesurvey.co.uk/id/4000000074755281,North Geo of Brough,,,,landform,Other Coastal Landform,457140,1212541,1000,15000,456884,1212291,457384,1212791,ZE2,http://data.ordnancesurvey.co.uk/id/postcodedistrict/ZE2,,,,,,,Shetland Islands,http://data.ordnancesurvey.co.uk/id/7000000000186620,http://data.ordnancesurvey.co.uk/ontology/admingeo/UnitaryAuthority,Scotland,http://data.ordnancesurvey.co.uk/id/7000000000041429,Scotland,http://data.ordnancesurvey.co.uk/id/country/scotland,,,
osgb4000000074612330,http://data.ordnancesurvey.co.uk/id/4000000074612330,North Holms,,,,landform,Other Coastal Landform,457000,1211432,2000,50000,456756,1211183,457256,1211683,ZE2,http://data.ordnancesurvey.co.uk/id/postcodedistrict/ZE2,,,,,,,Shetland Islands,http://data.ordnancesurvey.co.uk/id/7000000000186620,http://data.ordnancesurvey.co.uk/ontology/admingeo/UnitaryAuthority,Scotland,http://data.ordnancesurvey.co.uk/id/7000000000041429,Scotland,http://data.ordnancesurvey.co.uk/id/country/scotland,,,
osgb4000000074798130,http://data.ordnancesurvey.co.uk/id/4000000074798130,Culli Voe,,,,hydrography,Tidal Water,454683,1202386,5000,150000,454303,1202114,455098,1202670,ZE2,http://data.ordnancesurvey.co.uk/id/postcodedistrict/ZE2,,,,,,,Shetland Islands,http://data.ordnancesurvey.co.uk/id/7000000000186620,http://data.ordnancesurvey.co.uk/ontology/admingeo/UnitaryAuthority,Scotland,http://data.ordnancesurvey.co.uk/id/7000000000041429,Scotland,http://data.ordnancesurvey.co.uk/id/country/scotland,,,
osgb4000000074724468,http://data.ordnancesurvey.co.uk/id/4000000074724468,Lamba Dale,,,,landform,Valley,458828,1208596,3000,800000,458572,1208250,459084,1208750,ZE2,http://data.ordnancesurvey.co.uk/id/postcodedistrict/ZE2,,,,,,,Shetland Islands,http://data.ordnancesurvey.co.uk/id/7000000000186620,http://data.ordnancesurvey.co.uk/ontology/admingeo/UnitaryAuthority,Scotland,http://data.ordnancesurvey.co.uk/id/7000000000041429,Scotland,http://data.ordnancesurvey.co.uk/id/country/scotland,,,
osgb4000000074588578,http://data.ordnancesurvey.co.uk/id/4000000074588578,Doos' Geo,,,,landform,Other Coastal Landform,456489,1205333,1000,15000,456240,1205090,456740,1205590,ZE2,http://data.ordnancesurvey.co.uk/id/postcodedistrict/ZE2,,,,,,,Shetland Islands,http://data.ordnancesurvey.co.uk/id/7000000000186620,http://data.ordnancesurvey.co.uk/ontology/admingeo/UnitaryAuthority,Scotland,http://data.ordnancesurvey.co.uk/id/7000000000041429,Scotland,http://data.ordnancesurvey.co.uk/id/country/scotland,,,
osgb4000000074724582,http://data.ordnancesurvey.co.uk/id/4000000074724582,Yarr Dale,,,,landform,Valley,458620,1212427,2000,800000,458371,1212177,458871,1212677,ZE2,http://data.ordnancesurvey.co.uk/id/postcodedistrict/ZE2,,,,,,,Shetland Islands,http://data.ordnancesurvey.co.uk/id/7000000000186620,http://data.ordnancesurvey.co.uk/ontology/admingeo/UnitaryAuthority,Scotland,http://data.ordnancesurvey.co.uk/id/7000000000041429,Scotland,http://data.ordnancesurvey.co.uk/id/country/scotland,,,
osgb4000000074787179,http://data.ordnancesurvey.co.uk/id/4000000074787179,Papil Bay,,,,hydrography,Bay,454337,1203722,6000,150000,454071,1203085,454571,1204042,ZE2,http://data.ordnancesurvey.co.uk/id/postcodedistrict/ZE2,,,,,,,Shetland Islands,http://data.ordnancesurvey.co.uk/id/7000000000186620,http://data.ordnancesurvey.co.uk/ontology/admingeo/UnitaryAuthority,Scotland,http://data.ordnancesurvey.co.uk/id/7000000000041429,Scotland,http://data.ordnancesurvey.co.uk/id/country/scotland,,,
osgb4000000074755616,http://data.ordnancesurvey.co.uk/id/4000000074755616,Flaess,,,,landform,Other Coastal Landform,456267,1202448,1000,50000,456017,1202218,456517,1202718,ZE2,http://data.ordnancesurvey.co.uk/id/postcodedistrict/ZE2,,,,,,,Shetland Islands,http://data.ordnancesurvey.co.uk/id/7000000000186620,http://data.ordnancesurvey.co.uk/ontology/admingeo/UnitaryAuthority,Scotland,http://data.ordnancesurvey.co.uk/id/7000000000041429,Scotland,http://data.ordnancesurvey.co.uk/id/country/scotland,,,
osgb4000000074758934,http://data.ordnancesurvey.co.uk/id/4000000074758934,Stacks of Poindie,,,,landform,Other Coastal Landform,457795,1213732,2000,50000,457534,1213483,458034,1213983,ZE2,http://data.ordnancesurvey.co.uk/id/postcodedistrict/ZE2,,,,,,,Shetland Islands,http://data.ordnancesurvey.co.uk/id/7000000000186620,http://data.ordnancesurvey.co.uk/ontology/admingeo/UnitaryAuthority,Scotland,http://data.ordnancesurvey.co.uk/id/7000000000041429,Scotland,http://data.ordnancesurvey.co.uk/id/country/scotland,,,
osgb4000000074755179,http://data.ordnancesurvey.co.uk/id/4000000074755179,South Geo of Brough,,,,landform,Other Coastal Landform,457159,1212367,1000,15000,456909,1212111,457409,1212611,ZE2,http://data.ordnancesurvey.co.uk/id/postcodedistrict/ZE2,,,,,,,Shetland Islands,http://data.ordnancesurvey.co.uk/id/7000000000186620,http://data.ordnancesurvey.co.uk/ontology/admingeo/UnitaryAuthority,Scotland,http://data.ordnancesurvey.co.uk/id/7000000000041429,Scotland,http://data.ordnancesurvey.co.uk/id/country/scotland,,,
osgb4000000074804953,http://data.ordnancesurvey.co.uk/id/4000000074804953,Loch of Watlee,,,,hydrography,Inland Water,459431,1205535,8000,500000,459031,1204713,459831,1205878,ZE2,http://data.ordnancesurvey.co.uk/id/postcodedistrict/ZE2,,,,,,,Shetland Islands,http://data.ordnancesurvey.co.uk/id/7000000000186620,http://data.ordnancesurvey.co.uk/ontology/admingeo/UnitaryAuthority,Scotland,http://data.ordnancesurvey.co.uk/id/7000000000041429,Scotland,http://data.ordnancesurvey.co.uk/id/country/scotland,,,
osgb4000000074593942,http://data.ordnancesurvey.co.uk/id/4000000074593942,Ramna Geo,,,,landform,Other Coastal Landform,448229,1205224,2000,15000,447980,1204948,448480,1205448,ZE2,http://data.ordnancesurvey.co.uk/id/postcodedistrict/ZE2,,,,,,,Shetland Islands,http://data.ordnancesurvey.co.uk/id/7000000000186620,http://data.ordnancesurvey.co.uk/ontology/admingeo/UnitaryAuthority,Scotland,http://data.ordnancesurvey.co.uk/id/7000000000041429,Scotland,http://data.ordnancesurvey.co.uk/id/country/scotland,,,
osgb4000000074789361,http://data.ordnancesurvey.co.uk/id/4000000074789361,Bluemull Sound,,,,hydrography,Sea,455375,1203526,32000,12000000,454169,1199811,456575,1204673,ZE2,http://data.ordnancesurvey.co.uk/id/postcodedistrict/ZE2,,,,,,,Shetland Islands,http://data.ordnancesurvey.co.uk/id/7000000000186620,http://data.ordnancesurvey.co.uk/ontology/admingeo/UnitaryAuthority,Scotland,http://data.ordnancesurvey.co.uk/id/7000000000041429,Scotland,http://data.ordnancesurvey.co.uk/id/country/scotland,,,
osgb4000000074787224,http://data.ordnancesurvey.co.uk/id/4000000074787224,Yea of Migganess,,,,hydrography,Channel,453892,1205281,1000,100000,453604,1205031,454104,1205531,ZE2,http://data.ordnancesurvey.co.uk/id/postcodedistrict/ZE2,,,,,,,Shetland Islands,http://data.ordnancesurvey.co.uk/id/7000000000186620,http://data.ordnancesurvey.co.uk/ontology/admingeo/UnitaryAuthority,Scotland,http://data.ordnancesurvey.co.uk/id/7000000000041429,Scotland,http://data.ordnancesurvey.co.uk/id/country/scotland,,,
osgb4000000074758645,http://data.ordnancesurvey.co.uk/id/4000000074758645,Noust of Clipprigarth,,,,landcover,Wetland,458671,1200062,3000,200000,458421,1199894,458921,1200394,ZE2,http://data.ordnancesurvey.co.uk/id/postcodedistrict/ZE2,,,,,,,Shetland Islands,http://data.ordnancesurvey.co.uk/id/7000000000186620,http://data.ordnancesurvey.co.uk/ontology/admingeo/UnitaryAuthority,Scotland,http://data.ordnancesurvey.co.uk/id/7000000000041429,Scotland,http://data.ordnancesurvey.co.uk/id/country/scotland,,,
osgb4000000074787265,http://data.ordnancesurvey.co.uk/id/4000000074787265,Scarse Sound,,,,hydrography,Channel,452185,1206108,1000,100000,451934,1205858,452434,1206358,ZE2,http://data.ordnancesurvey.co.uk/id/postcodedistrict/ZE2,,,,,,,Shetland Islands,http://data.ordnancesurvey.co.uk/id/7000000000186620,http://data.ordnancesurvey.co.uk/ontology/admingeo/UnitaryAuthority,Scotland,http://data.ordnancesurvey.co.uk/id/7000000000041429,Scotland,http://data.ordnancesurvey.co.uk/id/country/scotland,,,
osgb4000000074805829,http://data.ordnancesurvey.co.uk/id/4000000074805829,Loch of Bogligarths,,,,hydrography,Inland Water,458002,1208138,1000,500000,457752,1207875,458252,1208375,ZE2,http://data.ordnancesurvey.co.uk/id/postcodedistrict/ZE2,,,,,,,Shetland Islands,http://data.ordnancesurvey.co.uk/id/7000000000186620,http://data.ordnancesurvey.co.uk/ontology/admingeo/UnitaryAuthority,Scotland,http://data.ordnancesurvey.co.uk/id/7000000000041429,Scotland,http://data.ordnancesurvey.co.uk/id/country/scotland,,,
osgb4000000074610383,http://data.ordnancesurvey.co.uk/id/4000000074610383,North Croga Skerry,,,,landform,Other Coastal Landform,457214,1212932,1000,50000,456968,1212682,457468,1213182,ZE2,http://data.ordnancesurvey.co.uk/id/postcodedistrict/ZE2,,,,,,,Shetland Islands,http://data.ordnancesurvey.co.uk/id/7000000000186620,http://data.ordnancesurvey.co.uk/ontology/admingeo/UnitaryAuthority,Scotland,http://data.ordnancesurvey.co.uk/id/7000000000041429,Scotland,http://data.ordnancesurvey.co.uk/id/country/scotland,,,
osgb4000000074586987,http://data.ordnancesurvey.co.uk/id/4000000074586987,Arnots Geo,,,,landform,Other Coastal Landform,451091,1205504,1000,15000,450841,1205255,451341,1205755,ZE2,http://data.ordnancesurvey.co.uk/id/postcodedistrict/ZE2,,,,,,,Shetland Islands,http://data.ordnancesurvey.co.uk/id/7000000000186620,http://data.ordnancesurvey.co.uk/ontology/admingeo/UnitaryAuthority,Scotland,http://data.ordnancesurvey.co.uk/id/7000000000041429,Scotland,http://data.ordnancesurvey.co.uk/id/country/scotland,,,
osgb4000000074755824,http://data.ordnancesurvey.co.uk/id/4000000074755824,The Ruggs,,,,landform,Other Coastal Landform,453973,1205254,1000,20000,453724,1204964,454224,1205464,ZE2,http://data.ordnancesurvey.co.uk/id/postcodedistrict/ZE2,,,,,,,Shetland Islands,http://data.ordnancesurvey.co.uk/id/7000000000186620,http://data.ordnancesurvey.co.uk/ontology/admingeo/UnitaryAuthority,Scotland,http://data.ordnancesurvey.co.uk/id/7000000000041429,Scotland,http://data.ordnancesurvey.co.uk/id/country/scotland,,,
osgb4000000074755735,http://data.ordnancesurvey.co.uk/id/4000000074755735,Keostinse,,,,landform,Other Coastal Landform,457779,1208157,1000,50000,457529,1207849,458029,1208349,ZE2,http://data.ordnancesurvey.co.uk/id/postcodedistrict/ZE2,,,,,,,Shetland Islands,http://data.ordnancesurvey.co.uk/id/7000000000186620,http://data.ordnancesurvey.co.uk/ontology/admingeo/UnitaryAuthority,Scotland,http://data.ordnancesurvey.co.uk/id/7000000000041429,Scotland,http://data.ordnancesurvey.co.uk/id/country/scotland,,,
osgb4000000074755576,http://data.ordnancesurvey.co.uk/id/4000000074755576,Geos of Whack,,,,landform,Other Coastal Landform,450793,1205684,1000,15000,450543,1205417,451043,1205917,ZE2,http://data.ordnancesurvey.co.uk/id/postcodedistrict/ZE2,,,,,,,Shetland Islands,http://data.ordnancesurvey.co.uk/id/7000000000186620,http://data.ordnancesurvey.co.uk/ontology/admingeo/UnitaryAuthority,Scotland,http://data.ordnancesurvey.co.uk/id/7000000000041429,Scotland,http://data.ordnancesurvey.co.uk/id/country/scotland,,,
osgb4000000074586896,http://data.ordnancesurvey.co.uk/id/4000000074586896,Herring Geo,,,,landform,Other Coastal Landform,449550,1205476,1000,15000,449301,1205227,449801,1205727,ZE2,http://data.ordnancesurvey.co.uk/id/postcodedistrict/ZE2,,,,,,,Shetland Islands,http://data.ordnancesurvey.co.uk/id/7000000000186620,http://data.ordnancesurvey.co.uk/ontology/admingeo/UnitaryAuthority,Scotland,http://data.ordnancesurvey.co.uk/id/7000000000041429,Scotland,http://data.ordnancesurvey.co.uk/id/country/scotland,,,
osgb4000000074805827,http://data.ordnancesurvey.co.uk/id/4000000074805827,Loch of Collaster,,,,hydrography,Inland Water,458114,1207572,1000,500000,457862,1207322,458362,1207822,ZE2,http://data.ordnancesurvey.co.uk/id/postcodedistrict/ZE2,,,,,,,Shetland Islands,http://data.ordnancesurvey.co.uk/id/7000000000186620,http://data.ordnancesurvey.co.uk/ontology/admingeo/UnitaryAuthority,Scotland,http://data.ordnancesurvey.co.uk/id/7000000000041429,Scotland,http://data.ordnancesurvey.co.uk/id/country/scotland,,,
osgb4000000074755685,http://data.ordnancesurvey.co.uk/id/4000000074755685,Buneberg,,,,landform,Other Coastal Landform,456820,1206864,1000,20000,456570,1206650,457070,1207150,ZE2,http://data.ordnancesurvey.co.uk/id/postcodedistrict/ZE2,,,,,,,Shetland Islands,http://data.ordnancesurvey.co.uk/id/7000000000186620,http://data.ordnancesurvey.co.uk/ontology/admingeo/UnitaryAuthority,Scotland,http://data.ordnancesurvey.co.uk/id/7000000000041429,Scotland,http://data.ordnancesurvey.co.uk/id/country/scotland,,,
osgb4000000074755523,http://data.ordnancesurvey.co.uk/id/4000000074755523,Oovoras,,,,landform,Other Coastal Landform,451175,1205695,1000,50000,450926,1205445,451426,1205945,ZE2,http://data.ordnancesurvey.co.uk/id/postcodedistrict/ZE2,,,,,,,Shetland Islands,http://data.ordnancesurvey.co.uk/id/7000000000186620,http://data.ordnancesurvey.co.uk/ontology/admingeo/UnitaryAuthority,Scotland,http://data.ordnancesurvey.co.uk/id/7000000000041429,Scotland,http://data.ordnancesurvey.co.uk/id/country/scotland,,,
osgb4000000074798326,http://data.ordnancesurvey.co.uk/id/4000000074798326,Breiwick Geo,,,,hydrography,Tidal Water,453374,1205289,2000,150000,453092,1205039,453592,1205539,ZE2,http://data.ordnancesurvey.co.uk/id/postcodedistrict/ZE2,,,,,,,Shetland Islands,http://data.ordnancesurvey.co.uk/id/7000000000186620,http://data.ordnancesurvey.co.uk/ontology/admingeo/UnitaryAuthority,Scotland,http://data.ordnancesurvey.co.uk/id/7000000000041429,Scotland,http://data.ordnancesurvey.co.uk/id/country/scotland,,,
osgb4000000074592962,http://data.ordnancesurvey.co.uk/id/4000000074592962,Whale Geo,,,,landform,Other Coastal Landform,452986,1205459,1000,15000,452736,1205209,453236,1205709,ZE2,http://data.ordnancesurvey.co.uk/id/postcodedistrict/ZE2,,,,,,,Shetland Islands,http://data.ordnancesurvey.co.uk/id/7000000000186620,http://data.ordnancesurvey.co.uk/ontology/admingeo/UnitaryAuthority,Scotland,http://data.ordnancesurvey.co.uk/id/7000000000041429,Scotland,http://data.ordnancesurvey.co.uk/id/country/scotland,,,
osgb4000000074755284,http://data.ordnancesurvey.co.uk/id/4000000074755284,Kame of Flouravoug,,,,landform,Other Coastal Landform,459732,1216558,1000,20000,459482,1216345,459982,1216845,ZE2,http://data.ordnancesurvey.co.uk/id/postcodedistrict/ZE2,,,,,,,Shetland Islands,http://data.ordnancesurvey.co.uk/id/7000000000186620,http://data.ordnancesurvey.co.uk/ontology/admingeo/UnitaryAuthority,Scotland,http://data.ordnancesurvey.co.uk/id/7000000000041429,Scotland,http://data.ordnancesurvey.co.uk/id/country/scotland,,,
osgb4000000074715500,http://data.ordnancesurvey.co.uk/id/4000000074715500,Geo of Vigon,,,,landform,Other Coastal Landform,448143,1204348,1000,15000,447913,1204098,448413,1204598,ZE2,http://data.ordnancesurvey.co.uk/id/postcodedistrict/ZE2,,,,,,,Shetland Islands,http://data.ordnancesurvey.co.uk/id/7000000000186620,http://data.ordnancesurvey.co.uk/ontology/admingeo/UnitaryAuthority,Scotland,http://data.ordnancesurvey.co.uk/id/7000000000041429,Scotland,http://data.ordnancesurvey.co.uk/id/country/scotland,,,
osgb4000000074755968,http://data.ordnancesurvey.co.uk/id/4000000074755968,Little Ness,,,,landform,Coastal Headland,454401,1203034,1000,750000,454151,1202788,454651,1203288,ZE2,http://data.ordnancesurvey.co.uk/id/postcodedistrict/ZE2,,,,,,,Shetland Islands,http://data.ordnancesurvey.co.uk/id/7000000000186620,http://data.ordnancesurvey.co.uk/ontology/admingeo/UnitaryAuthority,Scotland,http://data.ordnancesurvey.co.uk/id/7000000000041429,Scotland,http://data.ordnancesurvey.co.uk/id/country/scotland,,,
osgb4000000074755317,http://data.ordnancesurvey.co.uk/id/4000000074755317,Tonga,,,,landform,Other Coastal Landform,450148,1205100,1000,50000,449850,1204850,450350,1205350,ZE2,http://data.ordnancesurvey.co.uk/id/postcodedistrict/ZE2,,,,,,,Shetland Islands,http://data.ordnancesurvey.co.uk/id/7000000000186620,http://data.ordnancesurvey.co.uk/ontology/admingeo/UnitaryAuthority,Scotland,http://data.ordnancesurvey.co.uk/id/7000000000041429,Scotland,http://data.ordnancesurvey.co.uk/id/country/scotland,,,
osgb4000000074759720,http://data.ordnancesurvey.co.uk/id/4000000074759720,Cockle Point,,,,landform,Other Coastal Landform,459860,1200794,1000,50000,459610,1200556,460110,1201056,ZE2,http://data.ordnancesurvey.co.uk/id/postcodedistrict/ZE2,,,,,,,Shetland Islands,http://data.ordnancesurvey.co.uk/id/7000000000186620,http://data.ordnancesurvey.co.uk/ontology/admingeo/UnitaryAuthority,Scotland,http://data.ordnancesurvey.co.uk/id/7000000000041429,Scotland,http://data.ordnancesurvey.co.uk/id/country/scotland,,,
osgb4000000074611214,http://data.ordnancesurvey.co.uk/id/4000000074611214,The Quidin,,,,landform,Other Coastal Landform,448245,1205416,1000,50000,447995,1205172,448495,1205672,ZE2,http://data.ordnancesurvey.co.uk/id/postcodedistrict/ZE2,,,,,,,Shetland Islands,http://data.ordnancesurvey.co.uk/id/7000000000186620,http://data.ordnancesurvey.co.uk/ontology/admingeo/UnitaryAuthority,Scotland,http://data.ordnancesurvey.co.uk/id/7000000000041429,Scotland,http://data.ordnancesurvey.co.uk/id/country/scotland,,,
osgb4000000074592961,http://data.ordnancesurvey.co.uk/id/4000000074592961,Birrier Geo,,,,landform,Other Coastal Landform,447878,1205132,1000,15000,447629,1204889,448129,1205389,ZE2,http://data.ordnancesurvey.co.uk/id/postcodedistrict/ZE2,,,,,,,Shetland Islands,http://data.ordnancesurvey.co.uk/id/7000000000186620,http://data.ordnancesurvey.co.uk/ontology/admingeo/UnitaryAuthority,Scotland,http://data.ordnancesurvey.co.uk/id/7000000000041429,Scotland,http://data.ordnancesurvey.co.uk/id/country/scotland,,,
osgb4000000074611500,http://data.ordnancesurvey.co.uk/id/4000000074611500,Skerries of Kellister,,,,landform,Other Coastal Landform,454429,1203253,1000,50000,454180,1203038,454680,1203538,ZE2,http://data.ordnancesurvey.co.uk/id/postcodedistrict/ZE2,,,,,,,Shetland Islands,http://data.ordnancesurvey.co.uk/id/7000000000186620,http://data.ordnancesurvey.co.uk/ontology/admingeo/UnitaryAuthority,Scotland,http://data.ordnancesurvey.co.uk/id/7000000000041429,Scotland,http://data.ordnancesurvey.co.uk/id/country/scotland,,,
osgb4000000074809588,http://data.ordnancesurvey.co.uk/id/4000000074809588,Loch of Gardie,,,,hydrography,Inland Water,458452,1201022,1000,500000,458203,1200761,458703,1201261,ZE2,http://data.ordnancesurvey.co.uk/id/postcodedistrict/ZE2,,,,,,,Shetland Islands,http://data.ordnancesurvey.co.uk/id/7000000000186620,http://data.ordnancesurvey.co.uk/ontology/admingeo/UnitaryAuthority,Scotland,http://data.ordnancesurvey.co.uk/id/7000000000041429,Scotland,http://data.ordnancesurvey.co.uk/id/country/scotland,,,
osgb4000000074755476,http://data.ordnancesurvey.co.uk/id/4000000074755476,Houllnan Ness,,,,landform,Coastal Headland,456718,1205402,3000,750000,456466,1205152,456966,1205652,ZE2,http://data.ordnancesurvey.co.uk/id/postcodedistrict/ZE2,,,,,,,Shetland Islands,http://data.ordnancesurvey.co.uk/id/7000000000186620,http://data.ordnancesurvey.co.uk/ontology/admingeo/UnitaryAuthority,Scotland,http://data.ordnancesurvey.co.uk/id/7000000000041429,Scotland,http://data.ordnancesurvey.co.uk/id/country/scotland,,,
osgb4000000074759415,http://data.ordnancesurvey.co.uk/id/4000000074759415,Skate Stack,,,,landform,Other Coastal Landform,457831,1211766,1000,50000,457581,1211519,458081,1212019,ZE2,http://data.ordnancesurvey.co.uk/id/postcodedistrict/ZE2,,,,,,,Shetland Islands,http://data.ordnancesurvey.co.uk/id/7000000000186620,http://data.ordnancesurvey.co.uk/ontology/admingeo/UnitaryAuthority,Scotland,http://data.ordnancesurvey.co.uk/id/7000000000041429,Scotland,http://data.ordnancesurvey.co.uk/id/country/scotland,,,
osgb4000000074755234,http://data.ordnancesurvey.co.uk/id/4000000074755234,The Smeid,,,,landform,Other Coastal Landform,449570,1205574,1000,50000,449320,1205324,449820,1205824,ZE2,http://data.ordnancesurvey.co.uk/id/postcodedistrict/ZE2,,,,,,,Shetland Islands,http://data.ordnancesurvey.co.uk/id/7000000000186620,http://data.ordnancesurvey.co.uk/ontology/admingeo/UnitaryAuthority,Scotland,http://data.ordnancesurvey.co.uk/id/7000000000041429,Scotland,http://data.ordnancesurvey.co.uk/id/country/scotland,,,
osgb4000000074724343,http://data.ordnancesurvey.co.uk/id/4000000074724343,Whitra Dale,,,,landform,Valley,453760,1202047,5000,800000,453510,1201825,454010,1202556,ZE2,http://data.ordnancesurvey.co.uk/id/postcodedistrict/ZE2,,,,,,,Shetland Islands,http://data.ordnancesurvey.co.uk/id/7000000000186620,http://data.ordnancesurvey.co.uk/ontology/admingeo/UnitaryAuthority,Scotland,http://data.ordnancesurvey.co.uk/id/7000000000041429,Scotland,http://data.ordnancesurvey.co.uk/id/country/scotland,,,
osgb4000000074755780,http://data.ordnancesurvey.co.uk/id/4000000074755780,The Gruad,,,,landform,Other Coastal Landform,455527,1204519,1000,50000,455277,1204252,455777,1204752,ZE2,http://data.ordnancesurvey.co.uk/id/postcodedistrict/ZE2,,,,,,,Shetland Islands,http://data.ordnancesurvey.co.uk/id/7000000000186620,http://data.ordnancesurvey.co.uk/ontology/admingeo/UnitaryAuthority,Scotland,http://data.ordnancesurvey.co.uk/id/7000000000041429,Scotland,http://data.ordnancesurvey.co.uk/id/country/scotland,,,
osgb4000000074587054,http://data.ordnancesurvey.co.uk/id/4000000074587054,Outergerdie Geo,,,,landform,Other Coastal Landform,457387,1212102,1000,15000,457137,1211852,457637,1212352,ZE2,http://data.ordnancesurvey.co.uk/id/postcodedistrict/ZE2,,,,,,,Shetland Islands,http://data.ordnancesurvey.co.uk/id/7000000000186620,http://data.ordnancesurvey.co.uk/ontology/admingeo/UnitaryAuthority,Scotland,http://data.ordnancesurvey.co.uk/id/7000000000041429,Scotland,http://data.ordnancesurvey.co.uk/id/country/scotland,,,
osgb4000000074611503,http://data.ordnancesurvey.co.uk/id/4000000074611503,Migga Ness,,,,landform,Other Coastal Landform,453840,1205351,1000,50000,453590,1205097,454090,1205597,ZE2,http://data.ordnancesurvey.co.uk/id/postcodedistrict/ZE2,,,,,,,Shetland Islands,http://data.ordnancesurvey.co.uk/id/7000000000186620,http://data.ordnancesurvey.co.uk/ontology/admingeo/UnitaryAuthority,Scotland,http://data.ordnancesurvey.co.uk/id/7000000000041429,Scotland,http://data.ordnancesurvey.co.uk/id/country/scotland,,,
osgb4000000074755778,http://data.ordnancesurvey.co.uk/id/4000000074755778,Flue Taing,,,,landform,Other Coastal Landform,456232,1202927,1000,50000,455982,1202721,456482,1203221,ZE2,http://data.ordnancesurvey.co.uk/id/postcodedistrict/ZE2,,,,,,,Shetland Islands,http://data.ordnancesurvey.co.uk/id/7000000000186620,http://data.ordnancesurvey.co.uk/ontology/admingeo/UnitaryAuthority,Scotland,http://data.ordnancesurvey.co.uk/id/7000000000041429,Scotland,http://data.ordnancesurvey.co.uk/id/country/scotland,,,
osgb4000000074755779,http://data.ordnancesurvey.co.uk/id/4000000074755779,Red Stone,,,,landform,Other Coastal Landform,456249,1202770,1000,50000,455999,1202544,456499,1203044,ZE2,http://data.ordnancesurvey.co.uk/id/postcodedistrict/ZE2,,,,,,,Shetland Islands,http://data.ordnancesurvey.co.uk/id/7000000000186620,http://data.ordnancesurvey.co.uk/ontology/admingeo/UnitaryAuthority,Scotland,http://data.ordnancesurvey.co.uk/id/7000000000041429,Scotland,http://data.ordnancesurvey.co.uk/id/country/scotland,,,
osgb4000000074755919,http://data.ordnancesurvey.co.uk/id/4000000074755919,Virdi Point,,,,landform,Other Coastal Landform,454900,1200342,1000,50000,454680,1200092,455180,1200592,ZE2,http://data.ordnancesurvey.co.uk/id/postcodedistrict/ZE2,,,,,,,Shetland Islands,http://data.ordnancesurvey.co.uk/id/7000000000186620,http://data.ordnancesurvey.co.uk/ontology/admingeo/UnitaryAuthority,Scotland,http://data.ordnancesurvey.co.uk/id/7000000000041429,Scotland,http://data.ordnancesurvey.co.uk/id/country/scotland,,,
osgb4000000074609171,http://data.ordnancesurvey.co.uk/id/4000000074609171,Gamli Stack,,,,landform,Other Coastal Landform,458087,1210542,1000,50000,457837,1210284,458337,1210784,ZE2,http://data.ordnancesurvey.co.uk/id/postcodedistrict/ZE2,,,,,,,Shetland Islands,http://data.ordnancesurvey.co.uk/id/7000000000186620,http://data.ordnancesurvey.co.uk/ontology/admingeo/UnitaryAuthority,Scotland,http://data.ordnancesurvey.co.uk/id/7000000000041429,Scotland,http://data.ordnancesurvey.co.uk/id/country/scotland,,,
osgb4000000074611501,http://data.ordnancesurvey.co.uk/id/4000000074611501,Round Holm,,,,landform,Island,456216,1205994,1000,800000,455967,1205742,456467,1206242,ZE2,http://data.ordnancesurvey.co.uk/id/postcodedistrict/ZE2,,,,,,,Shetland Islands,http://data.ordnancesurvey.co.uk/id/7000000000186620,http://data.ordnancesurvey.co.uk/ontology/admingeo/UnitaryAuthority,Scotland,http://data.ordnancesurvey.co.uk/id/7000000000041429,Scotland,http://data.ordnancesurvey.co.uk/id/country/scotland,,,
osgb4000000074755180,http://data.ordnancesurvey.co.uk/id/4000000074755180,Flubersgerdie,,,,landform,Coastal Headland,457287,1212479,4000,750000,457037,1212144,457537,1212752,ZE2,http://data.ordnancesurvey.co.uk/id/postcodedistrict/ZE2,,,,,,,Shetland Islands,http://data.ordnancesurvey.co.uk/id/7000000000186620,http://data.ordnancesurvey.co.uk/ontology/admingeo/UnitaryAuthority,Scotland,http://data.ordnancesurvey.co.uk/id/7000000000041429,Scotland,http://data.ordnancesurvey.co.uk/id/country/scotland,,,
osgb4000000074755373,http://data.ordnancesurvey.co.uk/id/4000000074755373,Clingra,,,,landform,Other Coastal Landform,456403,1201885,1000,50000,456162,1201635,456662,1202135,ZE2,http://data.ordnancesurvey.co.uk/id/postcodedistrict/ZE2,,,,,,,Shetland Islands,http://data.ordnancesurvey.co.uk/id/7000000000186620,http://data.ordnancesurvey.co.uk/ontology/admingeo/UnitaryAuthority,Scotland,http://data.ordnancesurvey.co.uk/id/7000000000041429,Scotland,http://data.ordnancesurvey.co.uk/id/country/scotland,,,
osgb4000000074612746,http://data.ordnancesurvey.co.uk/id/4000000074612746,The Greing,,,,landform,Other Coastal Landform,459974,1218136,1000,50000,459724,1217875,460224,1218375,ZE2,http://data.ordnancesurvey.co.uk/id/postcodedistrict/ZE2,,,,,,,Shetland Islands,http://data.ordnancesurvey.co.uk/id/7000000000186620,http://data.ordnancesurvey.co.uk/ontology/admingeo/UnitaryAuthority,Scotland,http://data.ordnancesurvey.co.uk/id/7000000000041429,Scotland,http://data.ordnancesurvey.co.uk/id/country/scotland,,,
osgb4000000074755879,http://data.ordnancesurvey.co.uk/id/4000000074755879,Brim Ness,,,,landform,Coastal Headland,451645,1205325,2000,750000,451427,1205075,451927,1205575,ZE2,http://data.ordnancesurvey.co.uk/id/postcodedistrict/ZE2,,,,,,,Shetland Islands,http://data.ordnancesurvey.co.uk/id/7000000000186620,http://data.ordnancesurvey.co.uk/ontology/admingeo/UnitaryAuthority,Scotland,http://data.ordnancesurvey.co.uk/id/7000000000041429,Scotland,http://data.ordnancesurvey.co.uk/id/country/scotland,,,
osgb4000000074611923,http://data.ordnancesurvey.co.uk/id/4000000074611923,Rug,,,,landform,Other Coastal Landform,452145,1206161,1000,50000,451905,1205911,452405,1206411,ZE2,http://data.ordnancesurvey.co.uk/id/postcodedistrict/ZE2,,,,,,,Shetland Islands,http://data.ordnancesurvey.co.uk/id/7000000000186620,http://data.ordnancesurvey.co.uk/ontology/admingeo/UnitaryAuthority,Scotland,http://data.ordnancesurvey.co.uk/id/7000000000041429,Scotland,http://data.ordnancesurvey.co.uk/id/country/scotland,,,
osgb4000000074755921,http://data.ordnancesurvey.co.uk/id/4000000074755921,Sail Head,,,,landform,Coastal Headland,456124,1201737,1000,750000,455875,1201485,456375,1201985,ZE2,http://data.ordnancesurvey.co.uk/id/postcodedistrict/ZE2,,,,,,,Shetland Islands,http://data.ordnancesurvey.co.uk/id/7000000000186620,http://data.ordnancesurvey.co.uk/ontology/admingeo/UnitaryAuthority,Scotland,http://data.ordnancesurvey.co.uk/id/7000000000041429,Scotland,http://data.ordnancesurvey.co.uk/id/country/scotland,,,
osgb4000000074755285,http://data.ordnancesurvey.co.uk/id/4000000074755285,Raabit Kame,,,,landform,Cliff Or Slope,459955,1216634,1000,40000,459705,1216425,460205,1216925,ZE2,http://data.ordnancesurvey.co.uk/id/postcodedistrict/ZE2,,,,,,,Shetland Islands,http://data.ordnancesurvey.co.uk/id/7000000000186620,http://data.ordnancesurvey.co.uk/ontology/admingeo/UnitaryAuthority,Scotland,http://data.ordnancesurvey.co.uk/id/7000000000041429,Scotland,http://data.ordnancesurvey.co.uk/id/country/scotland,,,
osgb4000000074755211,http://data.ordnancesurvey.co.uk/id/4000000074755211,Mammascolla,,,,landcover,Wetland,457808,1209207,1000,200000,457536,1208957,458036,1209457,ZE2,http://data.ordnancesurvey.co.uk/id/postcodedistrict/ZE2,,,,,,,Shetland Islands,http://data.ordnancesurvey.co.uk/id/7000000000186620,http://data.ordnancesurvey.co.uk/ontology/admingeo/UnitaryAuthority,Scotland,http://data.ordnancesurvey.co.uk/id/7000000000041429,Scotland,http://data.ordnancesurvey.co.uk/id/country/scotland,,,
osgb4000000074586814,http://data.ordnancesurvey.co.uk/id/4000000074586814,Mio Geo,,,,landform,Other Coastal Landform,456260,1202629,1000,15000,456011,1202380,456511,1202880,ZE2,http://data.ordnancesurvey.co.uk/id/postcodedistrict/ZE2,,,,,,,Shetland Islands,http://data.ordnancesurvey.co.uk/id/7000000000186620,http://data.ordnancesurvey.co.uk/ontology/admingeo/UnitaryAuthority,Scotland,http://data.ordnancesurvey.co.uk/id/7000000000041429,Scotland,http://data.ordnancesurvey.co.uk/id/country/scotland,,,
osgb4000000074759785,http://data.ordnancesurvey.co.uk/id/4000000074759785,Tuvvacuddies,,,,landform,Other Coastal Landform,458704,1200091,1000,50000,458455,1199841,458955,1200341,ZE2,http://data.ordnancesurvey.co.uk/id/postcodedistrict/ZE2,,,,,,,Shetland Islands,http://data.ordnancesurvey.co.uk/id/7000000000186620,http://data.ordnancesurvey.co.uk/ontology/admingeo/UnitaryAuthority,Scotland,http://data.ordnancesurvey.co.uk/id/7000000000041429,Scotland,http://data.ordnancesurvey.co.uk/id/country/scotland,,,
osgb4000000074755167,http://data.ordnancesurvey.co.uk/id/4000000074755167,Geos of Trutis,,,,landform,Other Coastal Landform,450924,1205402,1000,15000,450674,1205159,451174,1205659,ZE2,http://data.ordnancesurvey.co.uk/id/postcodedistrict/ZE2,,,,,,,Shetland Islands,http://data.ordnancesurvey.co.uk/id/7000000000186620,http://data.ordnancesurvey.co.uk/ontology/admingeo/UnitaryAuthority,Scotland,http://data.ordnancesurvey.co.uk/id/7000000000041429,Scotland,http://data.ordnancesurvey.co.uk/id/country/scotland,,,
osgb4000000074612331,http://data.ordnancesurvey.co.uk/id/4000000074612331,Lang Holm,,,,landform,Island,456184,1206410,2000,800000,455934,1206113,456434,1206613,ZE2,http://data.ordnancesurvey.co.uk/id/postcodedistrict/ZE2,,,,,,,Shetland Islands,http://data.ordnancesurvey.co.uk/id/7000000000186620,http://data.ordnancesurvey.co.uk/ontology/admingeo/UnitaryAuthority,Scotland,http://data.ordnancesurvey.co.uk/id/7000000000041429,Scotland,http://data.ordnancesurvey.co.uk/id/country/scotland,,,
osgb4000000074805384,http://data.ordnancesurvey.co.uk/id/4000000074805384,Loch of Belmont,,,,hydrography,Inland Water,456228,1200998,3000,500000,455978,1200681,456478,1201192,ZE2,http://data.ordnancesurvey.co.uk/id/postcodedistrict/ZE2,,,,,,,Shetland Islands,http://data.ordnancesurvey.co.uk/id/7000000000186620,http://data.ordnancesurvey.co.uk/ontology/admingeo/UnitaryAuthority,Scotland,http://data.ordnancesurvey.co.uk/id/7000000000041429,Scotland,http://data.ordnancesurvey.co.uk/id/country/scotland,,,
osgb4000000074755377,http://data.ordnancesurvey.co.uk/id/4000000074755377,Goturm's Hole,,,,landform,Other Coastal Landform,458645,1214491,1000,20000,458395,1214241,458895,1214741,ZE2,http://data.ordnancesurvey.co.uk/id/postcodedistrict/ZE2,,,,,,,Shetland Islands,http://data.ordnancesurvey.co.uk/id/7000000000186620,http://data.ordnancesurvey.co.uk/ontology/admingeo/UnitaryAuthority,Scotland,http://data.ordnancesurvey.co.uk/id/7000000000041429,Scotland,http://data.ordnancesurvey.co.uk/id/country/scotland,,,
osgb4000000074755283,http://data.ordnancesurvey.co.uk/id/4000000074755283,Hesta Lees,,,,landform,Other Coastal Landform,459581,1216551,1000,50000,459331,1216300,459831,1216800,ZE2,http://data.ordnancesurvey.co.uk/id/postcodedistrict/ZE2,,,,,,,Shetland Islands,http://data.ordnancesurvey.co.uk/id/7000000000186620,http://data.ordnancesurvey.co.uk/ontology/admingeo/UnitaryAuthority,Scotland,http://data.ordnancesurvey.co.uk/id/7000000000041429,Scotland,http://data.ordnancesurvey.co.uk/id/country/scotland,,,
osgb4000000074586916,http://data.ordnancesurvey.co.uk/id/4000000074586916,Sillock Geos,,,,landform,Other Coastal Landform,450000,1205180,1000,15000,449768,1204930,450268,1205430,ZE2,http://data.ordnancesurvey.co.uk/id/postcodedistrict/ZE2,,,,,,,Shetland Islands,http://data.ordnancesurvey.co.uk/id/7000000000186620,http://data.ordnancesurvey.co.uk/ontology/admingeo/UnitaryAuthority,Scotland,http://data.ordnancesurvey.co.uk/id/7000000000041429,Scotland,http://data.ordnancesurvey.co.uk/id/country/scotland,,,
osgb4000000074789360,http://data.ordnancesurvey.co.uk/id/4000000074789360,North Sound,,,,hydrography,Sea,456429,1206257,3000,12000000,456179,1205991,456679,1206501,ZE2,http://data.ordnancesurvey.co.uk/id/postcodedistrict/ZE2,,,,,,,Shetland Islands,http://data.ordnancesurvey.co.uk/id/7000000000186620,http://data.ordnancesurvey.co.uk/ontology/admingeo/UnitaryAuthority,Scotland,http://data.ordnancesurvey.co.uk/id/7000000000041429,Scotland,http://data.ordnancesurvey.co.uk/id/country/scotland,,,
osgb4000000074747540,http://data.ordnancesurvey.co.uk/id/4000000074747540,Cliva Skerries,,,,landform,Other Coastal Landform,459919,1200510,1000,50000,459669,1200259,460169,1200759,ZE2,http://data.ordnancesurvey.co.uk/id/postcodedistrict/ZE2,,,,,,,Shetland Islands,http://data.ordnancesurvey.co.uk/id/7000000000186620,http://data.ordnancesurvey.co.uk/ontology/admingeo/UnitaryAuthority,Scotland,http://data.ordnancesurvey.co.uk/id/7000000000041429,Scotland,http://data.ordnancesurvey.co.uk/id/country/scotland,,,
osgb4000000074755229,http://data.ordnancesurvey.co.uk/id/4000000074755229,Tonga,,,,landform,Coastal Headland,458609,1214997,7000,750000,457987,1214667,459027,1215328,ZE2,http://data.ordnancesurvey.co.uk/id/postcodedistrict/ZE2,,,,,,,Shetland Islands,http://data.ordnancesurvey.co.uk/id/7000000000186620,http://data.ordnancesurvey.co.uk/ontology/admingeo/UnitaryAuthority,Scotland,http://data.ordnancesurvey.co.uk/id/7000000000041429,Scotland,http://data.ordnancesurvey.co.uk/id/country/scotland,,,
osgb4000000074755962,http://data.ordnancesurvey.co.uk/id/4000000074755962,Point of Coppister,,,,landform,Other Coastal Landform,457067,1204910,1000,50000,456817,1204691,457317,1205191,ZE2,http://data.ordnancesurvey.co.uk/id/postcodedistrict/ZE2,,,,,,,Shetland Islands,http://data.ordnancesurvey.co.uk/id/7000000000186620,http://data.ordnancesurvey.co.uk/ontology/admingeo/UnitaryAuthority,Scotland,http://data.ordnancesurvey.co.uk/id/7000000000041429,Scotland,http://data.ordnancesurvey.co.uk/id/country/scotland,,,
osgb4000000074805825,http://data.ordnancesurvey.co.uk/id/4000000074805825,Black Loch,,,,hydrography,Inland Water,459814,1206307,1000,500000,459564,1206057,460064,1206557,ZE2,http://data.ordnancesurvey.co.uk/id/postcodedistrict/ZE2,,,,,,,Shetland Islands,http://data.ordnancesurvey.co.uk/id/7000000000186620,http://data.ordnancesurvey.co.uk/ontology/admingeo/UnitaryAuthority,Scotland,http://data.ordnancesurvey.co.uk/id/7000000000041429,Scotland,http://data.ordnancesurvey.co.uk/id/country/scotland,,,
osgb4000000074755928,http://data.ordnancesurvey.co.uk/id/4000000074755928,Longa Tonga,,,,landform,Other Coastal Landform,452724,1205562,1000,20000,452474,1205308,452974,1205808,ZE2,http://data.ordnancesurvey.co.uk/id/postcodedistrict/ZE2,,,,,,,Shetland Islands,http://data.ordnancesurvey.co.uk/id/7000000000186620,http://data.ordnancesurvey.co.uk/ontology/admingeo/UnitaryAuthority,Scotland,http://data.ordnancesurvey.co.uk/id/7000000000041429,Scotland,http://data.ordnancesurvey.co.uk/id/country/scotland,,,
osgb4000000074789368,http://data.ordnancesurvey.co.uk/id/4000000074789368,Gloup Voe,,,,hydrography,Bay,450343,1204762,14000,150000,450032,1202994,450625,1205131,ZE2,http://data.ordnancesurvey.co.uk/id/postcodedistrict/ZE2,,,,,,,Shetland Islands,http://data.ordnancesurvey.co.uk/id/7000000000186620,http://data.ordnancesurvey.co.uk/ontology/admingeo/UnitaryAuthority,Scotland,http://data.ordnancesurvey.co.uk/id/7000000000041429,Scotland,http://data.ordnancesurvey.co.uk/id/country/scotland,,,
osgb4000000074804951,http://data.ordnancesurvey.co.uk/id/4000000074804951,Loch of Snabrough,,,,hydrography,Inland Water,456797,1202631,2000,500000,456547,1202385,457047,1202885,ZE2,http://data.ordnancesurvey.co.uk/id/postcodedistrict/ZE2,,,,,,,Shetland Islands,http://data.ordnancesurvey.co.uk/id/7000000000186620,http://data.ordnancesurvey.co.uk/ontology/admingeo/UnitaryAuthority,Scotland,http://data.ordnancesurvey.co.uk/id/7000000000041429,Scotland,http://data.ordnancesurvey.co.uk/id/country/scotland,,,
osgb4000000074755522,http://data.ordnancesurvey.co.uk/id/4000000074755522,Fogra Dale,,,,landform,Other Coastal Landform,456023,1203325,1000,50000,455780,1203076,456280,1203576,ZE2,http://data.ordnancesurvey.co.uk/id/postcodedistrict/ZE2,,,,,,,Shetland Islands,http://data.ordnancesurvey.co.uk/id/7000000000186620,http://data.ordnancesurvey.co.uk/ontology/admingeo/UnitaryAuthority,Scotland,http://data.ordnancesurvey.co.uk/id/7000000000041429,Scotland,http://data.ordnancesurvey.co.uk/id/country/scotland,,,
osgb4000000074755378,http://data.ordnancesurvey.co.uk/id/4000000074755378,Greff,,,,landform,Coastal Headland,457652,1213515,2000,750000,457402,1213242,457902,1213742,ZE2,http://data.ordnancesurvey.co.uk/id/postcodedistrict/ZE2,,,,,,,Shetland Islands,http://data.ordnancesurvey.co.uk/id/7000000000186620,http://data.ordnancesurvey.co.uk/ontology/admingeo/UnitaryAuthority,Scotland,http://data.ordnancesurvey.co.uk/id/7000000000041429,Scotland,http://data.ordnancesurvey.co.uk/id/country/scotland,,,
osgb4000000074755620,http://data.ordnancesurvey.co.uk/id/4000000074755620,Inna Yea,,,,landform,Other Coastal Landform,452517,1205686,1000,50000,452270,1205436,452770,1205936,ZE2,http://data.ordnancesurvey.co.uk/id/postcodedistrict/ZE2,,,,,,,Shetland Islands,http://data.ordnancesurvey.co.uk/id/7000000000186620,http://data.ordnancesurvey.co.uk/ontology/admingeo/UnitaryAuthority,Scotland,http://data.ordnancesurvey.co.uk/id/7000000000041429,Scotland,http://data.ordnancesurvey.co.uk/id/country/scotland,,,
osgb4000000074755621,http://data.ordnancesurvey.co.uk/id/4000000074755621,Little Blee,,,,landform,Other Coastal Landform,450405,1205864,1000,50000,450155,1205614,450655,1206114,ZE2,http://data.ordnancesurvey.co.uk/id/postcodedistrict/ZE2,,,,,,,Shetland Islands,http://data.ordnancesurvey.co.uk/id/7000000000186620,http://data.ordnancesurvey.co.uk/ontology/admingeo/UnitaryAuthority,Scotland,http://data.ordnancesurvey.co.uk/id/7000000000041429,Scotland,http://data.ordnancesurvey.co.uk/id/country/scotland,,,
osgb4000000074755960,http://data.ordnancesurvey.co.uk/id/4000000074755960,West Beach,,,,landcover,Beach,459603,1200050,1000,100000,459407,1199800,459907,1200300,ZE2,http://data.ordnancesurvey.co.uk/id/postcodedistrict/ZE2,,,,,,,Shetland Islands,http://data.ordnancesurvey.co.uk/id/7000000000186620,http://data.ordnancesurvey.co.uk/ontology/admingeo/UnitaryAuthority,Scotland,http://data.ordnancesurvey.co.uk/id/7000000000041429,Scotland,http://data.ordnancesurvey.co.uk/id/country/scotland,,,
osgb4000000074755959,http://data.ordnancesurvey.co.uk/id/4000000074755959,Croo Taing,,,,landform,Other Coastal Landform,459892,1200033,1000,50000,459642,1199783,460142,1200283,ZE2,http://data.ordnancesurvey.co.uk/id/postcodedistrict/ZE2,,,,,,,Shetland Islands,http://data.ordnancesurvey.co.uk/id/7000000000186620,http://data.ordnancesurvey.co.uk/ontology/admingeo/UnitaryAuthority,Scotland,http://data.ordnancesurvey.co.uk/id/7000000000041429,Scotland,http://data.ordnancesurvey.co.uk/id/country/scotland,,,
osgb4000000074755525,http://data.ordnancesurvey.co.uk/id/4000000074755525,Point of Hellia,,,,landform,Other Landform,450988,1205441,1000,15000,450738,1205189,451238,1205689,ZE2,http://data.ordnancesurvey.co.uk/id/postcodedistrict/ZE2,,,,,,,Shetland Islands,http://data.ordnancesurvey.co.uk/id/7000000000186620,http://data.ordnancesurvey.co.uk/ontology/admingeo/UnitaryAuthority,Scotland,http://data.ordnancesurvey.co.uk/id/7000000000041429,Scotland,http://data.ordnancesurvey.co.uk/id/country/scotland,,,
osgb4000000074613159,http://data.ordnancesurvey.co.uk/id/4000000074613159,Ruskock,,,,landform,Other Coastal Landform,459866,1218979,1000,50000,459616,1218729,460116,1219229,ZE2,http://data.ordnancesurvey.co.uk/id/postcodedistrict/ZE2,,,,,,,Shetland Islands,http://data.ordnancesurvey.co.uk/id/7000000000186620,http://data.ordnancesurvey.co.uk/ontology/admingeo/UnitaryAuthority,Scotland,http://data.ordnancesurvey.co.uk/id/7000000000041429,Scotland,http://data.ordnancesurvey.co.uk/id/country/scotland,,,
osgb4000000074611082,http://data.ordnancesurvey.co.uk/id/4000000074611082,Brough Holm,,,,landform,Island,456618,1205851,2000,800000,456368,1205624,456868,1206124,ZE2,http://data.ordnancesurvey.co.uk/id/postcodedistrict/ZE2,,,,,,,Shetland Islands,http://data.ordnancesurvey.co.uk/id/7000000000186620,http://data.ordnancesurvey.co.uk/ontology/admingeo/UnitaryAuthority,Scotland,http://data.ordnancesurvey.co.uk/id/7000000000041429,Scotland,http://data.ordnancesurvey.co.uk/id/country/scotland,,,
osgb4000000074755821,http://data.ordnancesurvey.co.uk/id/4000000074755821,The Lee,,,,landform,Cliff Or Slope,455902,1203694,1000,40000,455652,1203452,456152,1203952,ZE2,http://data.ordnancesurvey.co.uk/id/postcodedistrict/ZE2,,,,,,,Shetland Islands,http://data.ordnancesurvey.co.uk/id/7000000000186620,http://data.ordnancesurvey.co.uk/ontology/admingeo/UnitaryAuthority,Scotland,http://data.ordnancesurvey.co.uk/id/7000000000041429,Scotland,http://data.ordnancesurvey.co.uk/id/country/scotland,,,
osgb4000000074724342,http://data.ordnancesurvey.co.uk/id/4000000074724342,Trona Dale,,,,landform,Valley,459165,1204363,5000,800000,458916,1203992,459416,1204768,ZE2,http://data.ordnancesurvey.co.uk/id/postcodedistrict/ZE2,,,,,,,Shetland Islands,http://data.ordnancesurvey.co.uk/id/7000000000186620,http://data.ordnancesurvey.co.uk/ontology/admingeo/UnitaryAuthority,Scotland,http://data.ordnancesurvey.co.uk/id/7000000000041429,Scotland,http://data.ordnancesurvey.co.uk/id/country/scotland,,,
osgb4000000074589262,http://data.ordnancesurvey.co.uk/id/4000000074589262,Stackins-hocka,,,,landform,Other Coastal Landform,459416,1216748,1000,50000,459164,1216498,459664,1216998,ZE2,http://data.ordnancesurvey.co.uk/id/postcodedistrict/ZE2,,,,,,,Shetland Islands,http://data.ordnancesurvey.co.uk/id/7000000000186620,http://data.ordnancesurvey.co.uk/ontology/admingeo/UnitaryAuthority,Scotland,http://data.ordnancesurvey.co.uk/id/7000000000041429,Scotland,http://data.ordnancesurvey.co.uk/id/country/scotland,,,
osgb4000000074594552,http://data.ordnancesurvey.co.uk/id/4000000074594552,Skuda,,,,landform,Other Coastal Landform,451212,1205642,1000,50000,450962,1205404,451462,1205904,ZE2,http://data.ordnancesurvey.co.uk/id/postcodedistrict/ZE2,,,,,,,Shetland Islands,http://data.ordnancesurvey.co.uk/id/7000000000186620,http://data.ordnancesurvey.co.uk/ontology/admingeo/UnitaryAuthority,Scotland,http://data.ordnancesurvey.co.uk/id/7000000000041429,Scotland,http://data.ordnancesurvey.co.uk/id/country/scotland,,,
osgb4000000074587129,http://data.ordnancesurvey.co.uk/id/4000000074587129,Flowing Geo,,,,landform,Other Coastal Landform,457535,1209022,1000,15000,457279,1208772,457779,1209272,ZE2,http://data.ordnancesurvey.co.uk/id/postcodedistrict/ZE2,,,,,,,Shetland Islands,http://data.ordnancesurvey.co.uk/id/7000000000186620,http://data.ordnancesurvey.co.uk/ontology/admingeo/UnitaryAuthority,Scotland,http://data.ordnancesurvey.co.uk/id/7000000000041429,Scotland,http://data.ordnancesurvey.co.uk/id/country/scotland,,,
osgb4000000074755169,http://data.ordnancesurvey.co.uk/id/4000000074755169,Winna Taing,,,,landform,Coastal Headland,457149,1207240,1000,750000,456908,1206990,457408,1207490,ZE2,http://data.ordnancesurvey.co.uk/id/postcodedistrict/ZE2,,,,,,,Shetland Islands,http://data.ordnancesurvey.co.uk/id/7000000000186620,http://data.ordnancesurvey.co.uk/ontology/admingeo/UnitaryAuthority,Scotland,http://data.ordnancesurvey.co.uk/id/7000000000041429,Scotland,http://data.ordnancesurvey.co.uk/id/country/scotland,,,
osgb4000000074610384,http://data.ordnancesurvey.co.uk/id/4000000074610384,Tonga Stack,,,,landform,Other Coastal Landform,457842,1214948,1000,50000,457589,1214698,458089,1215198,ZE2,http://data.ordnancesurvey.co.uk/id/postcodedistrict/ZE2,,,,,,,Shetland Islands,http://data.ordnancesurvey.co.uk/id/7000000000186620,http://data.ordnancesurvey.co.uk/ontology/admingeo/UnitaryAuthority,Scotland,http://data.ordnancesurvey.co.uk/id/7000000000041429,Scotland,http://data.ordnancesurvey.co.uk/id/country/scotland,,,
osgb4000000074820401,http://data.ordnancesurvey.co.uk/id/4000000074820401,Stronggis Hole,,,,landform,Other Coastal Landform,447736,1205014,1000,20000,447481,1204764,447981,1205264,ZE2,http://data.ordnancesurvey.co.uk/id/postcodedistrict/ZE2,,,,,,,Shetland Islands,http://data.ordnancesurvey.co.uk/id/7000000000186620,http://data.ordnancesurvey.co.uk/ontology/admingeo/UnitaryAuthority,Scotland,http://data.ordnancesurvey.co.uk/id/7000000000041429,Scotland,http://data.ordnancesurvey.co.uk/id/country/scotland,,,
osgb4000000074725012,http://data.ordnancesurvey.co.uk/id/4000000074725012,Rigga Dale,,,,landform,Valley,449451,1203454,5000,800000,449201,1203109,449701,1203851,ZE2,http://data.ordnancesurvey.co.uk/id/postcodedistrict/ZE2,,,,,,,Shetland Islands,http://data.ordnancesurvey.co.uk/id/7000000000186620,http://data.ordnancesurvey.co.uk/ontology/admingeo/UnitaryAuthority,Scotland,http://data.ordnancesurvey.co.uk/id/7000000000041429,Scotland,http://data.ordnancesurvey.co.uk/id/country/scotland,,,
osgb4000000074790363,http://data.ordnancesurvey.co.uk/id/4000000074790363,Wick of Breckon,,,,hydrography,Bay,452241,1205375,10000,150000,451182,1204779,452741,1205944,ZE2,http://data.ordnancesurvey.co.uk/id/postcodedistrict/ZE2,,,,,,,Shetland Islands,http://data.ordnancesurvey.co.uk/id/7000000000186620,http://data.ordnancesurvey.co.uk/ontology/admingeo/UnitaryAuthority,Scotland,http://data.ordnancesurvey.co.uk/id/7000000000041429,Scotland,http://data.ordnancesurvey.co.uk/id/country/scotland,,,
osgb4000000074586899,http://data.ordnancesurvey.co.uk/id/4000000074586899,Lammigarth Geo,,,,landform,Other Coastal Landform,457808,1208133,1000,15000,457554,1207884,458054,1208384,ZE2,http://data.ordnancesurvey.co.uk/id/postcodedistrict/ZE2,,,,,,,Shetland Islands,http://data.ordnancesurvey.co.uk/id/7000000000186620,http://data.ordnancesurvey.co.uk/ontology/admingeo/UnitaryAuthority,Scotland,http://data.ordnancesurvey.co.uk/id/7000000000041429,Scotland,http://data.ordnancesurvey.co.uk/id/country/scotland,,,
osgb4000000074621661,http://data.ordnancesurvey.co.uk/id/4000000074621661,Ward of Houlland,,,,landform,Hill Or Mountain,458626,1209454,1000,300000,458376,1209204,458876,1209704,ZE2,http://data.ordnancesurvey.co.uk/id/postcodedistrict/ZE2,,,,,,,Shetland Islands,http://data.ordnancesurvey.co.uk/id/7000000000186620,http://data.ordnancesurvey.co.uk/ontology/admingeo/UnitaryAuthority,Scotland,http://data.ordnancesurvey.co.uk/id/7000000000041429,Scotland,http://data.ordnancesurvey.co.uk/id/country/scotland,,,
osgb4000000074621666,http://data.ordnancesurvey.co.uk/id/4000000074621666,Berry Knowe,,,,landform,Hill Or Mountain,458574,1207342,1000,300000,458324,1207092,458824,1207592,ZE2,http://data.ordnancesurvey.co.uk/id/postcodedistrict/ZE2,,,,,,,Shetland Islands,http://data.ordnancesurvey.co.uk/id/7000000000186620,http://data.ordnancesurvey.co.uk/ontology/admingeo/UnitaryAuthority,Scotland,http://data.ordnancesurvey.co.uk/id/7000000000041429,Scotland,http://data.ordnancesurvey.co.uk/id/country/scotland,,,
osgb4000000074755971,http://data.ordnancesurvey.co.uk/id/4000000074755971,Papil Ness,,,,landform,Coastal Headland,454429,1204378,5000,750000,454180,1203984,454680,1204812,ZE2,http://data.ordnancesurvey.co.uk/id/postcodedistrict/ZE2,,,,,,,Shetland Islands,http://data.ordnancesurvey.co.uk/id/7000000000186620,http://data.ordnancesurvey.co.uk/ontology/admingeo/UnitaryAuthority,Scotland,http://data.ordnancesurvey.co.uk/id/7000000000041429,Scotland,http://data.ordnancesurvey.co.uk/id/country/scotland,,,
osgb4000000074805383,http://data.ordnancesurvey.co.uk/id/4000000074805383,South Shun,,,,hydrography,Inland Water,458516,1206134,1000,500000,458266,1205885,458766,1206385,ZE2,http://data.ordnancesurvey.co.uk/id/postcodedistrict/ZE2,,,,,,,Shetland Islands,http://data.ordnancesurvey.co.uk/id/7000000000186620,http://data.ordnancesurvey.co.uk/ontology/admingeo/UnitaryAuthority,Scotland,http://data.ordnancesurvey.co.uk/id/7000000000041429,Scotland,http://data.ordnancesurvey.co.uk/id/country/scotland,,,
osgb4000000074759216,http://data.ordnancesurvey.co.uk/id/4000000074759216,Lamba Stack,,,,landform,Other Coastal Landform,455828,1204009,1000,20000,455579,1203760,456079,1204260,ZE2,http://data.ordnancesurvey.co.uk/id/postcodedistrict/ZE2,,,,,,,Shetland Islands,http://data.ordnancesurvey.co.uk/id/7000000000186620,http://data.ordnancesurvey.co.uk/ontology/admingeo/UnitaryAuthority,Scotland,http://data.ordnancesurvey.co.uk/id/7000000000041429,Scotland,http://data.ordnancesurvey.co.uk/id/country/scotland,,,
osgb4000000074610798,http://data.ordnancesurvey.co.uk/id/4000000074610798,Humla Stack,,,,landform,Other Coastal Landform,459930,1217989,1000,50000,459678,1217740,460178,1218240,ZE2,http://data.ordnancesurvey.co.uk/id/postcodedistrict/ZE2,,,,,,,Shetland Islands,http://data.ordnancesurvey.co.uk/id/7000000000186620,http://data.ordnancesurvey.co.uk/ontology/admingeo/UnitaryAuthority,Scotland,http://data.ordnancesurvey.co.uk/id/7000000000041429,Scotland,http://data.ordnancesurvey.co.uk/id/country/scotland,,,
osgb4000000074787225,http://data.ordnancesurvey.co.uk/id/4000000074787225,Mare's Pool,,,,hydrography,Tidal Water,450547,1203312,3000,100000,450297,1203016,450797,1203516,ZE2,http://data.ordnancesurvey.co.uk/id/postcodedistrict/ZE2,,,,,,,Shetland Islands,http://data.ordnancesurvey.co.uk/id/7000000000186620,http://data.ordnancesurvey.co.uk/ontology/admingeo/UnitaryAuthority,Scotland,http://data.ordnancesurvey.co.uk/id/7000000000041429,Scotland,http://data.ordnancesurvey.co.uk/id/country/scotland,,,
osgb4000000074621262,http://data.ordnancesurvey.co.uk/id/4000000074621262,Tittynans Hill,,,,landform,Hill Or Mountain,452086,1200011,1000,300000,451836,1199761,452336,1200261,ZE2,http://data.ordnancesurvey.co.uk/id/postcodedistrict/ZE2,,,,,,,Shetland Islands,http://data.ordnancesurvey.co.uk/id/7000000000186620,http://data.ordnancesurvey.co.uk/ontology/admingeo/UnitaryAuthority,Scotland,http://data.ordnancesurvey.co.uk/id/7000000000041429,Scotland,http://data.ordnancesurvey.co.uk/id/country/scotland,,,
osgb4000000074587174,http://data.ordnancesurvey.co.uk/id/4000000074587174,Biue Geo,,,,landform,Other Coastal Landform,451085,1205573,1000,15000,450836,1205326,451336,1205826,ZE2,http://data.ordnancesurvey.co.uk/id/postcodedistrict/ZE2,,,,,,,Shetland Islands,http://data.ordnancesurvey.co.uk/id/7000000000186620,http://data.ordnancesurvey.co.uk/ontology/admingeo/UnitaryAuthority,Scotland,http://data.ordnancesurvey.co.uk/id/7000000000041429,Scotland,http://data.ordnancesurvey.co.uk/id/country/scotland,,,
osgb4000000074804950,http://data.ordnancesurvey.co.uk/id/4000000074804950,Loch of Bordastubble,,,,hydrography,Inland Water,457339,1203027,1000,500000,457089,1202786,457589,1203286,ZE2,http://data.ordnancesurvey.co.uk/id/postcodedistrict/ZE2,,,,,,,Shetland Islands,http://data.ordnancesurvey.co.uk/id/7000000000186620,http://data.ordnancesurvey.co.uk/ontology/admingeo/UnitaryAuthority,Scotland,http://data.ordnancesurvey.co.uk/id/7000000000041429,Scotland,http://data.ordnancesurvey.co.uk/id/country/scotland,,,
osgb4000000074755876,http://data.ordnancesurvey.co.uk/id/4000000074755876,Earne Head,,,,landform,Coastal Headland,453178,1205229,1000,750000,452929,1204947,453429,1205447,ZE2,http://data.ordnancesurvey.co.uk/id/postcodedistrict/ZE2,,,,,,,Shetland Islands,http://data.ordnancesurvey.co.uk/id/7000000000186620,http://data.ordnancesurvey.co.uk/ontology/admingeo/UnitaryAuthority,Scotland,http://data.ordnancesurvey.co.uk/id/7000000000041429,Scotland,http://data.ordnancesurvey.co.uk/id/country/scotland,,,
osgb4000000074587093,http://data.ordnancesurvey.co.uk/id/4000000074587093,Comongie Geo,,,,landform,Other Coastal Landform,450474,1204945,1000,15000,450224,1204697,450724,1205197,ZE2,http://data.ordnancesurvey.co.uk/id/postcodedistrict/ZE2,,,,,,,Shetland Islands,http://data.ordnancesurvey.co.uk/id/7000000000186620,http://data.ordnancesurvey.co.uk/ontology/admingeo/UnitaryAuthority,Scotland,http://data.ordnancesurvey.co.uk/id/7000000000041429,Scotland,http://data.ordnancesurvey.co.uk/id/country/scotland,,,
osgb4000000074798020,http://data.ordnancesurvey.co.uk/id/4000000074798020,Lunda Wick,,,,hydrography,Tidal Water,456419,1204706,10000,150000,455760,1204001,457263,1205393,ZE2,http://data.ordnancesurvey.co.uk/id/postcodedistrict/ZE2,,,,,,,Shetland Islands,http://data.ordnancesurvey.co.uk/id/7000000000186620,http://data.ordnancesurvey.co.uk/ontology/admingeo/UnitaryAuthority,Scotland,http://data.ordnancesurvey.co.uk/id/7000000000041429,Scotland,http://data.ordnancesurvey.co.uk/id/country/scotland,,,
osgb4000000074755614,http://data.ordnancesurvey.co.uk/id/4000000074755614,Trunk of Scudageo,,,,landform,Other Coastal Landform,456315,1202350,1000,20000,456065,1202102,456565,1202602,ZE2,http://data.ordnancesurvey.co.uk/id/postcodedistrict/ZE2,,,,,,,Shetland Islands,http://data.ordnancesurvey.co.uk/id/7000000000186620,http://data.ordnancesurvey.co.uk/ontology/admingeo/UnitaryAuthority,Scotland,http://data.ordnancesurvey.co.uk/id/7000000000041429,Scotland,http://data.ordnancesurvey.co.uk/id/country/scotland,,,
osgb4000000074594556,http://data.ordnancesurvey.co.uk/id/4000000074594556,Oxna Geo,,,,landform,Other Coastal Landform,453501,1205154,1000,15000,453251,1204902,453751,1205402,ZE2,http://data.ordnancesurvey.co.uk/id/postcodedistrict/ZE2,,,,,,,Shetland Islands,http://data.ordnancesurvey.co.uk/id/7000000000186620,http://data.ordnancesurvey.co.uk/ontology/admingeo/UnitaryAuthority,Scotland,http://data.ordnancesurvey.co.uk/id/7000000000041429,Scotland,http://data.ordnancesurvey.co.uk/id/country/scotland,,,
osgb4000000074612329,http://data.ordnancesurvey.co.uk/id/4000000074612329,Leegal Skerry,,,,landform,Other Coastal Landform,456905,1211246,1000,50000,456648,1210996,457148,1211496,ZE2,http://data.ordnancesurvey.co.uk/id/postcodedistrict/ZE2,,,,,,,Shetland Islands,http://data.ordnancesurvey.co.uk/id/7000000000186620,http://data.ordnancesurvey.co.uk/ontology/admingeo/UnitaryAuthority,Scotland,http://data.ordnancesurvey.co.uk/id/7000000000041429,Scotland,http://data.ordnancesurvey.co.uk/id/country/scotland,,,
osgb4000000074790376,http://data.ordnancesurvey.co.uk/id/4000000074790376,Wick of Collaster,,,,hydrography,Bay,457376,1207366,2000,150000,457154,1207101,457654,1207601,ZE2,http://data.ordnancesurvey.co.uk/id/postcodedistrict/ZE2,,,,,,,Shetland Islands,http://data.ordnancesurvey.co.uk/id/7000000000186620,http://data.ordnancesurvey.co.uk/ontology/admingeo/UnitaryAuthority,Scotland,http://data.ordnancesurvey.co.uk/id/7000000000041429,Scotland,http://data.ordnancesurvey.co.uk/id/country/scotland,,,
osgb4000000074755477,http://data.ordnancesurvey.co.uk/id/4000000074755477,The Keen,,,,landform,Cliff Or Slope,455639,1204354,1000,40000,455427,1204104,455927,1204604,ZE2,http://data.ordnancesurvey.co.uk/id/postcodedistrict/ZE2,,,,,,,Shetland Islands,http://data.ordnancesurvey.co.uk/id/7000000000186620,http://data.ordnancesurvey.co.uk/ontology/admingeo/UnitaryAuthority,Scotland,http://data.ordnancesurvey.co.uk/id/7000000000041429,Scotland,http://data.ordnancesurvey.co.uk/id/country/scotland,,,
osgb4000000074587073,http://data.ordnancesurvey.co.uk/id/4000000074587073,Boadi Geo,,,,landform,Other Coastal Landform,452673,1205528,1000,15000,452423,1205299,452923,1205799,ZE2,http://data.ordnancesurvey.co.uk/id/postcodedistrict/ZE2,,,,,,,Shetland Islands,http://data.ordnancesurvey.co.uk/id/7000000000186620,http://data.ordnancesurvey.co.uk/ontology/admingeo/UnitaryAuthority,Scotland,http://data.ordnancesurvey.co.uk/id/7000000000041429,Scotland,http://data.ordnancesurvey.co.uk/id/country/scotland,,,
osgb4000000074588425,http://data.ordnancesurvey.co.uk/id/4000000074588425,Clay Geo,,,,landform,Other Coastal Landform,456650,1205211,1000,15000,456400,1204961,456900,1205461,ZE2,http://data.ordnancesurvey.co.uk/id/postcodedistrict/ZE2,,,,,,,Shetland Islands,http://data.ordnancesurvey.co.uk/id/7000000000186620,http://data.ordnancesurvey.co.uk/ontology/admingeo/UnitaryAuthority,Scotland,http://data.ordnancesurvey.co.uk/id/7000000000041429,Scotland,http://data.ordnancesurvey.co.uk/id/country/scotland,,,
osgb4000000074755875,http://data.ordnancesurvey.co.uk/id/4000000074755875,Easter Lee of Gloup,,,,landform,Other Coastal Landform,450686,1203697,6000,20000,450437,1203211,450937,1204173,ZE2,http://data.ordnancesurvey.co.uk/id/postcodedistrict/ZE2,,,,,,,Shetland Islands,http://data.ordnancesurvey.co.uk/id/7000000000186620,http://data.ordnancesurvey.co.uk/ontology/admingeo/UnitaryAuthority,Scotland,http://data.ordnancesurvey.co.uk/id/7000000000041429,Scotland,http://data.ordnancesurvey.co.uk/id/country/scotland,,,
osgb4000000074614897,http://data.ordnancesurvey.co.uk/id/4000000074614897,Yellow Stack,,,,landform,Other Coastal Landform,455865,1203895,1000,50000,455616,1203646,456116,1204146,ZE2,http://data.ordnancesurvey.co.uk/id/postcodedistrict/ZE2,,,,,,,Shetland Islands,http://data.ordnancesurvey.co.uk/id/7000000000186620,http://data.ordnancesurvey.co.uk/ontology/admingeo/UnitaryAuthority,Scotland,http://data.ordnancesurvey.co.uk/id/7000000000041429,Scotland,http://data.ordnancesurvey.co.uk/id/country/scotland,,,
osgb4000000074586988,http://data.ordnancesurvey.co.uk/id/4000000074586988,Gorsna Geo,,,,landform,Other Coastal Landform,451045,1205457,1000,15000,450795,1205206,451295,1205706,ZE2,http://data.ordnancesurvey.co.uk/id/postcodedistrict/ZE2,,,,,,,Shetland Islands,http://data.ordnancesurvey.co.uk/id/7000000000186620,http://data.ordnancesurvey.co.uk/ontology/admingeo/UnitaryAuthority,Scotland,http://data.ordnancesurvey.co.uk/id/7000000000041429,Scotland,http://data.ordnancesurvey.co.uk/id/country/scotland,,,
osgb4000000074586815,http://data.ordnancesurvey.co.uk/id/4000000074586815,Brei Geo,,,,landform,Other Coastal Landform,456273,1202690,1000,15000,456024,1202443,456524,1202943,ZE2,http://data.ordnancesurvey.co.uk/id/postcodedistrict/ZE2,,,,,,,Shetland Islands,http://data.ordnancesurvey.co.uk/id/7000000000186620,http://data.ordnancesurvey.co.uk/ontology/admingeo/UnitaryAuthority,Scotland,http://data.ordnancesurvey.co.uk/id/7000000000041429,Scotland,http://data.ordnancesurvey.co.uk/id/country/scotland,,,
osgb4000000074810041,http://data.ordnancesurvey.co.uk/id/4000000074810041,Heimar Water,,,,hydrography,Inland Water,458401,1212512,2000,500000,458152,1212290,458652,1212790,ZE2,http://data.ordnancesurvey.co.uk/id/postcodedistrict/ZE2,,,,,,,Shetland Islands,http://data.ordnancesurvey.co.uk/id/7000000000186620,http://data.ordnancesurvey.co.uk/ontology/admingeo/UnitaryAuthority,Scotland,http://data.ordnancesurvey.co.uk/id/7000000000041429,Scotland,http://data.ordnancesurvey.co.uk/id/country/scotland,,,
osgb4000000074586872,http://data.ordnancesurvey.co.uk/id/4000000074586872,Ler Geos,,,,landform,Other Coastal Landform,452907,1205581,1000,15000,452658,1205354,453158,1205854,ZE2,http://data.ordnancesurvey.co.uk/id/postcodedistrict/ZE2,,,,,,,Shetland Islands,http://data.ordnancesurvey.co.uk/id/7000000000186620,http://data.ordnancesurvey.co.uk/ontology/admingeo/UnitaryAuthority,Scotland,http://data.ordnancesurvey.co.uk/id/7000000000041429,Scotland,http://data.ordnancesurvey.co.uk/id/country/scotland,,,
osgb4000000074610797,http://data.ordnancesurvey.co.uk/id/4000000074610797,Urda Stack,,,,landform,Other Coastal Landform,459861,1217617,1000,50000,459637,1217367,460137,1217867,ZE2,http://data.ordnancesurvey.co.uk/id/postcodedistrict/ZE2,,,,,,,Shetland Islands,http://data.ordnancesurvey.co.uk/id/7000000000186620,http://data.ordnancesurvey.co.uk/ontology/admingeo/UnitaryAuthority,Scotland,http://data.ordnancesurvey.co.uk/id/7000000000041429,Scotland,http://data.ordnancesurvey.co.uk/id/country/scotland,,,
osgb4000000074720491,http://data.ordnancesurvey.co.uk/id/4000000074720491,Ayre of Spooness,,,,landcover,Beach,456786,1207061,1000,100000,456537,1206817,457037,1207317,ZE2,http://data.ordnancesurvey.co.uk/id/postcodedistrict/ZE2,,,,,,,Shetland Islands,http://data.ordnancesurvey.co.uk/id/7000000000186620,http://data.ordnancesurvey.co.uk/ontology/admingeo/UnitaryAuthority,Scotland,http://data.ordnancesurvey.co.uk/id/7000000000041429,Scotland,http://data.ordnancesurvey.co.uk/id/country/scotland,,,
osgb4000000074755201,http://data.ordnancesurvey.co.uk/id/4000000074755201,Gerherda,,,,landform,Other Coastal Landform,447505,1200889,1000,20000,447266,1200639,447766,1201139,ZE2,http://data.ordnancesurvey.co.uk/id/postcodedistrict/ZE2,,,,,,,Shetland Islands,http://data.ordnancesurvey.co.uk/id/7000000000186620,http://data.ordnancesurvey.co.uk/ontology/admingeo/UnitaryAuthority,Scotland,http://data.ordnancesurvey.co.uk/id/7000000000041429,Scotland,http://data.ordnancesurvey.co.uk/id/country/scotland,,,
osgb4000000074758735,http://data.ordnancesurvey.co.uk/id/4000000074758735,Bagi Stack,,,,landform,Other Coastal Landform,447756,1205097,1000,20000,447506,1204855,448006,1205355,ZE2,http://data.ordnancesurvey.co.uk/id/postcodedistrict/ZE2,,,,,,,Shetland Islands,http://data.ordnancesurvey.co.uk/id/7000000000186620,http://data.ordnancesurvey.co.uk/ontology/admingeo/UnitaryAuthority,Scotland,http://data.ordnancesurvey.co.uk/id/7000000000041429,Scotland,http://data.ordnancesurvey.co.uk/id/country/scotland,,,
osgb4000000074755573,http://data.ordnancesurvey.co.uk/id/4000000074755573,Stonga Ness,,,,landcover,Beach,454660,1202310,2000,100000,454410,1202001,454910,1202501,ZE2,http://data.ordnancesurvey.co.uk/id/postcodedistrict/ZE2,,,,,,,Shetland Islands,http://data.ordnancesurvey.co.uk/id/7000000000186620,http://data.ordnancesurvey.co.uk/ontology/admingeo/UnitaryAuthority,Scotland,http://data.ordnancesurvey.co.uk/id/7000000000041429,Scotland,http://data.ordnancesurvey.co.uk/id/country/scotland,,,
osgb4000000074805385,http://data.ordnancesurvey.co.uk/id/4000000074805385,Loch of Garth,,,,hydrography,Inland Water,454462,1200597,2000,500000,454212,1200349,454712,1200849,ZE2,http://data.ordnancesurvey.co.uk/id/postcodedistrict/ZE2,,,,,,,Shetland Islands,http://data.ordnancesurvey.co.uk/id/7000000000186620,http://data.ordnancesurvey.co.uk/ontology/admingeo/UnitaryAuthority,Scotland,http://data.ordnancesurvey.co.uk/id/7000000000041429,Scotland,http://data.ordnancesurvey.co.uk/id/country/scotland,,,
osgb4000000074755923,http://data.ordnancesurvey.co.uk/id/4000000074755923,Cruness,,,,landform,Coastal Headland,452515,1205028,2000,750000,452281,1204778,452781,1205278,ZE2,http://data.ordnancesurvey.co.uk/id/postcodedistrict/ZE2,,,,,,,Shetland Islands,http://data.ordnancesurvey.co.uk/id/7000000000186620,http://data.ordnancesurvey.co.uk/ontology/admingeo/UnitaryAuthority,Scotland,http://data.ordnancesurvey.co.uk/id/7000000000041429,Scotland,http://data.ordnancesurvey.co.uk/id/country/scotland,,,
osgb4000000074587095,http://data.ordnancesurvey.co.uk/id/4000000074587095,Croo Geo,,,,landform,Other Coastal Landform,457181,1207320,1000,15000,456932,1207069,457432,1207569,ZE2,http://data.ordnancesurvey.co.uk/id/postcodedistrict/ZE2,,,,,,,Shetland Islands,http://data.ordnancesurvey.co.uk/id/7000000000186620,http://data.ordnancesurvey.co.uk/ontology/admingeo/UnitaryAuthority,Scotland,http://data.ordnancesurvey.co.uk/id/7000000000041429,Scotland,http://data.ordnancesurvey.co.uk/id/country/scotland,,,
osgb4000000074755239,http://data.ordnancesurvey.co.uk/id/4000000074755239,Thistliba,,,,landform,Cliff Or Slope,449312,1205503,1000,40000,449062,1205230,449562,1205730,ZE2,http://data.ordnancesurvey.co.uk/id/postcodedistrict/ZE2,,,,,,,Shetland Islands,http://data.ordnancesurvey.co.uk/id/7000000000186620,http://data.ordnancesurvey.co.uk/ontology/admingeo/UnitaryAuthority,Scotland,http://data.ordnancesurvey.co.uk/id/7000000000041429,Scotland,http://data.ordnancesurvey.co.uk/id/country/scotland,,,
osgb4000000074755374,http://data.ordnancesurvey.co.uk/id/4000000074755374,The Hamars,,,,landform,Other Coastal Landform,458508,1213488,3000,20000,458259,1213430,458759,1213930,ZE2,http://data.ordnancesurvey.co.uk/id/postcodedistrict/ZE2,,,,,,,Shetland Islands,http://data.ordnancesurvey.co.uk/id/7000000000186620,http://data.ordnancesurvey.co.uk/ontology/admingeo/UnitaryAuthority,Scotland,http://data.ordnancesurvey.co.uk/id/7000000000041429,Scotland,http://data.ordnancesurvey.co.uk/id/country/scotland,,,
osgb4000000074587036,http://data.ordnancesurvey.co.uk/id/4000000074587036,Blee Geo,,,,landform,Other Coastal Landform,450508,1205813,1000,15000,450258,1205569,450758,1206069,ZE2,http://data.ordnancesurvey.co.uk/id/postcodedistrict/ZE2,,,,,,,Shetland Islands,http://data.ordnancesurvey.co.uk/id/7000000000186620,http://data.ordnancesurvey.co.uk/ontology/admingeo/UnitaryAuthority,Scotland,http://data.ordnancesurvey.co.uk/id/7000000000041429,Scotland,http://data.ordnancesurvey.co.uk/id/country/scotland,,,
osgb4000000074809171,http://data.ordnancesurvey.co.uk/id/4000000074809171,Dam Loch,,,,hydrography,Inland Water,459504,1201974,2000,500000,459254,1201711,459754,1202211,ZE2,http://data.ordnancesurvey.co.uk/id/postcodedistrict/ZE2,,,,,,,Shetland Islands,http://data.ordnancesurvey.co.uk/id/7000000000186620,http://data.ordnancesurvey.co.uk/ontology/admingeo/UnitaryAuthority,Scotland,http://data.ordnancesurvey.co.uk/id/7000000000041429,Scotland,http://data.ordnancesurvey.co.uk/id/country/scotland,,,
osgb4000000074755432,http://data.ordnancesurvey.co.uk/id/4000000074755432,Trinks of Scarse Sound,,,,landform,Other Coastal Landform,452146,1206162,1000,50000,451904,1205912,452404,1206412,ZE2,http://data.ordnancesurvey.co.uk/id/postcodedistrict/ZE2,,,,,,,Shetland Islands,http://data.ordnancesurvey.co.uk/id/7000000000186620,http://data.ordnancesurvey.co.uk/ontology/admingeo/UnitaryAuthority,Scotland,http://data.ordnancesurvey.co.uk/id/7000000000041429,Scotland,http://data.ordnancesurvey.co.uk/id/country/scotland,,,
osgb4000000074805386,http://data.ordnancesurvey.co.uk/id/4000000074805386,Loch of Cullivoe,,,,hydrography,Inland Water,453341,1202248,2000,500000,453091,1202023,453591,1202523,ZE2,http://data.ordnancesurvey.co.uk/id/postcodedistrict/ZE2,,,,,,,Shetland Islands,http://data.ordnancesurvey.co.uk/id/7000000000186620,http://data.ordnancesurvey.co.uk/ontology/admingeo/UnitaryAuthority,Scotland,http://data.ordnancesurvey.co.uk/id/7000000000041429,Scotland,http://data.ordnancesurvey.co.uk/id/country/scotland,,,
osgb4000000074587110,http://data.ordnancesurvey.co.uk/id/4000000074587110,Neapna Geo,,,,landform,Other Coastal Landform,459443,1216157,1000,15000,459208,1215907,459708,1216407,ZE2,http://data.ordnancesurvey.co.uk/id/postcodedistrict/ZE2,,,,,,,Shetland Islands,http://data.ordnancesurvey.co.uk/id/7000000000186620,http://data.ordnancesurvey.co.uk/ontology/admingeo/UnitaryAuthority,Scotland,http://data.ordnancesurvey.co.uk/id/7000000000041429,Scotland,http://data.ordnancesurvey.co.uk/id/country/scotland,,,
osgb4000000074594861,http://data.ordnancesurvey.co.uk/id/4000000074594861,Punds Geo,,,,landform,Other Coastal Landform,450671,1205745,1000,15000,450418,1205495,450918,1205995,ZE2,http://data.ordnancesurvey.co.uk/id/postcodedistrict/ZE2,,,,,,,Shetland Islands,http://data.ordnancesurvey.co.uk/id/7000000000186620,http://data.ordnancesurvey.co.uk/ontology/admingeo/UnitaryAuthority,Scotland,http://data.ordnancesurvey.co.uk/id/7000000000041429,Scotland,http://data.ordnancesurvey.co.uk/id/country/scotland,,,
osgb4000000074755376,http://data.ordnancesurvey.co.uk/id/4000000074755376,Orknagable,,,,landform,Other Coastal Landform,457437,1213375,2000,20000,457187,1213146,457687,1213646,ZE2,http://data.ordnancesurvey.co.uk/id/postcodedistrict/ZE2,,,,,,,Shetland Islands,http://data.ordnancesurvey.co.uk/id/7000000000186620,http://data.ordnancesurvey.co.uk/ontology/admingeo/UnitaryAuthority,Scotland,http://data.ordnancesurvey.co.uk/id/7000000000041429,Scotland,http://data.ordnancesurvey.co.uk/id/country/scotland,,,
osgb4000000074805826,http://data.ordnancesurvey.co.uk/id/4000000074805826,Black Shun,,,,hydrography,Inland Water,458717,1206657,1000,500000,458468,1206414,458968,1206914,ZE2,http://data.ordnancesurvey.co.uk/id/postcodedistrict/ZE2,,,,,,,Shetland Islands,http://data.ordnancesurvey.co.uk/id/7000000000186620,http://data.ordnancesurvey.co.uk/ontology/admingeo/UnitaryAuthority,Scotland,http://data.ordnancesurvey.co.uk/id/7000000000041429,Scotland,http://data.ordnancesurvey.co.uk/id/country/scotland,,,
osgb4000000074755615,http://data.ordnancesurvey.co.uk/id/4000000074755615,Haw of Flaess,,,,landform,Cliff Or Slope,456262,1202516,1000,40000,456012,1202288,456512,1202788,ZE2,http://data.ordnancesurvey.co.uk/id/postcodedistrict/ZE2,,,,,,,Shetland Islands,http://data.ordnancesurvey.co.uk/id/7000000000186620,http://data.ordnancesurvey.co.uk/ontology/admingeo/UnitaryAuthority,Scotland,http://data.ordnancesurvey.co.uk/id/7000000000041429,Scotland,http://data.ordnancesurvey.co.uk/id/country/scotland,,,
osgb4000000074755823,http://data.ordnancesurvey.co.uk/id/4000000074755823,The Nev,,,,landform,Cliff Or Slope,455710,1204718,2000,40000,455466,1204468,455966,1204968,ZE2,http://data.ordnancesurvey.co.uk/id/postcodedistrict/ZE2,,,,,,,Shetland Islands,http://data.ordnancesurvey.co.uk/id/7000000000186620,http://data.ordnancesurvey.co.uk/ontology/admingeo/UnitaryAuthority,Scotland,http://data.ordnancesurvey.co.uk/id/7000000000041429,Scotland,http://data.ordnancesurvey.co.uk/id/country/scotland,,,
osgb4000000074614740,http://data.ordnancesurvey.co.uk/id/4000000074614740,Aastack,,,,landform,Island,447708,1204430,1000,800000,447457,1204180,447957,1204680,ZE2,http://data.ordnancesurvey.co.uk/id/postcodedistrict/ZE2,,,,,,,Shetland Islands,http://data.ordnancesurvey.co.uk/id/7000000000186620,http://data.ordnancesurvey.co.uk/ontology/admingeo/UnitaryAuthority,Scotland,http://data.ordnancesurvey.co.uk/id/7000000000041429,Scotland,http://data.ordnancesurvey.co.uk/id/country/scotland,,,
osgb4000000074621263,http://data.ordnancesurvey.co.uk/id/4000000074621263,Moss Houll,,,,landform,Hill Or Mountain,452435,1201285,1000,300000,452185,1201035,452685,1201535,ZE2,http://data.ordnancesurvey.co.uk/id/postcodedistrict/ZE2,,,,,,,Shetland Islands,http://data.ordnancesurvey.co.uk/id/7000000000186620,http://data.ordnancesurvey.co.uk/ontology/admingeo/UnitaryAuthority,Scotland,http://data.ordnancesurvey.co.uk/id/7000000000041429,Scotland,http://data.ordnancesurvey.co.uk/id/country/scotland,,,
osgb4000000074610385,http://data.ordnancesurvey.co.uk/id/4000000074610385,Longa Stacks,,,,landform,Other Coastal Landform,458159,1215255,1000,50000,457878,1215006,458378,1215506,ZE2,http://data.ordnancesurvey.co.uk/id/postcodedistrict/ZE2,,,,,,,Shetland Islands,http://data.ordnancesurvey.co.uk/id/7000000000186620,http://data.ordnancesurvey.co.uk/ontology/admingeo/UnitaryAuthority,Scotland,http://data.ordnancesurvey.co.uk/id/7000000000041429,Scotland,http://data.ordnancesurvey.co.uk/id/country/scotland,,,
osgb4000000074755379,http://data.ordnancesurvey.co.uk/id/4000000074755379,Gable,,,,landform,Other Coastal Landform,457425,1213486,1000,50000,457175,1213237,457675,1213737,ZE2,http://data.ordnancesurvey.co.uk/id/postcodedistrict/ZE2,,,,,,,Shetland Islands,http://data.ordnancesurvey.co.uk/id/7000000000186620,http://data.ordnancesurvey.co.uk/ontology/admingeo/UnitaryAuthority,Scotland,http://data.ordnancesurvey.co.uk/id/7000000000041429,Scotland,http://data.ordnancesurvey.co.uk/id/country/scotland,,,
osgb4000000074759215,http://data.ordnancesurvey.co.uk/id/4000000074759215,Stack of Teistigeo,,,,landform,Other Coastal Landform,456219,1203071,1000,50000,455969,1202821,456469,1203321,ZE2,http://data.ordnancesurvey.co.uk/id/postcodedistrict/ZE2,,,,,,,Shetland Islands,http://data.ordnancesurvey.co.uk/id/7000000000186620,http://data.ordnancesurvey.co.uk/ontology/admingeo/UnitaryAuthority,Scotland,http://data.ordnancesurvey.co.uk/id/7000000000041429,Scotland,http://data.ordnancesurvey.co.uk/id/country/scotland,,,
osgb4000000074759218,http://data.ordnancesurvey.co.uk/id/4000000074759218,The Vere,,,,landform,Other Coastal Landform,455750,1205588,1000,50000,455500,1205306,456000,1205806,ZE2,http://data.ordnancesurvey.co.uk/id/postcodedistrict/ZE2,,,,,,,Shetland Islands,http://data.ordnancesurvey.co.uk/id/7000000000186620,http://data.ordnancesurvey.co.uk/ontology/admingeo/UnitaryAuthority,Scotland,http://data.ordnancesurvey.co.uk/id/7000000000041429,Scotland,http://data.ordnancesurvey.co.uk/id/country/scotland,,,
osgb4000000074755682,http://data.ordnancesurvey.co.uk/id/4000000074755682,South Geo of the Riffars,,,,landform,Other Coastal Landform,455915,1203505,1000,15000,455666,1203255,456166,1203755,ZE2,http://data.ordnancesurvey.co.uk/id/postcodedistrict/ZE2,,,,,,,Shetland Islands,http://data.ordnancesurvey.co.uk/id/7000000000186620,http://data.ordnancesurvey.co.uk/ontology/admingeo/UnitaryAuthority,Scotland,http://data.ordnancesurvey.co.uk/id/7000000000041429,Scotland,http://data.ordnancesurvey.co.uk/id/country/scotland,,,
osgb4000000074755927,http://data.ordnancesurvey.co.uk/id/4000000074755927,Inna Ness,,,,landform,Coastal Headland,452615,1205517,1000,750000,452352,1205267,452852,1205767,ZE2,http://data.ordnancesurvey.co.uk/id/postcodedistrict/ZE2,,,,,,,Shetland Islands,http://data.ordnancesurvey.co.uk/id/7000000000186620,http://data.ordnancesurvey.co.uk/ontology/admingeo/UnitaryAuthority,Scotland,http://data.ordnancesurvey.co.uk/id/7000000000041429,Scotland,http://data.ordnancesurvey.co.uk/id/country/scotland,,,
osgb4000000074724346,http://data.ordnancesurvey.co.uk/id/4000000074724346,Omand's Dale,,,,landform,Valley,450469,1201896,5000,800000,450219,1201612,450719,1202327,ZE2,http://data.ordnancesurvey.co.uk/id/postcodedistrict/ZE2,,,,,,,Shetland Islands,http://data.ordnancesurvey.co.uk/id/7000000000186620,http://data.ordnancesurvey.co.uk/ontology/admingeo/UnitaryAuthority,Scotland,http://data.ordnancesurvey.co.uk/id/7000000000041429,Scotland,http://data.ordnancesurvey.co.uk/id/country/scotland,,,
osgb4000000074587089,http://data.ordnancesurvey.co.uk/id/4000000074587089,South Raga Geo,,,,landform,Other Coastal Landform,458962,1215247,1000,15000,458712,1214998,459212,1215498,ZE2,http://data.ordnancesurvey.co.uk/id/postcodedistrict/ZE2,,,,,,,Shetland Islands,http://data.ordnancesurvey.co.uk/id/7000000000186620,http://data.ordnancesurvey.co.uk/ontology/admingeo/UnitaryAuthority,Scotland,http://data.ordnancesurvey.co.uk/id/7000000000041429,Scotland,http://data.ordnancesurvey.co.uk/id/country/scotland,,,
osgb4000000074593402,http://data.ordnancesurvey.co.uk/id/4000000074593402,Dale of Woodwick,,,,landform,Valley,458497,1211101,5000,800000,458247,1210602,458747,1211368,ZE2,http://data.ordnancesurvey.co.uk/id/postcodedistrict/ZE2,,,,,,,Shetland Islands,http://data.ordnancesurvey.co.uk/id/7000000000186620,http://data.ordnancesurvey.co.uk/ontology/admingeo/UnitaryAuthority,Scotland,http://data.ordnancesurvey.co.uk/id/7000000000041429,Scotland,http://data.ordnancesurvey.co.uk/id/country/scotland,,,
osgb4000000074586895,http://data.ordnancesurvey.co.uk/id/4000000074586895,Rexter Geo,,,,landform,Other Coastal Landform,456267,1203111,1000,15000,455997,1202862,456497,1203362,ZE2,http://data.ordnancesurvey.co.uk/id/postcodedistrict/ZE2,,,,,,,Shetland Islands,http://data.ordnancesurvey.co.uk/id/7000000000186620,http://data.ordnancesurvey.co.uk/ontology/admingeo/UnitaryAuthority,Scotland,http://data.ordnancesurvey.co.uk/id/7000000000041429,Scotland,http://data.ordnancesurvey.co.uk/id/country/scotland,,,
osgb4000000074720489,http://data.ordnancesurvey.co.uk/id/4000000074720489,Ayre of Quoy,,,,landcover,Beach,456723,1206532,1000,100000,456474,1206327,456974,1206827,ZE2,http://data.ordnancesurvey.co.uk/id/postcodedistrict/ZE2,,,,,,,Shetland Islands,http://data.ordnancesurvey.co.uk/id/7000000000186620,http://data.ordnancesurvey.co.uk/ontology/admingeo/UnitaryAuthority,Scotland,http://data.ordnancesurvey.co.uk/id/7000000000041429,Scotland,http://data.ordnancesurvey.co.uk/id/country/scotland,,,
osgb4000000074755965,http://data.ordnancesurvey.co.uk/id/4000000074755965,Slenta,,,,landform,Other Coastal Landform,454872,1202934,1000,50000,454603,1202684,455103,1203184,ZE2,http://data.ordnancesurvey.co.uk/id/postcodedistrict/ZE2,,,,,,,Shetland Islands,http://data.ordnancesurvey.co.uk/id/7000000000186620,http://data.ordnancesurvey.co.uk/ontology/admingeo/UnitaryAuthority,Scotland,http://data.ordnancesurvey.co.uk/id/7000000000041429,Scotland,http://data.ordnancesurvey.co.uk/id/country/scotland,,,
osgb4000000074805387,http://data.ordnancesurvey.co.uk/id/4000000074805387,Loch of Vigga,,,,hydrography,Inland Water,456483,1203850,2000,500000,456230,1203601,456730,1204101,ZE2,http://data.ordnancesurvey.co.uk/id/postcodedistrict/ZE2,,,,,,,Shetland Islands,http://data.ordnancesurvey.co.uk/id/7000000000186620,http://data.ordnancesurvey.co.uk/ontology/admingeo/UnitaryAuthority,Scotland,http://data.ordnancesurvey.co.uk/id/7000000000041429,Scotland,http://data.ordnancesurvey.co.uk/id/country/scotland,,,
osgb4000000074620873,http://data.ordnancesurvey.co.uk/id/4000000074620873,Snabrough,,,,landform,Hill Or Mountain,456627,1202734,1000,300000,456377,1202484,456877,1202984,ZE2,http://data.ordnancesurvey.co.uk/id/postcodedistrict/ZE2,,,,,,,Shetland Islands,http://data.ordnancesurvey.co.uk/id/7000000000186620,http://data.ordnancesurvey.co.uk/ontology/admingeo/UnitaryAuthority,Scotland,http://data.ordnancesurvey.co.uk/id/7000000000041429,Scotland,http://data.ordnancesurvey.co.uk/id/country/scotland,,,
osgb4000000074725007,http://data.ordnancesurvey.co.uk/id/4000000074725007,Smirlees Dale,,,,landform,Valley,459609,1213031,5000,800000,459293,1212781,460031,1213281,ZE2,http://data.ordnancesurvey.co.uk/id/postcodedistrict/ZE2,,,,,,,Shetland Islands,http://data.ordnancesurvey.co.uk/id/7000000000186620,http://data.ordnancesurvey.co.uk/ontology/admingeo/UnitaryAuthority,Scotland,http://data.ordnancesurvey.co.uk/id/7000000000041429,Scotland,http://data.ordnancesurvey.co.uk/id/country/scotland,,,
osgb4000000074787802,http://data.ordnancesurvey.co.uk/id/4000000074787802,Rotton Helliers,,,,hydrography,Bay,457060,1205060,1000,150000,456810,1204813,457310,1205313,ZE2,http://data.ordnancesurvey.co.uk/id/postcodedistrict/ZE2,,,,,,,Shetland Islands,http://data.ordnancesurvey.co.uk/id/7000000000186620,http://data.ordnancesurvey.co.uk/ontology/admingeo/UnitaryAuthority,Scotland,http://data.ordnancesurvey.co.uk/id/7000000000041429,Scotland,http://data.ordnancesurvey.co.uk/id/country/scotland,,,
osgb4000000074755237,http://data.ordnancesurvey.co.uk/id/4000000074755237,Birrier,,,,landform,Cliff Or Slope,447947,1205306,1000,40000,447713,1205056,448213,1205556,ZE2,http://data.ordnancesurvey.co.uk/id/postcodedistrict/ZE2,,,,,,,Shetland Islands,http://data.ordnancesurvey.co.uk/id/7000000000186620,http://data.ordnancesurvey.co.uk/ontology/admingeo/UnitaryAuthority,Scotland,http://data.ordnancesurvey.co.uk/id/7000000000041429,Scotland,http://data.ordnancesurvey.co.uk/id/country/scotland,,,
osgb4000000074755173,http://data.ordnancesurvey.co.uk/id/4000000074755173,Ness of Clave,,,,landform,Coastal Headland,457551,1209163,1000,750000,457301,1208901,457801,1209401,ZE2,http://data.ordnancesurvey.co.uk/id/postcodedistrict/ZE2,,,,,,,Shetland Islands,http://data.ordnancesurvey.co.uk/id/7000000000186620,http://data.ordnancesurvey.co.uk/ontology/admingeo/UnitaryAuthority,Scotland,http://data.ordnancesurvey.co.uk/id/7000000000041429,Scotland,http://data.ordnancesurvey.co.uk/id/country/scotland,,,
osgb4000000074755177,http://data.ordnancesurvey.co.uk/id/4000000074755177,Virda Pund,,,,landform,Other Coastal Landform,458052,1211376,1000,50000,457802,1211105,458302,1211605,ZE2,http://data.ordnancesurvey.co.uk/id/postcodedistrict/ZE2,,,,,,,Shetland Islands,http://data.ordnancesurvey.co.uk/id/7000000000186620,http://data.ordnancesurvey.co.uk/ontology/admingeo/UnitaryAuthority,Scotland,http://data.ordnancesurvey.co.uk/id/7000000000041429,Scotland,http://data.ordnancesurvey.co.uk/id/country/scotland,,,
osgb4000000074724470,http://data.ordnancesurvey.co.uk/id/4000000074724470,Kirkriva Dale,,,,landform,Valley,458374,1209449,3000,800000,458124,1209193,458624,1209693,ZE2,http://data.ordnancesurvey.co.uk/id/postcodedistrict/ZE2,,,,,,,Shetland Islands,http://data.ordnancesurvey.co.uk/id/7000000000186620,http://data.ordnancesurvey.co.uk/ontology/admingeo/UnitaryAuthority,Scotland,http://data.ordnancesurvey.co.uk/id/7000000000041429,Scotland,http://data.ordnancesurvey.co.uk/id/country/scotland,,,
osgb4000000074587088,http://data.ordnancesurvey.co.uk/id/4000000074587088,Mid Raga Geo,,,,landform,Other Coastal Landform,459100,1215243,1000,15000,458851,1215005,459351,1215505,ZE2,http://data.ordnancesurvey.co.uk/id/postcodedistrict/ZE2,,,,,,,Shetland Islands,http://data.ordnancesurvey.co.uk/id/7000000000186620,http://data.ordnancesurvey.co.uk/ontology/admingeo/UnitaryAuthority,Scotland,http://data.ordnancesurvey.co.uk/id/7000000000041429,Scotland,http://data.ordnancesurvey.co.uk/id/country/scotland,,,
osgb4000000074804949,http://data.ordnancesurvey.co.uk/id/4000000074804949,Loomi Shun,,,,hydrography,Inland Water,457441,1202697,1000,500000,457192,1202445,457692,1202945,ZE2,http://data.ordnancesurvey.co.uk/id/postcodedistrict/ZE2,,,,,,,Shetland Islands,http://data.ordnancesurvey.co.uk/id/7000000000186620,http://data.ordnancesurvey.co.uk/ontology/admingeo/UnitaryAuthority,Scotland,http://data.ordnancesurvey.co.uk/id/7000000000041429,Scotland,http://data.ordnancesurvey.co.uk/id/country/scotland,,,
osgb4000000074755238,http://data.ordnancesurvey.co.uk/id/4000000074755238,The Clapper,,,,landform,Other Coastal Landform,448303,1206555,1000,50000,448053,1206319,448553,1206819,ZE2,http://data.ordnancesurvey.co.uk/id/postcodedistrict/ZE2,,,,,,,Shetland Islands,http://data.ordnancesurvey.co.uk/id/7000000000186620,http://data.ordnancesurvey.co.uk/ontology/admingeo/UnitaryAuthority,Scotland,http://data.ordnancesurvey.co.uk/id/7000000000041429,Scotland,http://data.ordnancesurvey.co.uk/id/country/scotland,,,
osgb4000000074594546,http://data.ordnancesurvey.co.uk/id/4000000074594546,Otter Geo,,,,landform,Other Coastal Landform,457095,1204803,1000,15000,456840,1204554,457340,1205054,ZE2,http://data.ordnancesurvey.co.uk/id/postcodedistrict/ZE2,,,,,,,Shetland Islands,http://data.ordnancesurvey.co.uk/id/7000000000186620,http://data.ordnancesurvey.co.uk/ontology/admingeo/UnitaryAuthority,Scotland,http://data.ordnancesurvey.co.uk/id/7000000000041429,Scotland,http://data.ordnancesurvey.co.uk/id/country/scotland,,,
osgb4000000074755315,http://data.ordnancesurvey.co.uk/id/4000000074755315,Ness of Houlland,,,,landform,Coastal Headland,452504,1205638,2000,750000,452254,1205434,452754,1205934,ZE2,http://data.ordnancesurvey.co.uk/id/postcodedistrict/ZE2,,,,,,,Shetland Islands,http://data.ordnancesurvey.co.uk/id/7000000000186620,http://data.ordnancesurvey.co.uk/ontology/admingeo/UnitaryAuthority,Scotland,http://data.ordnancesurvey.co.uk/id/7000000000041429,Scotland,http://data.ordnancesurvey.co.uk/id/country/scotland,,,
osgb4000000074755232,http://data.ordnancesurvey.co.uk/id/4000000074755232,Eegittle,,,,landform,Other Coastal Landform,447694,1203799,1000,20000,447444,1203597,447944,1204097,ZE2,http://data.ordnancesurvey.co.uk/id/postcodedistrict/ZE2,,,,,,,Shetland Islands,http://data.ordnancesurvey.co.uk/id/7000000000186620,http://data.ordnancesurvey.co.uk/ontology/admingeo/UnitaryAuthority,Scotland,http://data.ordnancesurvey.co.uk/id/7000000000041429,Scotland,http://data.ordnancesurvey.co.uk/id/country/scotland,,,
osgb4000000074755176,http://data.ordnancesurvey.co.uk/id/4000000074755176,Muckle Heyler,,,,landform,Other Coastal Landform,458106,1210781,1000,50000,457856,1210531,458356,1211031,ZE2,http://data.ordnancesurvey.co.uk/id/postcodedistrict/ZE2,,,,,,,Shetland Islands,http://data.ordnancesurvey.co.uk/id/7000000000186620,http://data.ordnancesurvey.co.uk/ontology/admingeo/UnitaryAuthority,Scotland,http://data.ordnancesurvey.co.uk/id/7000000000041429,Scotland,http://data.ordnancesurvey.co.uk/id/country/scotland,,,
osgb4000000074587170,http://data.ordnancesurvey.co.uk/id/4000000074587170,Houllnan Geo,,,,landform,Other Coastal Landform,451860,1205105,1000,15000,451610,1204860,452110,1205360,ZE2,http://data.ordnancesurvey.co.uk/id/postcodedistrict/ZE2,,,,,,,Shetland Islands,http://data.ordnancesurvey.co.uk/id/7000000000186620,http://data.ordnancesurvey.co.uk/ontology/admingeo/UnitaryAuthority,Scotland,http://data.ordnancesurvey.co.uk/id/7000000000041429,Scotland,http://data.ordnancesurvey.co.uk/id/country/scotland,,,
osgb4000000074790374,http://data.ordnancesurvey.co.uk/id/4000000074790374,Wick of Whallerie,,,,hydrography,Bay,450506,1205172,2000,150000,450280,1204922,450780,1205422,ZE2,http://data.ordnancesurvey.co.uk/id/postcodedistrict/ZE2,,,,,,,Shetland Islands,http://data.ordnancesurvey.co.uk/id/7000000000186620,http://data.ordnancesurvey.co.uk/ontology/admingeo/UnitaryAuthority,Scotland,http://data.ordnancesurvey.co.uk/id/7000000000041429,Scotland,http://data.ordnancesurvey.co.uk/id/country/scotland,,,
osgb4000000074609169,http://data.ordnancesurvey.co.uk/id/4000000074609169,Clave Stack,,,,landform,Other Coastal Landform,457809,1209264,1000,50000,457559,1209014,458059,1209514,ZE2,http://data.ordnancesurvey.co.uk/id/postcodedistrict/ZE2,,,,,,,Shetland Islands,http://data.ordnancesurvey.co.uk/id/7000000000186620,http://data.ordnancesurvey.co.uk/ontology/admingeo/UnitaryAuthority,Scotland,http://data.ordnancesurvey.co.uk/id/7000000000041429,Scotland,http://data.ordnancesurvey.co.uk/id/country/scotland,,,
osgb4000000074587828,http://data.ordnancesurvey.co.uk/id/4000000074587828,Burgi Geo,,,,landform,Other Coastal Landform,453989,1205092,1000,15000,453739,1204844,454239,1205344,ZE2,http://data.ordnancesurvey.co.uk/id/postcodedistrict/ZE2,,,,,,,Shetland Islands,http://data.ordnancesurvey.co.uk/id/7000000000186620,http://data.ordnancesurvey.co.uk/ontology/admingeo/UnitaryAuthority,Scotland,http://data.ordnancesurvey.co.uk/id/7000000000041429,Scotland,http://data.ordnancesurvey.co.uk/id/country/scotland,,,
osgb4000000074755178,http://data.ordnancesurvey.co.uk/id/4000000074755178,Hamar of Woodwick,,,,landform,Other Coastal Landform,458332,1211470,1000,20000,458082,1211275,458582,1211775,ZE2,http://data.ordnancesurvey.co.uk/id/postcodedistrict/ZE2,,,,,,,Shetland Islands,http://data.ordnancesurvey.co.uk/id/7000000000186620,http://data.ordnancesurvey.co.uk/ontology/admingeo/UnitaryAuthority,Scotland,http://data.ordnancesurvey.co.uk/id/7000000000041429,Scotland,http://data.ordnancesurvey.co.uk/id/country/scotland,,,
osgb4000000074593285,http://data.ordnancesurvey.co.uk/id/4000000074593285,Lamba Geo,,,,landform,Other Coastal Landform,455831,1204089,1000,15000,455581,1203843,456081,1204343,ZE2,http://data.ordnancesurvey.co.uk/id/postcodedistrict/ZE2,,,,,,,Shetland Islands,http://data.ordnancesurvey.co.uk/id/7000000000186620,http://data.ordnancesurvey.co.uk/ontology/admingeo/UnitaryAuthority,Scotland,http://data.ordnancesurvey.co.uk/id/7000000000041429,Scotland,http://data.ordnancesurvey.co.uk/id/country/scotland,,,
osgb4000000074759214,http://data.ordnancesurvey.co.uk/id/4000000074759214,Stack of Breigeo,,,,landform,Other Coastal Landform,456250,1202703,1000,50000,456000,1202453,456500,1202953,ZE2,http://data.ordnancesurvey.co.uk/id/postcodedistrict/ZE2,,,,,,,Shetland Islands,http://data.ordnancesurvey.co.uk/id/7000000000186620,http://data.ordnancesurvey.co.uk/ontology/admingeo/UnitaryAuthority,Scotland,http://data.ordnancesurvey.co.uk/id/7000000000041429,Scotland,http://data.ordnancesurvey.co.uk/id/country/scotland,,,
osgb4000000074755175,http://data.ordnancesurvey.co.uk/id/4000000074755175,Peerie Heyler,,,,landform,Other Coastal Landform,458087,1210538,1000,50000,457838,1210283,458338,1210783,ZE2,http://data.ordnancesurvey.co.uk/id/postcodedistrict/ZE2,,,,,,,Shetland Islands,http://data.ordnancesurvey.co.uk/id/7000000000186620,http://data.ordnancesurvey.co.uk/ontology/admingeo/UnitaryAuthority,Scotland,http://data.ordnancesurvey.co.uk/id/7000000000041429,Scotland,http://data.ordnancesurvey.co.uk/id/country/scotland,,,
osgb4000000074609167,http://data.ordnancesurvey.co.uk/id/4000000074609167,Pund Stack,,,,landform,Other Coastal Landform,457145,1207408,1000,50000,456895,1207159,457395,1207659,ZE2,http://data.ordnancesurvey.co.uk/id/postcodedistrict/ZE2,,,,,,,Shetland Islands,http://data.ordnancesurvey.co.uk/id/7000000000186620,http://data.ordnancesurvey.co.uk/ontology/admingeo/UnitaryAuthority,Scotland,http://data.ordnancesurvey.co.uk/id/7000000000041429,Scotland,http://data.ordnancesurvey.co.uk/id/country/scotland,,,
osgb4000000074755235,http://data.ordnancesurvey.co.uk/id/4000000074755235,Swinga Taing,,,,landform,Other Coastal Landform,447365,1202692,2000,20000,447115,1202413,447615,1202913,ZE2,http://data.ordnancesurvey.co.uk/id/postcodedistrict/ZE2,,,,,,,Shetland Islands,http://data.ordnancesurvey.co.uk/id/7000000000186620,http://data.ordnancesurvey.co.uk/ontology/admingeo/UnitaryAuthority,Scotland,http://data.ordnancesurvey.co.uk/id/7000000000041429,Scotland,http://data.ordnancesurvey.co.uk/id/country/scotland,,,
osgb4000000074759219,http://data.ordnancesurvey.co.uk/id/4000000074759219,Skaevi,,,,landform,Other Coastal Landform,453558,1205303,2000,20000,453308,1204975,453808,1205475,ZE2,http://data.ordnancesurvey.co.uk/id/postcodedistrict/ZE2,,,,,,,Shetland Islands,http://data.ordnancesurvey.co.uk/id/7000000000186620,http://data.ordnancesurvey.co.uk/ontology/admingeo/UnitaryAuthority,Scotland,http://data.ordnancesurvey.co.uk/id/7000000000041429,Scotland,http://data.ordnancesurvey.co.uk/id/country/scotland,,,
osgb4000000074586832,http://data.ordnancesurvey.co.uk/id/4000000074586832,Runi Tonga,,,,landform,Cliff Or Slope,458276,1215098,3000,40000,457917,1214836,458417,1215361,ZE2,http://data.ordnancesurvey.co.uk/id/postcodedistrict/ZE2,,,,,,,Shetland Islands,http://data.ordnancesurvey.co.uk/id/7000000000186620,http://data.ordnancesurvey.co.uk/ontology/admingeo/UnitaryAuthority,Scotland,http://data.ordnancesurvey.co.uk/id/7000000000041429,Scotland,http://data.ordnancesurvey.co.uk/id/country/scotland,,,
osgb4000000074596079,http://data.ordnancesurvey.co.uk/id/4000000074596079,Staves Geo,,,,landform,Other Coastal Landform,454787,1202975,1000,15000,454532,1202725,455032,1203225,ZE2,http://data.ordnancesurvey.co.uk/id/postcodedistrict/ZE2,,,,,,,Shetland Islands,http://data.ordnancesurvey.co.uk/id/7000000000186620,http://data.ordnancesurvey.co.uk/ontology/admingeo/UnitaryAuthority,Scotland,http://data.ordnancesurvey.co.uk/id/7000000000041429,Scotland,http://data.ordnancesurvey.co.uk/id/country/scotland,,,
osgb4000000074755526,http://data.ordnancesurvey.co.uk/id/4000000074755526,Ness of Collaster,,,,landform,Coastal Headland,457627,1207575,3000,750000,457378,1207291,457878,1207791,ZE2,http://data.ordnancesurvey.co.uk/id/postcodedistrict/ZE2,,,,,,,Shetland Islands,http://data.ordnancesurvey.co.uk/id/7000000000186620,http://data.ordnancesurvey.co.uk/ontology/admingeo/UnitaryAuthority,Scotland,http://data.ordnancesurvey.co.uk/id/7000000000041429,Scotland,http://data.ordnancesurvey.co.uk/id/country/scotland,,,
osgb4000000074715465,http://data.ordnancesurvey.co.uk/id/4000000074715465,Geo of Harpadale,,,,landform,Other Coastal Landform,452326,1204822,1000,15000,452068,1204572,452568,1205072,ZE2,http://data.ordnancesurvey.co.uk/id/postcodedistrict/ZE2,,,,,,,Shetland Islands,http://data.ordnancesurvey.co.uk/id/7000000000186620,http://data.ordnancesurvey.co.uk/ontology/admingeo/UnitaryAuthority,Scotland,http://data.ordnancesurvey.co.uk/id/7000000000041429,Scotland,http://data.ordnancesurvey.co.uk/id/country/scotland,,,
osgb4000000074724471,http://data.ordnancesurvey.co.uk/id/4000000074724471,Silva Dale,,,,landform,Valley,458101,1209628,3000,800000,457852,1209378,458352,1209878,ZE2,http://data.ordnancesurvey.co.uk/id/postcodedistrict/ZE2,,,,,,,Shetland Islands,http://data.ordnancesurvey.co.uk/id/7000000000186620,http://data.ordnancesurvey.co.uk/ontology/admingeo/UnitaryAuthority,Scotland,http://data.ordnancesurvey.co.uk/id/7000000000041429,Scotland,http://data.ordnancesurvey.co.uk/id/country/scotland,,,
osgb4000000074720369,http://data.ordnancesurvey.co.uk/id/4000000074720369,Burga Sand,,,,landcover,Beach,457238,1204239,1000,100000,456989,1204061,457489,1204561,ZE2,http://data.ordnancesurvey.co.uk/id/postcodedistrict/ZE2,,,,,,,Shetland Islands,http://data.ordnancesurvey.co.uk/id/7000000000186620,http://data.ordnancesurvey.co.uk/ontology/admingeo/UnitaryAuthority,Scotland,http://data.ordnancesurvey.co.uk/id/7000000000041429,Scotland,http://data.ordnancesurvey.co.uk/id/country/scotland,,,
osgb4000000074809590,http://data.ordnancesurvey.co.uk/id/4000000074809590,Adam's Loch,,,,hydrography,Inland Water,457577,1200950,1000,500000,457326,1200701,457826,1201201,ZE2,http://data.ordnancesurvey.co.uk/id/postcodedistrict/ZE2,,,,,,,Shetland Islands,http://data.ordnancesurvey.co.uk/id/7000000000186620,http://data.ordnancesurvey.co.uk/ontology/admingeo/UnitaryAuthority,Scotland,http://data.ordnancesurvey.co.uk/id/7000000000041429,Scotland,http://data.ordnancesurvey.co.uk/id/country/scotland,,,
osgb4000000074755963,http://data.ordnancesurvey.co.uk/id/4000000074755963,Fiska Taing,,,,landform,Other Coastal Landform,457089,1205050,1000,20000,456841,1204801,457341,1205301,ZE2,http://data.ordnancesurvey.co.uk/id/postcodedistrict/ZE2,,,,,,,Shetland Islands,http://data.ordnancesurvey.co.uk/id/7000000000186620,http://data.ordnancesurvey.co.uk/ontology/admingeo/UnitaryAuthority,Scotland,http://data.ordnancesurvey.co.uk/id/7000000000041429,Scotland,http://data.ordnancesurvey.co.uk/id/country/scotland,,,
osgb4000000074755961,http://data.ordnancesurvey.co.uk/id/4000000074755961,Whale Kilns,,,,landform,Other Coastal Landform,459525,1200070,1000,50000,459277,1199820,459777,1200320,ZE2,http://data.ordnancesurvey.co.uk/id/postcodedistrict/ZE2,,,,,,,Shetland Islands,http://data.ordnancesurvey.co.uk/id/7000000000186620,http://data.ordnancesurvey.co.uk/ontology/admingeo/UnitaryAuthority,Scotland,http://data.ordnancesurvey.co.uk/id/7000000000041429,Scotland,http://data.ordnancesurvey.co.uk/id/country/scotland,,,
osgb4000000074586831,http://data.ordnancesurvey.co.uk/id/4000000074586831,Grunka Hellier,,,,landform,Other Coastal Landform,458452,1215344,1000,20000,458204,1215095,458704,1215595,ZE2,http://data.ordnancesurvey.co.uk/id/postcodedistrict/ZE2,,,,,,,Shetland Islands,http://data.ordnancesurvey.co.uk/id/7000000000186620,http://data.ordnancesurvey.co.uk/ontology/admingeo/UnitaryAuthority,Scotland,http://data.ordnancesurvey.co.uk/id/7000000000041429,Scotland,http://data.ordnancesurvey.co.uk/id/country/scotland,,,
osgb4000000074755966,http://data.ordnancesurvey.co.uk/id/4000000074755966,Crooks Ayre,,,,landcover,Beach,454457,1202936,1000,100000,454268,1202686,454768,1203186,ZE2,http://data.ordnancesurvey.co.uk/id/postcodedistrict/ZE2,,,,,,,Shetland Islands,http://data.ordnancesurvey.co.uk/id/7000000000186620,http://data.ordnancesurvey.co.uk/ontology/admingeo/UnitaryAuthority,Scotland,http://data.ordnancesurvey.co.uk/id/7000000000041429,Scotland,http://data.ordnancesurvey.co.uk/id/country/scotland,,,
osgb4000000074587055,http://data.ordnancesurvey.co.uk/id/4000000074587055,Fluka Geo,,,,landform,Other Coastal Landform,457888,1211758,1000,15000,457644,1211508,458144,1212008,ZE2,http://data.ordnancesurvey.co.uk/id/postcodedistrict/ZE2,,,,,,,Shetland Islands,http://data.ordnancesurvey.co.uk/id/7000000000186620,http://data.ordnancesurvey.co.uk/ontology/admingeo/UnitaryAuthority,Scotland,http://data.ordnancesurvey.co.uk/id/7000000000041429,Scotland,http://data.ordnancesurvey.co.uk/id/country/scotland,,,
osgb4000000074614896,http://data.ordnancesurvey.co.uk/id/4000000074614896,Daal Skerries,,,,landform,Other Coastal Landform,456655,1205566,1000,50000,456405,1205320,456905,1205820,ZE2,http://data.ordnancesurvey.co.uk/id/postcodedistrict/ZE2,,,,,,,Shetland Islands,http://data.ordnancesurvey.co.uk/id/7000000000186620,http://data.ordnancesurvey.co.uk/ontology/admingeo/UnitaryAuthority,Scotland,http://data.ordnancesurvey.co.uk/id/7000000000041429,Scotland,http://data.ordnancesurvey.co.uk/id/country/scotland,,,
osgb4000000074755920,http://data.ordnancesurvey.co.uk/id/4000000074755920,Outer Point,,,,landform,Other Coastal Landform,456165,1201823,1000,50000,455936,1201574,456436,1202074,ZE2,http://data.ordnancesurvey.co.uk/id/postcodedistrict/ZE2,,,,,,,Shetland Islands,http://data.ordnancesurvey.co.uk/id/7000000000186620,http://data.ordnancesurvey.co.uk/ontology/admingeo/UnitaryAuthority,Scotland,http://data.ordnancesurvey.co.uk/id/7000000000041429,Scotland,http://data.ordnancesurvey.co.uk/id/country/scotland,,,
osgb4000000074609571,http://data.ordnancesurvey.co.uk/id/4000000074609571,Hevda Skerry,,,,landform,Other Coastal Landform,457985,1211120,1000,50000,457736,1210871,458236,1211371,ZE2,http://data.ordnancesurvey.co.uk/id/postcodedistrict/ZE2,,,,,,,Shetland Islands,http://data.ordnancesurvey.co.uk/id/7000000000186620,http://data.ordnancesurvey.co.uk/ontology/admingeo/UnitaryAuthority,Scotland,http://data.ordnancesurvey.co.uk/id/7000000000041429,Scotland,http://data.ordnancesurvey.co.uk/id/country/scotland,,,
osgb4000000074611081,http://data.ordnancesurvey.co.uk/id/4000000074611081,Little Holm,,,,landform,Island,459397,1205473,1000,800000,459147,1205226,459647,1205726,ZE2,http://data.ordnancesurvey.co.uk/id/postcodedistrict/ZE2,,,,,,,Shetland Islands,http://data.ordnancesurvey.co.uk/id/7000000000186620,http://data.ordnancesurvey.co.uk/ontology/admingeo/UnitaryAuthority,Scotland,http://data.ordnancesurvey.co.uk/id/7000000000041429,Scotland,http://data.ordnancesurvey.co.uk/id/country/scotland,,,
osgb4000000074795120,http://data.ordnancesurvey.co.uk/id/4000000074795120,Bena Water,,,,hydrography,Inland Water,453632,1204835,1000,500000,453382,1204584,453882,1205084,ZE2,http://data.ordnancesurvey.co.uk/id/postcodedistrict/ZE2,,,,,,,Shetland Islands,http://data.ordnancesurvey.co.uk/id/7000000000186620,http://data.ordnancesurvey.co.uk/ontology/admingeo/UnitaryAuthority,Scotland,http://data.ordnancesurvey.co.uk/id/7000000000041429,Scotland,http://data.ordnancesurvey.co.uk/id/country/scotland,,,
osgb4000000074588510,http://data.ordnancesurvey.co.uk/id/4000000074588510,Blue Geo,,,,landform,Other Coastal Landform,456515,1205266,1000,15000,456265,1205017,456765,1205517,ZE2,http://data.ordnancesurvey.co.uk/id/postcodedistrict/ZE2,,,,,,,Shetland Islands,http://data.ordnancesurvey.co.uk/id/7000000000186620,http://data.ordnancesurvey.co.uk/ontology/admingeo/UnitaryAuthority,Scotland,http://data.ordnancesurvey.co.uk/id/7000000000041429,Scotland,http://data.ordnancesurvey.co.uk/id/country/scotland,,,
osgb4000000074755233,http://data.ordnancesurvey.co.uk/id/4000000074755233,Stouraba,,,,landform,Other Coastal Landform,449891,1205455,1000,50000,449641,1205172,450141,1205672,ZE2,http://data.ordnancesurvey.co.uk/id/postcodedistrict/ZE2,,,,,,,Shetland Islands,http://data.ordnancesurvey.co.uk/id/7000000000186620,http://data.ordnancesurvey.co.uk/ontology/admingeo/UnitaryAuthority,Scotland,http://data.ordnancesurvey.co.uk/id/7000000000041429,Scotland,http://data.ordnancesurvey.co.uk/id/country/scotland,,,
osgb4000000074758646,http://data.ordnancesurvey.co.uk/id/4000000074758646,Stack of Osmisgeo,,,,landform,Other Coastal Landform,457124,1204855,1000,50000,456875,1204605,457375,1205105,ZE2,http://data.ordnancesurvey.co.uk/id/postcodedistrict/ZE2,,,,,,,Shetland Islands,http://data.ordnancesurvey.co.uk/id/7000000000186620,http://data.ordnancesurvey.co.uk/ontology/admingeo/UnitaryAuthority,Scotland,http://data.ordnancesurvey.co.uk/id/7000000000041429,Scotland,http://data.ordnancesurvey.co.uk/id/country/scotland,,,
osgb4000000074611084,http://data.ordnancesurvey.co.uk/id/4000000074611084,Hellier Skerry,,,,landform,Other Coastal Landform,456173,1203218,1000,50000,455924,1202967,456424,1203467,ZE2,http://data.ordnancesurvey.co.uk/id/postcodedistrict/ZE2,,,,,,,Shetland Islands,http://data.ordnancesurvey.co.uk/id/7000000000186620,http://data.ordnancesurvey.co.uk/ontology/admingeo/UnitaryAuthority,Scotland,http://data.ordnancesurvey.co.uk/id/7000000000041429,Scotland,http://data.ordnancesurvey.co.uk/id/country/scotland,,,
osgb4000000074790362,http://data.ordnancesurvey.co.uk/id/4000000074790362,Wick of Belmont,,,,hydrography,Bay,456280,1200378,4000,150000,455970,1200094,456590,1200669,ZE2,http://data.ordnancesurvey.co.uk/id/postcodedistrict/ZE2,,,,,,,Shetland Islands,http://data.ordnancesurvey.co.uk/id/7000000000186620,http://data.ordnancesurvey.co.uk/ontology/admingeo/UnitaryAuthority,Scotland,http://data.ordnancesurvey.co.uk/id/7000000000041429,Scotland,http://data.ordnancesurvey.co.uk/id/country/scotland,,,
osgb4000000074610799,http://data.ordnancesurvey.co.uk/id/4000000074610799,Burra Stack,,,,landform,Other Coastal Landform,459848,1217932,1000,50000,459595,1217682,460095,1218182,ZE2,http://data.ordnancesurvey.co.uk/id/postcodedistrict/ZE2,,,,,,,Shetland Islands,http://data.ordnancesurvey.co.uk/id/7000000000186620,http://data.ordnancesurvey.co.uk/ontology/admingeo/UnitaryAuthority,Scotland,http://data.ordnancesurvey.co.uk/id/7000000000041429,Scotland,http://data.ordnancesurvey.co.uk/id/country/scotland,,,
osgb4000000074587016,http://data.ordnancesurvey.co.uk/id/4000000074587016,Mellin Geos,,,,landform,Other Coastal Landform,451334,1205361,1000,15000,451086,1205111,451586,1205611,ZE2,http://data.ordnancesurvey.co.uk/id/postcodedistrict/ZE2,,,,,,,Shetland Islands,http://data.ordnancesurvey.co.uk/id/7000000000186620,http://data.ordnancesurvey.co.uk/ontology/admingeo/UnitaryAuthority,Scotland,http://data.ordnancesurvey.co.uk/id/7000000000041429,Scotland,http://data.ordnancesurvey.co.uk/id/country/scotland,,,
osgb4000000074773762,http://data.ordnancesurvey.co.uk/id/4000000074773762,Hill of Woodwick,,,,landform,Hill Or Mountain,458903,1211840,1000,300000,458653,1211590,459153,1212090,ZE2,http://data.ordnancesurvey.co.uk/id/postcodedistrict/ZE2,,,,,,,Shetland Islands,http://data.ordnancesurvey.co.uk/id/7000000000186620,http://data.ordnancesurvey.co.uk/ontology/admingeo/UnitaryAuthority,Scotland,http://data.ordnancesurvey.co.uk/id/7000000000041429,Scotland,http://data.ordnancesurvey.co.uk/id/country/scotland,,,
osgb4000000074621265,http://data.ordnancesurvey.co.uk/id/4000000074621265,Scordaback,,,,landform,Hill Or Mountain,451047,1203691,1000,300000,450797,1203441,451297,1203941,ZE2,http://data.ordnancesurvey.co.uk/id/postcodedistrict/ZE2,,,,,,,Shetland Islands,http://data.ordnancesurvey.co.uk/id/7000000000186620,http://data.ordnancesurvey.co.uk/ontology/admingeo/UnitaryAuthority,Scotland,http://data.ordnancesurvey.co.uk/id/7000000000041429,Scotland,http://data.ordnancesurvey.co.uk/id/country/scotland,,,
osgb4000000074755571,http://data.ordnancesurvey.co.uk/id/4000000074755571,Crossquoy,,,,landform,Other Coastal Landform,456406,1202042,1000,50000,456156,1201796,456656,1202296,ZE2,http://data.ordnancesurvey.co.uk/id/postcodedistrict/ZE2,,,,,,,Shetland Islands,http://data.ordnancesurvey.co.uk/id/7000000000186620,http://data.ordnancesurvey.co.uk/ontology/admingeo/UnitaryAuthority,Scotland,http://data.ordnancesurvey.co.uk/id/7000000000041429,Scotland,http://data.ordnancesurvey.co.uk/id/country/scotland,,,
osgb4000000074594545,http://data.ordnancesurvey.co.uk/id/4000000074594545,Blue Geo,,,,landform,Other Coastal Landform,452549,1205673,1000,15000,452305,1205423,452805,1205923,ZE2,http://data.ordnancesurvey.co.uk/id/postcodedistrict/ZE2,,,,,,,Shetland Islands,http://data.ordnancesurvey.co.uk/id/7000000000186620,http://data.ordnancesurvey.co.uk/ontology/admingeo/UnitaryAuthority,Scotland,http://data.ordnancesurvey.co.uk/id/7000000000041429,Scotland,http://data.ordnancesurvey.co.uk/id/country/scotland,,,
osgb4000000074723309,http://data.ordnancesurvey.co.uk/id/4000000074723309,Gru Dale,,,,landform,Valley,448718,1205241,3000,800000,448493,1204992,448993,1205492,ZE2,http://data.ordnancesurvey.co.uk/id/postcodedistrict/ZE2,,,,,,,Shetland Islands,http://data.ordnancesurvey.co.uk/id/7000000000186620,http://data.ordnancesurvey.co.uk/ontology/admingeo/UnitaryAuthority,Scotland,http://data.ordnancesurvey.co.uk/id/7000000000041429,Scotland,http://data.ordnancesurvey.co.uk/id/country/scotland,,,
osgb4000000074755970,http://data.ordnancesurvey.co.uk/id/4000000074755970,Haw of Loossigroot,,,,landform,Cliff Or Slope,455622,1204694,1000,40000,455372,1204379,455872,1204879,ZE2,http://data.ordnancesurvey.co.uk/id/postcodedistrict/ZE2,,,,,,,Shetland Islands,http://data.ordnancesurvey.co.uk/id/7000000000186620,http://data.ordnancesurvey.co.uk/ontology/admingeo/UnitaryAuthority,Scotland,http://data.ordnancesurvey.co.uk/id/7000000000041429,Scotland,http://data.ordnancesurvey.co.uk/id/country/scotland,,,
osgb4000000074586786,http://data.ordnancesurvey.co.uk/id/4000000074586786,Cumlin Geo,,,,landform,Other Coastal Landform,453617,1205271,1000,15000,453367,1205013,453867,1205513,ZE2,http://data.ordnancesurvey.co.uk/id/postcodedistrict/ZE2,,,,,,,Shetland Islands,http://data.ordnancesurvey.co.uk/id/7000000000186620,http://data.ordnancesurvey.co.uk/ontology/admingeo/UnitaryAuthority,Scotland,http://data.ordnancesurvey.co.uk/id/7000000000041429,Scotland,http://data.ordnancesurvey.co.uk/id/country/scotland,,,
osgb4000000074724581,http://data.ordnancesurvey.co.uk/id/4000000074724581,North Surida Dale,,,,landform,Valley,458320,1210639,2000,800000,458091,1210390,458591,1210890,ZE2,http://data.ordnancesurvey.co.uk/id/postcodedistrict/ZE2,,,,,,,Shetland Islands,http://data.ordnancesurvey.co.uk/id/7000000000186620,http://data.ordnancesurvey.co.uk/ontology/admingeo/UnitaryAuthority,Scotland,http://data.ordnancesurvey.co.uk/id/7000000000041429,Scotland,http://data.ordnancesurvey.co.uk/id/country/scotland,,,
osgb4000000074611620,http://data.ordnancesurvey.co.uk/id/4000000074611620,Robis Stack,,,,landform,Other Coastal Landform,448077,1205284,1000,50000,447832,1205034,448332,1205534,ZE2,http://data.ordnancesurvey.co.uk/id/postcodedistrict/ZE2,,,,,,,Shetland Islands,http://data.ordnancesurvey.co.uk/id/7000000000186620,http://data.ordnancesurvey.co.uk/ontology/admingeo/UnitaryAuthority,Scotland,http://data.ordnancesurvey.co.uk/id/7000000000041429,Scotland,http://data.ordnancesurvey.co.uk/id/country/scotland,,,
osgb4000000074755236,http://data.ordnancesurvey.co.uk/id/4000000074755236,Bligg,,,,landform,Cliff Or Slope,449198,1205432,1000,40000,448911,1205182,449411,1205682,ZE2,http://data.ordnancesurvey.co.uk/id/postcodedistrict/ZE2,,,,,,,Shetland Islands,http://data.ordnancesurvey.co.uk/id/7000000000186620,http://data.ordnancesurvey.co.uk/ontology/admingeo/UnitaryAuthority,Scotland,http://data.ordnancesurvey.co.uk/id/7000000000041429,Scotland,http://data.ordnancesurvey.co.uk/id/country/scotland,,,
osgb4000000074609168,http://data.ordnancesurvey.co.uk/id/4000000074609168,Flowing Stack,,,,landform,Other Coastal Landform,457498,1209067,1000,50000,457249,1208818,457749,1209318,ZE2,http://data.ordnancesurvey.co.uk/id/postcodedistrict/ZE2,,,,,,,Shetland Islands,http://data.ordnancesurvey.co.uk/id/7000000000186620,http://data.ordnancesurvey.co.uk/ontology/admingeo/UnitaryAuthority,Scotland,http://data.ordnancesurvey.co.uk/id/7000000000041429,Scotland,http://data.ordnancesurvey.co.uk/id/country/scotland,,,
osgb4000000074597386,http://data.ordnancesurvey.co.uk/id/4000000074597386,Whale Geo,,,,landform,Other Coastal Landform,451259,1205487,1000,15000,451009,1205240,451509,1205740,ZE2,http://data.ordnancesurvey.co.uk/id/postcodedistrict/ZE2,,,,,,,Shetland Islands,http://data.ordnancesurvey.co.uk/id/7000000000186620,http://data.ordnancesurvey.co.uk/ontology/admingeo/UnitaryAuthority,Scotland,http://data.ordnancesurvey.co.uk/id/7000000000041429,Scotland,http://data.ordnancesurvey.co.uk/id/country/scotland,,,
osgb4000000074612327,http://data.ordnancesurvey.co.uk/id/4000000074612327,Braava Skerries,,,,landform,Other Coastal Landform,457017,1207466,1000,50000,456767,1207216,457267,1207716,ZE2,http://data.ordnancesurvey.co.uk/id/postcodedistrict/ZE2,,,,,,,Shetland Islands,http://data.ordnancesurvey.co.uk/id/7000000000186620,http://data.ordnancesurvey.co.uk/ontology/admingeo/UnitaryAuthority,Scotland,http://data.ordnancesurvey.co.uk/id/7000000000041429,Scotland,http://data.ordnancesurvey.co.uk/id/country/scotland,,,
osgb4000000074621663,http://data.ordnancesurvey.co.uk/id/4000000074621663,Hevda Hill,,,,landform,Hill Or Mountain,458355,1210868,1000,300000,458105,1210618,458605,1211118,ZE2,http://data.ordnancesurvey.co.uk/id/postcodedistrict/ZE2,,,,,,,Shetland Islands,http://data.ordnancesurvey.co.uk/id/7000000000186620,http://data.ordnancesurvey.co.uk/ontology/admingeo/UnitaryAuthority,Scotland,http://data.ordnancesurvey.co.uk/id/7000000000041429,Scotland,http://data.ordnancesurvey.co.uk/id/country/scotland,,,
osgb4000000074755171,http://data.ordnancesurvey.co.uk/id/4000000074755171,The Trinks o' Clave,,,,landform,Other Coastal Landform,457335,1208931,1000,50000,457085,1208670,457585,1209170,ZE2,http://data.ordnancesurvey.co.uk/id/postcodedistrict/ZE2,,,,,,,Shetland Islands,http://data.ordnancesurvey.co.uk/id/7000000000186620,http://data.ordnancesurvey.co.uk/ontology/admingeo/UnitaryAuthority,Scotland,http://data.ordnancesurvey.co.uk/id/7000000000041429,Scotland,http://data.ordnancesurvey.co.uk/id/country/scotland,,,
osgb4000000074609170,http://data.ordnancesurvey.co.uk/id/4000000074609170,Sinna Stack,,,,landform,Other Coastal Landform,458018,1210157,1000,50000,457768,1209906,458268,1210406,ZE2,http://data.ordnancesurvey.co.uk/id/postcodedistrict/ZE2,,,,,,,Shetland Islands,http://data.ordnancesurvey.co.uk/id/7000000000186620,http://data.ordnancesurvey.co.uk/ontology/admingeo/UnitaryAuthority,Scotland,http://data.ordnancesurvey.co.uk/id/7000000000041429,Scotland,http://data.ordnancesurvey.co.uk/id/country/scotland,,,
osgb4000000074586898,http://data.ordnancesurvey.co.uk/id/4000000074586898,Fill Geo,,,,landform,Other Coastal Landform,457744,1208536,1000,15000,457497,1208287,457997,1208787,ZE2,http://data.ordnancesurvey.co.uk/id/postcodedistrict/ZE2,,,,,,,Shetland Islands,http://data.ordnancesurvey.co.uk/id/7000000000186620,http://data.ordnancesurvey.co.uk/ontology/admingeo/UnitaryAuthority,Scotland,http://data.ordnancesurvey.co.uk/id/7000000000041429,Scotland,http://data.ordnancesurvey.co.uk/id/country/scotland,,,
osgb4000000074587128,http://data.ordnancesurvey.co.uk/id/4000000074587128,Sandy Geos,,,,landform,Other Coastal Landform,456727,1205255,1000,15000,456477,1205005,456977,1205505,ZE2,http://data.ordnancesurvey.co.uk/id/postcodedistrict/ZE2,,,,,,,Shetland Islands,http://data.ordnancesurvey.co.uk/id/7000000000186620,http://data.ordnancesurvey.co.uk/ontology/admingeo/UnitaryAuthority,Scotland,http://data.ordnancesurvey.co.uk/id/7000000000041429,Scotland,http://data.ordnancesurvey.co.uk/id/country/scotland,,,
osgb4000000074755925,http://data.ordnancesurvey.co.uk/id/4000000074755925,Wester Lee of Gloup,,,,landform,Other Coastal Landform,450414,1203769,5000,20000,450165,1203368,450665,1204159,ZE2,http://data.ordnancesurvey.co.uk/id/postcodedistrict/ZE2,,,,,,,Shetland Islands,http://data.ordnancesurvey.co.uk/id/7000000000186620,http://data.ordnancesurvey.co.uk/ontology/admingeo/UnitaryAuthority,Scotland,http://data.ordnancesurvey.co.uk/id/7000000000041429,Scotland,http://data.ordnancesurvey.co.uk/id/country/scotland,,,
osgb4000000074587169,http://data.ordnancesurvey.co.uk/id/4000000074587169,Body Geo,,,,landform,Other Coastal Landform,456924,1205277,1000,15000,456671,1205027,457171,1205527,ZE2,http://data.ordnancesurvey.co.uk/id/postcodedistrict/ZE2,,,,,,,Shetland Islands,http://data.ordnancesurvey.co.uk/id/7000000000186620,http://data.ordnancesurvey.co.uk/ontology/admingeo/UnitaryAuthority,Scotland,http://data.ordnancesurvey.co.uk/id/7000000000041429,Scotland,http://data.ordnancesurvey.co.uk/id/country/scotland,,,
osgb4000000074611504,http://data.ordnancesurvey.co.uk/id/4000000074611504,Signa Stack,,,,landform,Other Coastal Landform,452395,1204906,1000,50000,452145,1204656,452645,1205156,ZE2,http://data.ordnancesurvey.co.uk/id/postcodedistrict/ZE2,,,,,,,Shetland Islands,http://data.ordnancesurvey.co.uk/id/7000000000186620,http://data.ordnancesurvey.co.uk/ontology/admingeo/UnitaryAuthority,Scotland,http://data.ordnancesurvey.co.uk/id/7000000000041429,Scotland,http://data.ordnancesurvey.co.uk/id/country/scotland,,,
osgb4000000074587142,http://data.ordnancesurvey.co.uk/id/4000000074587142,North Tarri Geo,,,,landform,Other Coastal Landform,454904,1202669,1000,15000,454654,1202416,455154,1202916,ZE2,http://data.ordnancesurvey.co.uk/id/postcodedistrict/ZE2,,,,,,,Shetland Islands,http://data.ordnancesurvey.co.uk/id/7000000000186620,http://data.ordnancesurvey.co.uk/ontology/admingeo/UnitaryAuthority,Scotland,http://data.ordnancesurvey.co.uk/id/7000000000041429,Scotland,http://data.ordnancesurvey.co.uk/id/country/scotland,,,
osgb4000000074609166,http://data.ordnancesurvey.co.uk/id/4000000074609166,The Lee Stack,,,,landform,Other Coastal Landform,450372,1205629,1000,50000,450122,1205379,450622,1205879,ZE2,http://data.ordnancesurvey.co.uk/id/postcodedistrict/ZE2,,,,,,,Shetland Islands,http://data.ordnancesurvey.co.uk/id/7000000000186620,http://data.ordnancesurvey.co.uk/ontology/admingeo/UnitaryAuthority,Scotland,http://data.ordnancesurvey.co.uk/id/7000000000041429,Scotland,http://data.ordnancesurvey.co.uk/id/country/scotland,,,
osgb4000000074759416,http://data.ordnancesurvey.co.uk/id/4000000074759416,Vadament Stack,,,,landform,Other Coastal Landform,457197,1212154,1000,50000,456948,1211905,457448,1212405,ZE2,http://data.ordnancesurvey.co.uk/id/postcodedistrict/ZE2,,,,,,,Shetland Islands,http://data.ordnancesurvey.co.uk/id/7000000000186620,http://data.ordnancesurvey.co.uk/ontology/admingeo/UnitaryAuthority,Scotland,http://data.ordnancesurvey.co.uk/id/7000000000041429,Scotland,http://data.ordnancesurvey.co.uk/id/country/scotland,,,
osgb4000000074621268,http://data.ordnancesurvey.co.uk/id/4000000074621268,Ward of Grimsetter,,,,landform,Hill Or Mountain,453824,1200741,1000,300000,453574,1200491,454074,1200991,ZE2,http://data.ordnancesurvey.co.uk/id/postcodedistrict/ZE2,,,,,,,Shetland Islands,http://data.ordnancesurvey.co.uk/id/7000000000186620,http://data.ordnancesurvey.co.uk/ontology/admingeo/UnitaryAuthority,Scotland,http://data.ordnancesurvey.co.uk/id/7000000000041429,Scotland,http://data.ordnancesurvey.co.uk/id/country/scotland,,,
osgb4000000074587058,http://data.ordnancesurvey.co.uk/id/4000000074587058,Crub Geo,,,,landform,Other Coastal Landform,456798,1206660,1000,15000,456547,1206410,457047,1206910,ZE2,http://data.ordnancesurvey.co.uk/id/postcodedistrict/ZE2,,,,,,,Shetland Islands,http://data.ordnancesurvey.co.uk/id/7000000000186620,http://data.ordnancesurvey.co.uk/ontology/admingeo/UnitaryAuthority,Scotland,http://data.ordnancesurvey.co.uk/id/7000000000041429,Scotland,http://data.ordnancesurvey.co.uk/id/country/scotland,,,
osgb4000000074759125,http://data.ordnancesurvey.co.uk/id/4000000074759125,Stack of Ottergeo,,,,landform,Other Coastal Landform,457080,1204820,1000,20000,456830,1204571,457330,1205071,ZE2,http://data.ordnancesurvey.co.uk/id/postcodedistrict/ZE2,,,,,,,Shetland Islands,http://data.ordnancesurvey.co.uk/id/7000000000186620,http://data.ordnancesurvey.co.uk/ontology/admingeo/UnitaryAuthority,Scotland,http://data.ordnancesurvey.co.uk/id/7000000000041429,Scotland,http://data.ordnancesurvey.co.uk/id/country/scotland,,,
osgb4000000074755475,http://data.ordnancesurvey.co.uk/id/4000000074755475,Point of Sandgeo,,,,landform,Other Coastal Landform,457043,1205153,1000,20000,456796,1204903,457296,1205403,ZE2,http://data.ordnancesurvey.co.uk/id/postcodedistrict/ZE2,,,,,,,Shetland Islands,http://data.ordnancesurvey.co.uk/id/7000000000186620,http://data.ordnancesurvey.co.uk/ontology/admingeo/UnitaryAuthority,Scotland,http://data.ordnancesurvey.co.uk/id/7000000000041429,Scotland,http://data.ordnancesurvey.co.uk/id/country/scotland,,,
osgb4000000074595145,http://data.ordnancesurvey.co.uk/id/4000000074595145,Whale Geo,,,,landform,Other Coastal Landform,456650,1205528,1000,15000,456402,1205279,456902,1205779,ZE2,http://data.ordnancesurvey.co.uk/id/postcodedistrict/ZE2,,,,,,,Shetland Islands,http://data.ordnancesurvey.co.uk/id/7000000000186620,http://data.ordnancesurvey.co.uk/ontology/admingeo/UnitaryAuthority,Scotland,http://data.ordnancesurvey.co.uk/id/7000000000041429,Scotland,http://data.ordnancesurvey.co.uk/id/country/scotland,,,
osgb4000000074758731,http://data.ordnancesurvey.co.uk/id/4000000074758731,Clingra Stack,,,,landform,Other Coastal Landform,459935,1217764,1000,20000,459672,1217514,460172,1218014,ZE2,http://data.ordnancesurvey.co.uk/id/postcodedistrict/ZE2,,,,,,,Shetland Islands,http://data.ordnancesurvey.co.uk/id/7000000000186620,http://data.ordnancesurvey.co.uk/ontology/admingeo/UnitaryAuthority,Scotland,http://data.ordnancesurvey.co.uk/id/7000000000041429,Scotland,http://data.ordnancesurvey.co.uk/id/country/scotland,,,
osgb4000000074755225,http://data.ordnancesurvey.co.uk/id/4000000074755225,Rudatae,,,,landform,Other Coastal Landform,458481,1214776,1000,20000,458203,1214527,458703,1215027,ZE2,http://data.ordnancesurvey.co.uk/id/postcodedistrict/ZE2,,,,,,,Shetland Islands,http://data.ordnancesurvey.co.uk/id/7000000000186620,http://data.ordnancesurvey.co.uk/ontology/admingeo/UnitaryAuthority,Scotland,http://data.ordnancesurvey.co.uk/id/7000000000041429,Scotland,http://data.ordnancesurvey.co.uk/id/country/scotland,,,
osgb4000000074611083,http://data.ordnancesurvey.co.uk/id/4000000074611083,Croo Skerry,,,,landform,Other Coastal Landform,456041,1201690,1000,50000,455791,1201440,456291,1201940,ZE2,http://data.ordnancesurvey.co.uk/id/postcodedistrict/ZE2,,,,,,,Shetland Islands,http://data.ordnancesurvey.co.uk/id/7000000000186620,http://data.ordnancesurvey.co.uk/ontology/admingeo/UnitaryAuthority,Scotland,http://data.ordnancesurvey.co.uk/id/7000000000041429,Scotland,http://data.ordnancesurvey.co.uk/id/country/scotland,,,
osgb4000000074724344,http://data.ordnancesurvey.co.uk/id/4000000074724344,Virda Dale,,,,landform,Valley,453356,1201948,3000,800000,453106,1201692,453606,1202192,ZE2,http://data.ordnancesurvey.co.uk/id/postcodedistrict/ZE2,,,,,,,Shetland Islands,http://data.ordnancesurvey.co.uk/id/7000000000186620,http://data.ordnancesurvey.co.uk/ontology/admingeo/UnitaryAuthority,Scotland,http://data.ordnancesurvey.co.uk/id/7000000000041429,Scotland,http://data.ordnancesurvey.co.uk/id/country/scotland,,,
osgb4000000074810037,http://data.ordnancesurvey.co.uk/id/4000000074810037,Scata Water,,,,hydrography,Inland Water,459377,1201291,1000,500000,459128,1201012,459628,1201512,ZE2,http://data.ordnancesurvey.co.uk/id/postcodedistrict/ZE2,,,,,,,Shetland Islands,http://data.ordnancesurvey.co.uk/id/7000000000186620,http://data.ordnancesurvey.co.uk/ontology/admingeo/UnitaryAuthority,Scotland,http://data.ordnancesurvey.co.uk/id/7000000000041429,Scotland,http://data.ordnancesurvey.co.uk/id/country/scotland,,,
osgb4000000074755818,http://data.ordnancesurvey.co.uk/id/4000000074755818,Beach of Newgarth,,,,landcover,Beach,456925,1205886,2000,100000,456675,1205538,457175,1206038,ZE2,http://data.ordnancesurvey.co.uk/id/postcodedistrict/ZE2,,,,,,,Shetland Islands,http://data.ordnancesurvey.co.uk/id/7000000000186620,http://data.ordnancesurvey.co.uk/ontology/admingeo/UnitaryAuthority,Scotland,http://data.ordnancesurvey.co.uk/id/7000000000041429,Scotland,http://data.ordnancesurvey.co.uk/id/country/scotland,,,
osgb4000000073338652,http://data.ordnancesurvey.co.uk/id/4000000073338652,Belmont,,,,transportNetwork,Vehicular Ferry Terminal,456578,1200426,1000,50000,456325,1200177,456825,1200677,ZE2,http://data.ordnancesurvey.co.uk/id/postcodedistrict/ZE2,,,,,,,Shetland Islands,http://data.ordnancesurvey.co.uk/id/7000000000186620,http://data.ordnancesurvey.co.uk/ontology/admingeo/UnitaryAuthority,Scotland,http://data.ordnancesurvey.co.uk/id/7000000000041429,Scotland,http://data.ordnancesurvey.co.uk/id/country/scotland,,,
osgb4000000073338312,http://data.ordnancesurvey.co.uk/id/4000000073338312,Cullivoe Primary School,,,,other,Primary Education,453719,1204140,1000,50000,453469,1203891,453969,1204391,ZE2,http://data.ordnancesurvey.co.uk/id/postcodedistrict/ZE2,,,,,,,Shetland Islands,http://data.ordnancesurvey.co.uk/id/7000000000186620,http://data.ordnancesurvey.co.uk/ontology/admingeo/UnitaryAuthority,Scotland,http://data.ordnancesurvey.co.uk/id/7000000000041429,Scotland,http://data.ordnancesurvey.co.uk/id/country/scotland,,,
osgb4000000074787404,http://data.ordnancesurvey.co.uk/id/4000000074787404,The Keen,,,,hydrography,Tidal Water,457987,1211626,1000,100000,457737,1211370,458237,1211870,ZE2,http://data.ordnancesurvey.co.uk/id/postcodedistrict/ZE2,,,,,,,Shetland Islands,http://data.ordnancesurvey.co.uk/id/7000000000186620,http://data.ordnancesurvey.co.uk/ontology/admingeo/UnitaryAuthority,Scotland,http://data.ordnancesurvey.co.uk/id/7000000000041429,Scotland,http://data.ordnancesurvey.co.uk/id/country/scotland,,,
osgb4000000074806253,http://data.ordnancesurvey.co.uk/id/4000000074806253,Smoity Loch,,,,hydrography,Inland Water,458326,1208799,1000,500000,458076,1208549,458576,1209049,ZE2,http://data.ordnancesurvey.co.uk/id/postcodedistrict/ZE2,,,,,,,Shetland Islands,http://data.ordnancesurvey.co.uk/id/7000000000186620,http://data.ordnancesurvey.co.uk/ontology/admingeo/UnitaryAuthority,Scotland,http://data.ordnancesurvey.co.uk/id/7000000000041429,Scotland,http://data.ordnancesurvey.co.uk/id/country/scotland,,,
osgb4000000074773882,http://data.ordnancesurvey.co.uk/id/4000000074773882,Hill of Bakkanalee,,,,landform,Hill Or Mountain,449861,1203456,1000,300000,449611,1203206,450111,1203706,ZE2,http://data.ordnancesurvey.co.uk/id/postcodedistrict/ZE2,,,,,,,Shetland Islands,http://data.ordnancesurvey.co.uk/id/7000000000186620,http://data.ordnancesurvey.co.uk/ontology/admingeo/UnitaryAuthority,Scotland,http://data.ordnancesurvey.co.uk/id/7000000000041429,Scotland,http://data.ordnancesurvey.co.uk/id/country/scotland,,,
osgb4000000074806257,http://data.ordnancesurvey.co.uk/id/4000000074806257,Grud Waters,,,,hydrography,Inland Water,448543,1201435,2000,40000,448293,1201280,448793,1201780,ZE2,http://data.ordnancesurvey.co.uk/id/postcodedistrict/ZE2,,,,,,,Shetland Islands,http://data.ordnancesurvey.co.uk/id/7000000000186620,http://data.ordnancesurvey.co.uk/ontology/admingeo/UnitaryAuthority,Scotland,http://data.ordnancesurvey.co.uk/id/7000000000041429,Scotland,http://data.ordnancesurvey.co.uk/id/country/scotland,,,
osgb4000000074724467,http://data.ordnancesurvey.co.uk/id/4000000074724467,Litla Dale,,,,landform,Valley,451926,1204753,2000,800000,451677,1204487,452177,1204987,ZE2,http://data.ordnancesurvey.co.uk/id/postcodedistrict/ZE2,,,,,,,Shetland Islands,http://data.ordnancesurvey.co.uk/id/7000000000186620,http://data.ordnancesurvey.co.uk/ontology/admingeo/UnitaryAuthority,Scotland,http://data.ordnancesurvey.co.uk/id/7000000000041429,Scotland,http://data.ordnancesurvey.co.uk/id/country/scotland,,,
osgb4000000074755684,http://data.ordnancesurvey.co.uk/id/4000000074755684,Kirkaby,,,,landform,Other Coastal Landform,456525,1206396,1000,50000,456276,1206144,456776,1206644,ZE2,http://data.ordnancesurvey.co.uk/id/postcodedistrict/ZE2,,,,,,,Shetland Islands,http://data.ordnancesurvey.co.uk/id/7000000000186620,http://data.ordnancesurvey.co.uk/ontology/admingeo/UnitaryAuthority,Scotland,http://data.ordnancesurvey.co.uk/id/7000000000041429,Scotland,http://data.ordnancesurvey.co.uk/id/country/scotland,,,
osgb4000000074809589,http://data.ordnancesurvey.co.uk/id/4000000074809589,Loch of Broomhill,,,,hydrography,Inland Water,458262,1201295,1000,500000,458012,1201044,458512,1201544,ZE2,http://data.ordnancesurvey.co.uk/id/postcodedistrict/ZE2,,,,,,,Shetland Islands,http://data.ordnancesurvey.co.uk/id/7000000000186620,http://data.ordnancesurvey.co.uk/ontology/admingeo/UnitaryAuthority,Scotland,http://data.ordnancesurvey.co.uk/id/7000000000041429,Scotland,http://data.ordnancesurvey.co.uk/id/country/scotland,,,
osgb4000000074755280,http://data.ordnancesurvey.co.uk/id/4000000074755280,Saito,,,,landform,Cliff Or Slope,459454,1215743,2000,40000,459204,1215419,459704,1215919,ZE2,http://data.ordnancesurvey.co.uk/id/postcodedistrict/ZE2,,,,,,,Shetland Islands,http://data.ordnancesurvey.co.uk/id/7000000000186620,http://data.ordnancesurvey.co.uk/ontology/admingeo/UnitaryAuthority,Scotland,http://data.ordnancesurvey.co.uk/id/7000000000041429,Scotland,http://data.ordnancesurvey.co.uk/id/country/scotland,,,
osgb4000000074755267,http://data.ordnancesurvey.co.uk/id/4000000074755267,Mid Ness,,,,landform,Coastal Headland,452370,1205755,1000,750000,452124,1205505,452624,1206005,ZE2,http://data.ordnancesurvey.co.uk/id/postcodedistrict/ZE2,,,,,,,Shetland Islands,http://data.ordnancesurvey.co.uk/id/7000000000186620,http://data.ordnancesurvey.co.uk/ontology/admingeo/UnitaryAuthority,Scotland,http://data.ordnancesurvey.co.uk/id/7000000000041429,Scotland,http://data.ordnancesurvey.co.uk/id/country/scotland,,,
osgb4000000074787803,http://data.ordnancesurvey.co.uk/id/4000000074787803,Wick of North Garth,,,,hydrography,Bay,454787,1200501,3000,150000,454534,1200235,455034,1200735,ZE2,http://data.ordnancesurvey.co.uk/id/postcodedistrict/ZE2,,,,,,,Shetland Islands,http://data.ordnancesurvey.co.uk/id/7000000000186620,http://data.ordnancesurvey.co.uk/ontology/admingeo/UnitaryAuthority,Scotland,http://data.ordnancesurvey.co.uk/id/7000000000041429,Scotland,http://data.ordnancesurvey.co.uk/id/country/scotland,,,
osgb4000000074586984,http://data.ordnancesurvey.co.uk/id/4000000074586984,Turfa Geo,,,,landform,Other Coastal Landform,455888,1201302,1000,15000,455639,1201070,456139,1201570,ZE2,http://data.ordnancesurvey.co.uk/id/postcodedistrict/ZE2,,,,,,,Shetland Islands,http://data.ordnancesurvey.co.uk/id/7000000000186620,http://data.ordnancesurvey.co.uk/ontology/admingeo/UnitaryAuthority,Scotland,http://data.ordnancesurvey.co.uk/id/7000000000041429,Scotland,http://data.ordnancesurvey.co.uk/id/country/scotland,,,
osgb4000000074611922,http://data.ordnancesurvey.co.uk/id/4000000074611922,Outsta Ness,,,,landform,Island,452241,1205942,2000,800000,451992,1205686,452492,1206186,ZE2,http://data.ordnancesurvey.co.uk/id/postcodedistrict/ZE2,,,,,,,Shetland Islands,http://data.ordnancesurvey.co.uk/id/7000000000186620,http://data.ordnancesurvey.co.uk/ontology/admingeo/UnitaryAuthority,Scotland,http://data.ordnancesurvey.co.uk/id/7000000000041429,Scotland,http://data.ordnancesurvey.co.uk/id/country/scotland,,,
osgb4000000074741107,http://data.ordnancesurvey.co.uk/id/4000000074741107,Braeside,,,,landcover,Other Landcover,456063,1201152,7000,1300000,455706,1200715,456421,1201758,ZE2,http://data.ordnancesurvey.co.uk/id/postcodedistrict/ZE2,,,,,,,Shetland Islands,http://data.ordnancesurvey.co.uk/id/7000000000186620,http://data.ordnancesurvey.co.uk/ontology/admingeo/UnitaryAuthority,Scotland,http://data.ordnancesurvey.co.uk/id/7000000000041429,Scotland,http://data.ordnancesurvey.co.uk/id/country/scotland,,,
osgb4000000074586959,http://data.ordnancesurvey.co.uk/id/4000000074586959,Hevda Geo,,,,landform,Other Coastal Landform,458058,1211098,1000,15000,457807,1210848,458307,1211348,ZE2,http://data.ordnancesurvey.co.uk/id/postcodedistrict/ZE2,,,,,,,Shetland Islands,http://data.ordnancesurvey.co.uk/id/7000000000186620,http://data.ordnancesurvey.co.uk/ontology/admingeo/UnitaryAuthority,Scotland,http://data.ordnancesurvey.co.uk/id/7000000000041429,Scotland,http://data.ordnancesurvey.co.uk/id/country/scotland,,,
osgb4000000074587139,http://data.ordnancesurvey.co.uk/id/4000000074587139,South Tarri Geo,,,,landform,Other Coastal Landform,454972,1202561,1000,15000,454722,1202325,455222,1202825,ZE2,http://data.ordnancesurvey.co.uk/id/postcodedistrict/ZE2,,,,,,,Shetland Islands,http://data.ordnancesurvey.co.uk/id/7000000000186620,http://data.ordnancesurvey.co.uk/ontology/admingeo/UnitaryAuthority,Scotland,http://data.ordnancesurvey.co.uk/id/7000000000041429,Scotland,http://data.ordnancesurvey.co.uk/id/country/scotland,,,
osgb4000000074586813,http://data.ordnancesurvey.co.uk/id/4000000074586813,Skervi Geo,,,,landform,Other Coastal Landform,453262,1205165,1000,15000,453012,1204914,453512,1205414,ZE2,http://data.ordnancesurvey.co.uk/id/postcodedistrict/ZE2,,,,,,,Shetland Islands,http://data.ordnancesurvey.co.uk/id/7000000000186620,http://data.ordnancesurvey.co.uk/ontology/admingeo/UnitaryAuthority,Scotland,http://data.ordnancesurvey.co.uk/id/7000000000041429,Scotland,http://data.ordnancesurvey.co.uk/id/country/scotland,,,
osgb4000000074611920,http://data.ordnancesurvey.co.uk/id/4000000074611920,Birrier Stack,,,,landform,Other Coastal Landform,452953,1205591,1000,50000,452703,1205344,453203,1205844,ZE2,http://data.ordnancesurvey.co.uk/id/postcodedistrict/ZE2,,,,,,,Shetland Islands,http://data.ordnancesurvey.co.uk/id/7000000000186620,http://data.ordnancesurvey.co.uk/ontology/admingeo/UnitaryAuthority,Scotland,http://data.ordnancesurvey.co.uk/id/7000000000041429,Scotland,http://data.ordnancesurvey.co.uk/id/country/scotland,,,
osgb4000000074805822,http://data.ordnancesurvey.co.uk/id/4000000074805822,Loch of Papil,,,,hydrography,Inland Water,454077,1204236,2000,500000,453828,1204009,454328,1204509,ZE2,http://data.ordnancesurvey.co.uk/id/postcodedistrict/ZE2,,,,,,,Shetland Islands,http://data.ordnancesurvey.co.uk/id/7000000000186620,http://data.ordnancesurvey.co.uk/ontology/admingeo/UnitaryAuthority,Scotland,http://data.ordnancesurvey.co.uk/id/7000000000041429,Scotland,http://data.ordnancesurvey.co.uk/id/country/scotland,,,
osgb4000000074759124,http://data.ordnancesurvey.co.uk/id/4000000074759124,Stack of Nestig,,,,landform,Other Coastal Landform,457075,1204877,1000,50000,456825,1204628,457325,1205128,ZE2,http://data.ordnancesurvey.co.uk/id/postcodedistrict/ZE2,,,,,,,Shetland Islands,http://data.ordnancesurvey.co.uk/id/7000000000186620,http://data.ordnancesurvey.co.uk/ontology/admingeo/UnitaryAuthority,Scotland,http://data.ordnancesurvey.co.uk/id/7000000000041429,Scotland,http://data.ordnancesurvey.co.uk/id/country/scotland,,,
osgb4000000074586873,http://data.ordnancesurvey.co.uk/id/4000000074586873,Bogligarths Geo,,,,landform,Other Coastal Landform,457885,1208007,1000,15000,457635,1207759,458135,1208259,ZE2,http://data.ordnancesurvey.co.uk/id/postcodedistrict/ZE2,,,,,,,Shetland Islands,http://data.ordnancesurvey.co.uk/id/7000000000186620,http://data.ordnancesurvey.co.uk/ontology/admingeo/UnitaryAuthority,Scotland,http://data.ordnancesurvey.co.uk/id/7000000000041429,Scotland,http://data.ordnancesurvey.co.uk/id/country/scotland,,,
osgb4000000074755687,http://data.ordnancesurvey.co.uk/id/4000000074755687,Valaberg,,,,landform,Other Coastal Landform,457250,1212113,1000,50000,457059,1211863,457559,1212363,ZE2,http://data.ordnancesurvey.co.uk/id/postcodedistrict/ZE2,,,,,,,Shetland Islands,http://data.ordnancesurvey.co.uk/id/7000000000186620,http://data.ordnancesurvey.co.uk/ontology/admingeo/UnitaryAuthority,Scotland,http://data.ordnancesurvey.co.uk/id/7000000000041429,Scotland,http://data.ordnancesurvey.co.uk/id/country/scotland,,,
osgb4000000074755622,http://data.ordnancesurvey.co.uk/id/4000000074755622,The Blee,,,,landform,Coastal Headland,450581,1205771,1000,750000,450331,1205556,450831,1206056,ZE2,http://data.ordnancesurvey.co.uk/id/postcodedistrict/ZE2,,,,,,,Shetland Islands,http://data.ordnancesurvey.co.uk/id/7000000000186620,http://data.ordnancesurvey.co.uk/ontology/admingeo/UnitaryAuthority,Scotland,http://data.ordnancesurvey.co.uk/id/7000000000041429,Scotland,http://data.ordnancesurvey.co.uk/id/country/scotland,,,
ZE29EH,http://data.ordnancesurvey.co.uk/id/postcodeunit/ZE29EH,ZE2 9EH,,,,other,Postcode,459978,1200676,3500,18000,,,,,,,Clivocast,http://data.ordnancesurvey.co.uk/id/4000000074557426,http://www.ordnancesurvey.co.uk/xml/codelists/localtype.xml#village,,,,Shetland Islands,http://data.ordnancesurvey.co.uk/id/7000000000186620,http://data.ordnancesurvey.co.uk/ontology/admingeo/UnitaryAuthority,Scotland,http://data.ordnancesurvey.co.uk/id/7000000000041429,Scotland,http://data.ordnancesurvey.co.uk/id/country/scotland,,,
ZE29DN,http://data.ordnancesurvey.co.uk/id/postcodeunit/ZE29DN,ZE2 9DN,,,,other,Postcode,459957,1200769,3500,18000,,,,,,,Clivocast,http://data.ordnancesurvey.co.uk/id/4000000074557426,http://www.ordnancesurvey.co.uk/xml/codelists/localtype.xml#village,,,,Shetland Islands,http://data.ordnancesurvey.co.uk/id/7000000000186620,http://data.ordnancesurvey.co.uk/ontology/admingeo/UnitaryAuthority,Scotland,http://data.ordnancesurvey.co.uk/id/7000000000041429,Scotland,http://data.ordnancesurvey.co.uk/id/country/scotland,,,
