osgb4000000074577539,http://data.ordnancesurvey.co.uk/id/4000000074577539,Gate Burton,,,,populatedPlace,Hamlet,483842,382600,5000,25000,483551,382456,484051,383226,DN21,http://data.ordnancesurvey.co.uk/id/postcodedistrict/DN21,,,,West Lindsey,http://data.ordnancesurvey.co.uk/id/7000000000043527,http://data.ordnancesurvey.co.uk/ontology/admingeo/District,Lincolnshire,http://data.ordnancesurvey.co.uk/id/7000000000005942,http://data.ordnancesurvey.co.uk/ontology/admingeo/County,East Midlands,http://data.ordnancesurvey.co.uk/id/7000000000041423,England,http://data.ordnancesurvey.co.uk/id/country/england,,http://dbpedia.org/resource/Gate_Burton,
osgb4000000074575138,http://data.ordnancesurvey.co.uk/id/4000000074575138,Normanby by Stow,,,,populatedPlace,Hamlet,488270,382736,5000,25000,487991,382691,488491,383209,DN21,http://data.ordnancesurvey.co.uk/id/postcodedistrict/DN21,,,,West Lindsey,http://data.ordnancesurvey.co.uk/id/7000000000043527,http://data.ordnancesurvey.co.uk/ontology/admingeo/District,Lincolnshire,http://data.ordnancesurvey.co.uk/id/7000000000005942,http://data.ordnancesurvey.co.uk/ontology/admingeo/County,East Midlands,http://data.ordnancesurvey.co.uk/id/7000000000041423,England,http://data.ordnancesurvey.co.uk/id/country/england,,,
osgb4000000074574882,http://data.ordnancesurvey.co.uk/id/4000000074574882,Blyborough,,,,populatedPlace,Hamlet,493390,394300,5000,25000,493091,393810,494231,394652,DN21,http://data.ordnancesurvey.co.uk/id/postcodedistrict/DN21,,,,West Lindsey,http://data.ordnancesurvey.co.uk/id/7000000000043527,http://data.ordnancesurvey.co.uk/ontology/admingeo/District,Lincolnshire,http://data.ordnancesurvey.co.uk/id/7000000000005942,http://data.ordnancesurvey.co.uk/ontology/admingeo/County,East Midlands,http://data.ordnancesurvey.co.uk/id/7000000000041423,England,http://data.ordnancesurvey.co.uk/id/country/england,,http://dbpedia.org/resource/Blyborough,http://sws.geonames.org/2655319
osgb4000000074325696,http://data.ordnancesurvey.co.uk/id/4000000074325696,Caenby Corner,,,,populatedPlace,Other Settlement,496594,389507,15000,25000,496345,389257,496845,389757,LN8,http://data.ordnancesurvey.co.uk/id/postcodedistrict/LN8,,,,West Lindsey,http://data.ordnancesurvey.co.uk/id/7000000000043527,http://data.ordnancesurvey.co.uk/ontology/admingeo/District,Lincolnshire,http://data.ordnancesurvey.co.uk/id/7000000000005942,http://data.ordnancesurvey.co.uk/ontology/admingeo/County,East Midlands,http://data.ordnancesurvey.co.uk/id/7000000000041423,England,http://data.ordnancesurvey.co.uk/id/country/england,,http://dbpedia.org/resource/Caenby_Corner,
osgb4000000074574605,http://data.ordnancesurvey.co.uk/id/4000000074574605,Yawthorpe,,,,populatedPlace,Hamlet,489642,391844,5000,25000,489397,391735,489897,392235,DN21,http://data.ordnancesurvey.co.uk/id/postcodedistrict/DN21,,,,West Lindsey,http://data.ordnancesurvey.co.uk/id/7000000000043527,http://data.ordnancesurvey.co.uk/ontology/admingeo/District,Lincolnshire,http://data.ordnancesurvey.co.uk/id/7000000000005942,http://data.ordnancesurvey.co.uk/ontology/admingeo/County,East Midlands,http://data.ordnancesurvey.co.uk/id/7000000000041423,England,http://data.ordnancesurvey.co.uk/id/country/england,,,
osgb4000000074574874,http://data.ordnancesurvey.co.uk/id/4000000074574874,Ingham Cliff,,,,populatedPlace,Hamlet,495725,383581,5000,25000,495584,382994,496253,383707,LN1,http://data.ordnancesurvey.co.uk/id/postcodedistrict/LN1,,,,West Lindsey,http://data.ordnancesurvey.co.uk/id/7000000000043527,http://data.ordnancesurvey.co.uk/ontology/admingeo/District,Lincolnshire,http://data.ordnancesurvey.co.uk/id/7000000000005942,http://data.ordnancesurvey.co.uk/ontology/admingeo/County,East Midlands,http://data.ordnancesurvey.co.uk/id/7000000000041423,England,http://data.ordnancesurvey.co.uk/id/country/england,,,
osgb4000000074574337,http://data.ordnancesurvey.co.uk/id/4000000074574337,Glentworth,,,,populatedPlace,Village,494611,388114,7000,250000,494136,387626,495101,388652,DN21,http://data.ordnancesurvey.co.uk/id/postcodedistrict/DN21,,,,West Lindsey,http://data.ordnancesurvey.co.uk/id/7000000000043527,http://data.ordnancesurvey.co.uk/ontology/admingeo/District,Lincolnshire,http://data.ordnancesurvey.co.uk/id/7000000000005942,http://data.ordnancesurvey.co.uk/ontology/admingeo/County,East Midlands,http://data.ordnancesurvey.co.uk/id/7000000000041423,England,http://data.ordnancesurvey.co.uk/id/country/england,,"http://dbpedia.org/resource/Glentworth,_Lincolnshire",http://sws.geonames.org/2648419
osgb4000000074574883,http://data.ordnancesurvey.co.uk/id/4000000074574883,Grayingham,,,,populatedPlace,Village,493470,396148,5000,250000,493223,395710,494051,396386,DN21,http://data.ordnancesurvey.co.uk/id/postcodedistrict/DN21,,,,West Lindsey,http://data.ordnancesurvey.co.uk/id/7000000000043527,http://data.ordnancesurvey.co.uk/ontology/admingeo/District,Lincolnshire,http://data.ordnancesurvey.co.uk/id/7000000000005942,http://data.ordnancesurvey.co.uk/ontology/admingeo/County,East Midlands,http://data.ordnancesurvey.co.uk/id/7000000000041423,England,http://data.ordnancesurvey.co.uk/id/country/england,,http://dbpedia.org/resource/Grayingham,http://sws.geonames.org/2648185
osgb4000000074813593,http://data.ordnancesurvey.co.uk/id/4000000074813593,Knaith Park,,,,populatedPlace,Village,484172,385731,6000,250000,483872,385378,484748,385910,DN21,http://data.ordnancesurvey.co.uk/id/postcodedistrict/DN21,,,,West Lindsey,http://data.ordnancesurvey.co.uk/id/7000000000043527,http://data.ordnancesurvey.co.uk/ontology/admingeo/District,Lincolnshire,http://data.ordnancesurvey.co.uk/id/7000000000005942,http://data.ordnancesurvey.co.uk/ontology/admingeo/County,East Midlands,http://data.ordnancesurvey.co.uk/id/7000000000041423,England,http://data.ordnancesurvey.co.uk/id/country/england,,,
osgb4000000074575141,http://data.ordnancesurvey.co.uk/id/4000000074575141,Springthorpe,,,,populatedPlace,Village,487618,389661,4000,250000,487338,389447,487890,389947,DN21,http://data.ordnancesurvey.co.uk/id/postcodedistrict/DN21,,,,West Lindsey,http://data.ordnancesurvey.co.uk/id/7000000000043527,http://data.ordnancesurvey.co.uk/ontology/admingeo/District,Lincolnshire,http://data.ordnancesurvey.co.uk/id/7000000000005942,http://data.ordnancesurvey.co.uk/ontology/admingeo/County,East Midlands,http://data.ordnancesurvey.co.uk/id/7000000000041423,England,http://data.ordnancesurvey.co.uk/id/country/england,,http://dbpedia.org/resource/Springthorpe,http://sws.geonames.org/2637188
osgb4000000074574875,http://data.ordnancesurvey.co.uk/id/4000000074574875,Ingham,,,,populatedPlace,Village,494817,383475,7000,250000,494131,382753,495192,383859,LN1,http://data.ordnancesurvey.co.uk/id/postcodedistrict/LN1,,,,West Lindsey,http://data.ordnancesurvey.co.uk/id/7000000000043527,http://data.ordnancesurvey.co.uk/ontology/admingeo/District,Lincolnshire,http://data.ordnancesurvey.co.uk/id/7000000000005942,http://data.ordnancesurvey.co.uk/ontology/admingeo/County,East Midlands,http://data.ordnancesurvey.co.uk/id/7000000000041423,England,http://data.ordnancesurvey.co.uk/id/country/england,,"http://dbpedia.org/resource/Ingham,_Lincolnshire",http://sws.geonames.org/2646212
osgb4000000074575142,http://data.ordnancesurvey.co.uk/id/4000000074575142,Park Springs,,,,populatedPlace,Suburban Area,483191,389168,8000,25000,482430,388558,483665,389417,DN21,http://data.ordnancesurvey.co.uk/id/postcodedistrict/DN21,,,,West Lindsey,http://data.ordnancesurvey.co.uk/id/7000000000043527,http://data.ordnancesurvey.co.uk/ontology/admingeo/District,Lincolnshire,http://data.ordnancesurvey.co.uk/id/7000000000005942,http://data.ordnancesurvey.co.uk/ontology/admingeo/County,East Midlands,http://data.ordnancesurvey.co.uk/id/7000000000041423,England,http://data.ordnancesurvey.co.uk/id/country/england,,,
osgb4000000074574603,http://data.ordnancesurvey.co.uk/id/4000000074574603,Hemswell,,,,populatedPlace,Village,492955,390943,6000,250000,492518,390654,493443,391233,DN21,http://data.ordnancesurvey.co.uk/id/postcodedistrict/DN21,,,,West Lindsey,http://data.ordnancesurvey.co.uk/id/7000000000043527,http://data.ordnancesurvey.co.uk/ontology/admingeo/District,Lincolnshire,http://data.ordnancesurvey.co.uk/id/7000000000005942,http://data.ordnancesurvey.co.uk/ontology/admingeo/County,East Midlands,http://data.ordnancesurvey.co.uk/id/7000000000041423,England,http://data.ordnancesurvey.co.uk/id/country/england,,http://dbpedia.org/resource/Hemswell,http://sws.geonames.org/2647121
osgb4000000074574880,http://data.ordnancesurvey.co.uk/id/4000000074574880,Waddingham,,,,populatedPlace,Village,498168,396091,8000,250000,497744,395375,498879,396627,DN21,http://data.ordnancesurvey.co.uk/id/postcodedistrict/DN21,,,,West Lindsey,http://data.ordnancesurvey.co.uk/id/7000000000043527,http://data.ordnancesurvey.co.uk/ontology/admingeo/District,Lincolnshire,http://data.ordnancesurvey.co.uk/id/7000000000005942,http://data.ordnancesurvey.co.uk/ontology/admingeo/County,East Midlands,http://data.ordnancesurvey.co.uk/id/7000000000041423,England,http://data.ordnancesurvey.co.uk/id/country/england,,http://dbpedia.org/resource/Waddingham,http://sws.geonames.org/2634924
osgb4000000074578004,http://data.ordnancesurvey.co.uk/id/4000000074578004,Knaith,,,,populatedPlace,Hamlet,483033,384778,5000,25000,482750,384365,483289,384928,DN21,http://data.ordnancesurvey.co.uk/id/postcodedistrict/DN21,,,,West Lindsey,http://data.ordnancesurvey.co.uk/id/7000000000043527,http://data.ordnancesurvey.co.uk/ontology/admingeo/District,Lincolnshire,http://data.ordnancesurvey.co.uk/id/7000000000005942,http://data.ordnancesurvey.co.uk/ontology/admingeo/County,East Midlands,http://data.ordnancesurvey.co.uk/id/7000000000041423,England,http://data.ordnancesurvey.co.uk/id/country/england,,http://dbpedia.org/resource/Knaith,http://sws.geonames.org/2645170
osgb4000000074575425,http://data.ordnancesurvey.co.uk/id/4000000074575425,Gainsborough,,,,populatedPlace,Town,481611,390002,33000,2000000,480132,387458,483764,392519,DN21,http://data.ordnancesurvey.co.uk/id/postcodedistrict/DN21,,,,West Lindsey,http://data.ordnancesurvey.co.uk/id/7000000000043527,http://data.ordnancesurvey.co.uk/ontology/admingeo/District,Lincolnshire,http://data.ordnancesurvey.co.uk/id/7000000000005942,http://data.ordnancesurvey.co.uk/ontology/admingeo/County,East Midlands,http://data.ordnancesurvey.co.uk/id/7000000000041423,England,http://data.ordnancesurvey.co.uk/id/country/england,,"http://dbpedia.org/resource/Gainsborough,_Lincolnshire",http://sws.geonames.org/2648945
osgb4000000074576002,http://data.ordnancesurvey.co.uk/id/4000000074576002,Wildsworth,,,,populatedPlace,Hamlet,480863,398082,5000,25000,480593,397711,481093,398259,DN21,http://data.ordnancesurvey.co.uk/id/postcodedistrict/DN21,,,,West Lindsey,http://data.ordnancesurvey.co.uk/id/7000000000043527,http://data.ordnancesurvey.co.uk/ontology/admingeo/District,Lincolnshire,http://data.ordnancesurvey.co.uk/id/7000000000005942,http://data.ordnancesurvey.co.uk/ontology/admingeo/County,East Midlands,http://data.ordnancesurvey.co.uk/id/7000000000041423,England,http://data.ordnancesurvey.co.uk/id/country/england,,,
osgb4000000074574338,http://data.ordnancesurvey.co.uk/id/4000000074574338,Hemswell Cliff,,,,populatedPlace,Village,495562,389568,10000,250000,494459,389308,496066,390706,DN21,http://data.ordnancesurvey.co.uk/id/postcodedistrict/DN21,,,,West Lindsey,http://data.ordnancesurvey.co.uk/id/7000000000043527,http://data.ordnancesurvey.co.uk/ontology/admingeo/District,Lincolnshire,http://data.ordnancesurvey.co.uk/id/7000000000005942,http://data.ordnancesurvey.co.uk/ontology/admingeo/County,East Midlands,http://data.ordnancesurvey.co.uk/id/7000000000041423,England,http://data.ordnancesurvey.co.uk/id/country/england,,http://dbpedia.org/resource/Hemswell_Cliff,
osgb4000000074574877,http://data.ordnancesurvey.co.uk/id/4000000074574877,Fillingham,,,,populatedPlace,Village,494709,385834,8000,250000,494417,385386,495719,386181,DN21,http://data.ordnancesurvey.co.uk/id/postcodedistrict/DN21,,,,West Lindsey,http://data.ordnancesurvey.co.uk/id/7000000000043527,http://data.ordnancesurvey.co.uk/ontology/admingeo/District,Lincolnshire,http://data.ordnancesurvey.co.uk/id/7000000000005942,http://data.ordnancesurvey.co.uk/ontology/admingeo/County,East Midlands,http://data.ordnancesurvey.co.uk/id/7000000000041423,England,http://data.ordnancesurvey.co.uk/id/country/england,,http://dbpedia.org/resource/Fillingham,http://sws.geonames.org/2649455
osgb4000000074574341,http://data.ordnancesurvey.co.uk/id/4000000074574341,Harpswell,,,,populatedPlace,Hamlet,493583,389785,5000,25000,493385,389617,493885,390123,DN21,http://data.ordnancesurvey.co.uk/id/postcodedistrict/DN21,,,,West Lindsey,http://data.ordnancesurvey.co.uk/id/7000000000043527,http://data.ordnancesurvey.co.uk/ontology/admingeo/District,Lincolnshire,http://data.ordnancesurvey.co.uk/id/7000000000005942,http://data.ordnancesurvey.co.uk/ontology/admingeo/County,East Midlands,http://data.ordnancesurvey.co.uk/id/7000000000041423,England,http://data.ordnancesurvey.co.uk/id/country/england,,"http://dbpedia.org/resource/Harpswell,_Lincolnshire",http://sws.geonames.org/2647442
osgb4000000074575144,http://data.ordnancesurvey.co.uk/id/4000000074575144,Aisby,,,,populatedPlace,Hamlet,487205,392937,5000,25000,486958,392703,487458,393203,DN21,http://data.ordnancesurvey.co.uk/id/postcodedistrict/DN21,,,,West Lindsey,http://data.ordnancesurvey.co.uk/id/7000000000043527,http://data.ordnancesurvey.co.uk/ontology/admingeo/District,Lincolnshire,http://data.ordnancesurvey.co.uk/id/7000000000005942,http://data.ordnancesurvey.co.uk/ontology/admingeo/County,East Midlands,http://data.ordnancesurvey.co.uk/id/7000000000041423,England,http://data.ordnancesurvey.co.uk/id/country/england,,"http://dbpedia.org/resource/Aisby,_West_Lindsey",
osgb4000000074333386,http://data.ordnancesurvey.co.uk/id/4000000074333386,Spital in the Street,,,,populatedPlace,Hamlet,496658,389934,5000,25000,496444,389848,496944,390348,LN8,http://data.ordnancesurvey.co.uk/id/postcodedistrict/LN8,,,,West Lindsey,http://data.ordnancesurvey.co.uk/id/7000000000043527,http://data.ordnancesurvey.co.uk/ontology/admingeo/District,Lincolnshire,http://data.ordnancesurvey.co.uk/id/7000000000005942,http://data.ordnancesurvey.co.uk/ontology/admingeo/County,East Midlands,http://data.ordnancesurvey.co.uk/id/7000000000041423,England,http://data.ordnancesurvey.co.uk/id/country/england,,http://dbpedia.org/resource/Spital-in-the-Street,http://sws.geonames.org/2637220
osgb4000000074574340,http://data.ordnancesurvey.co.uk/id/4000000074574340,Atterby,,,,populatedPlace,Hamlet,498150,392990,5000,25000,497998,392767,498506,393267,LN8,http://data.ordnancesurvey.co.uk/id/postcodedistrict/LN8,,,,West Lindsey,http://data.ordnancesurvey.co.uk/id/7000000000043527,http://data.ordnancesurvey.co.uk/ontology/admingeo/District,Lincolnshire,http://data.ordnancesurvey.co.uk/id/7000000000005942,http://data.ordnancesurvey.co.uk/ontology/admingeo/County,East Midlands,http://data.ordnancesurvey.co.uk/id/7000000000041423,England,http://data.ordnancesurvey.co.uk/id/country/england,,http://dbpedia.org/resource/Atterby,
osgb4000000074575139,http://data.ordnancesurvey.co.uk/id/4000000074575139,Willingham by Stow,,,,populatedPlace,Village,487461,384552,11000,250000,486880,383712,488076,385429,DN21,http://data.ordnancesurvey.co.uk/id/postcodedistrict/DN21,,,,West Lindsey,http://data.ordnancesurvey.co.uk/id/7000000000043527,http://data.ordnancesurvey.co.uk/ontology/admingeo/District,Lincolnshire,http://data.ordnancesurvey.co.uk/id/7000000000005942,http://data.ordnancesurvey.co.uk/ontology/admingeo/County,East Midlands,http://data.ordnancesurvey.co.uk/id/7000000000041423,England,http://data.ordnancesurvey.co.uk/id/country/england,,http://dbpedia.org/resource/Willingham_by_Stow,
osgb4000000074578423,http://data.ordnancesurvey.co.uk/id/4000000074578423,Coates,,,,populatedPlace,Other Settlement,482088,381510,15000,25000,481751,381211,482251,381711,DN22,http://data.ordnancesurvey.co.uk/id/postcodedistrict/DN22,,,,Bassetlaw,http://data.ordnancesurvey.co.uk/id/7000000000008122,http://data.ordnancesurvey.co.uk/ontology/admingeo/District,Nottinghamshire,http://data.ordnancesurvey.co.uk/id/7000000000008127,http://data.ordnancesurvey.co.uk/ontology/admingeo/County,East Midlands,http://data.ordnancesurvey.co.uk/id/7000000000041423,England,http://data.ordnancesurvey.co.uk/id/country/england,,"http://dbpedia.org/resource/Coates,_Nottinghamshire",
osgb4000000074542533,http://data.ordnancesurvey.co.uk/id/4000000074542533,Thorpe le Fallows,,,,populatedPlace,Hamlet,491415,380649,5000,25000,491125,380334,491643,380834,LN1,http://data.ordnancesurvey.co.uk/id/postcodedistrict/LN1,,,,West Lindsey,http://data.ordnancesurvey.co.uk/id/7000000000043527,http://data.ordnancesurvey.co.uk/ontology/admingeo/District,Lincolnshire,http://data.ordnancesurvey.co.uk/id/7000000000005942,http://data.ordnancesurvey.co.uk/ontology/admingeo/County,East Midlands,http://data.ordnancesurvey.co.uk/id/7000000000041423,England,http://data.ordnancesurvey.co.uk/id/country/england,,,
osgb4000000074574884,http://data.ordnancesurvey.co.uk/id/4000000074574884,Kirton in Lindsey,,,,populatedPlace,Town,493686,398564,20000,2000000,492747,397070,494809,400090,DN21,http://data.ordnancesurvey.co.uk/id/postcodedistrict/DN21,,,,,,,North Lincolnshire,http://data.ordnancesurvey.co.uk/id/7000000000025623,http://data.ordnancesurvey.co.uk/ontology/admingeo/UnitaryAuthority,Yorkshire and the Humber,http://data.ordnancesurvey.co.uk/id/7000000000041430,England,http://data.ordnancesurvey.co.uk/id/country/england,,http://dbpedia.org/resource/Kirton_in_Lindsey,http://sws.geonames.org/2645180
osgb4000000074815187,http://data.ordnancesurvey.co.uk/id/4000000074815187,Somerby,,,,populatedPlace,Other Settlement,485861,389171,15000,25000,484728,388078,486578,389865,DN21,http://data.ordnancesurvey.co.uk/id/postcodedistrict/DN21,,,,West Lindsey,http://data.ordnancesurvey.co.uk/id/7000000000043527,http://data.ordnancesurvey.co.uk/ontology/admingeo/District,Lincolnshire,http://data.ordnancesurvey.co.uk/id/7000000000005942,http://data.ordnancesurvey.co.uk/ontology/admingeo/County,East Midlands,http://data.ordnancesurvey.co.uk/id/7000000000041423,England,http://data.ordnancesurvey.co.uk/id/country/england,,,
osgb4000000074574879,http://data.ordnancesurvey.co.uk/id/4000000074574879,Hackthorn,,,,populatedPlace,Village,499664,382435,7000,250000,498971,382254,500071,382788,LN2,http://data.ordnancesurvey.co.uk/id/postcodedistrict/LN2,,,,West Lindsey,http://data.ordnancesurvey.co.uk/id/7000000000043527,http://data.ordnancesurvey.co.uk/ontology/admingeo/District,Lincolnshire,http://data.ordnancesurvey.co.uk/id/7000000000005942,http://data.ordnancesurvey.co.uk/ontology/admingeo/County,East Midlands,http://data.ordnancesurvey.co.uk/id/7000000000041423,England,http://data.ordnancesurvey.co.uk/id/country/england,,http://dbpedia.org/resource/Hackthorn,
osgb4000000074574601,http://data.ordnancesurvey.co.uk/id/4000000074574601,Heapham,,,,populatedPlace,Village,487798,388617,8000,250000,487141,388171,488402,388823,DN21,http://data.ordnancesurvey.co.uk/id/postcodedistrict/DN21,,,,West Lindsey,http://data.ordnancesurvey.co.uk/id/7000000000043527,http://data.ordnancesurvey.co.uk/ontology/admingeo/District,Lincolnshire,http://data.ordnancesurvey.co.uk/id/7000000000005942,http://data.ordnancesurvey.co.uk/ontology/admingeo/County,East Midlands,http://data.ordnancesurvey.co.uk/id/7000000000041423,England,http://data.ordnancesurvey.co.uk/id/country/england,,http://dbpedia.org/resource/Heapham,http://sws.geonames.org/2647225
osgb4000000074577537,http://data.ordnancesurvey.co.uk/id/4000000074577537,Marton,,,,populatedPlace,Village,483826,381754,10000,250000,483355,380911,484624,382496,DN21,http://data.ordnancesurvey.co.uk/id/postcodedistrict/DN21,,,,West Lindsey,http://data.ordnancesurvey.co.uk/id/7000000000043527,http://data.ordnancesurvey.co.uk/ontology/admingeo/District,Lincolnshire,http://data.ordnancesurvey.co.uk/id/7000000000005942,http://data.ordnancesurvey.co.uk/ontology/admingeo/County,East Midlands,http://data.ordnancesurvey.co.uk/id/7000000000041423,England,http://data.ordnancesurvey.co.uk/id/country/england,,"http://dbpedia.org/resource/Marton,_Lincolnshire",http://sws.geonames.org/2642944
osgb4000000074574333,http://data.ordnancesurvey.co.uk/id/4000000074574333,Aisthorpe,,,,populatedPlace,Village,494908,380219,4000,250000,494447,380004,494947,380553,LN1,http://data.ordnancesurvey.co.uk/id/postcodedistrict/LN1,,,,West Lindsey,http://data.ordnancesurvey.co.uk/id/7000000000043527,http://data.ordnancesurvey.co.uk/ontology/admingeo/District,Lincolnshire,http://data.ordnancesurvey.co.uk/id/7000000000005942,http://data.ordnancesurvey.co.uk/ontology/admingeo/County,East Midlands,http://data.ordnancesurvey.co.uk/id/7000000000041423,England,http://data.ordnancesurvey.co.uk/id/country/england,,http://dbpedia.org/resource/Aisthorpe,
osgb4000000074577538,http://data.ordnancesurvey.co.uk/id/4000000074577538,Littleborough,,,,populatedPlace,Hamlet,482432,382507,5000,25000,482170,382338,482670,382838,DN22,http://data.ordnancesurvey.co.uk/id/postcodedistrict/DN22,,,,Bassetlaw,http://data.ordnancesurvey.co.uk/id/7000000000008122,http://data.ordnancesurvey.co.uk/ontology/admingeo/District,Nottinghamshire,http://data.ordnancesurvey.co.uk/id/7000000000008127,http://data.ordnancesurvey.co.uk/ontology/admingeo/County,East Midlands,http://data.ordnancesurvey.co.uk/id/7000000000041423,England,http://data.ordnancesurvey.co.uk/id/country/england,,"http://dbpedia.org/resource/Littleborough,_Nottinghamshire",http://sws.geonames.org/2644368
osgb4000000074574334,http://data.ordnancesurvey.co.uk/id/4000000074574334,Brattleby,,,,populatedPlace,Village,494847,380867,4000,250000,494473,380538,495131,381101,LN1,http://data.ordnancesurvey.co.uk/id/postcodedistrict/LN1,,,,West Lindsey,http://data.ordnancesurvey.co.uk/id/7000000000043527,http://data.ordnancesurvey.co.uk/ontology/admingeo/District,Lincolnshire,http://data.ordnancesurvey.co.uk/id/7000000000005942,http://data.ordnancesurvey.co.uk/ontology/admingeo/County,East Midlands,http://data.ordnancesurvey.co.uk/id/7000000000041423,England,http://data.ordnancesurvey.co.uk/id/country/england,,http://dbpedia.org/resource/Brattleby,http://sws.geonames.org/2654867
osgb4000000074578253,http://data.ordnancesurvey.co.uk/id/4000000074578253,Lea,,,,populatedPlace,Village,482851,386632,11000,250000,482111,386164,483772,387549,DN21,http://data.ordnancesurvey.co.uk/id/postcodedistrict/DN21,,,,West Lindsey,http://data.ordnancesurvey.co.uk/id/7000000000043527,http://data.ordnancesurvey.co.uk/ontology/admingeo/District,Lincolnshire,http://data.ordnancesurvey.co.uk/id/7000000000005942,http://data.ordnancesurvey.co.uk/ontology/admingeo/County,East Midlands,http://data.ordnancesurvey.co.uk/id/7000000000041423,England,http://data.ordnancesurvey.co.uk/id/country/england,,"http://dbpedia.org/resource/Lea,_Lincolnshire",http://sws.geonames.org/2644765
osgb4000000074575143,http://data.ordnancesurvey.co.uk/id/4000000074575143,Corringham,,,,populatedPlace,Village,487065,391577,8000,250000,486664,390905,487471,392136,DN21,http://data.ordnancesurvey.co.uk/id/postcodedistrict/DN21,,,,West Lindsey,http://data.ordnancesurvey.co.uk/id/7000000000043527,http://data.ordnancesurvey.co.uk/ontology/admingeo/District,Lincolnshire,http://data.ordnancesurvey.co.uk/id/7000000000005942,http://data.ordnancesurvey.co.uk/ontology/admingeo/County,East Midlands,http://data.ordnancesurvey.co.uk/id/7000000000041423,England,http://data.ordnancesurvey.co.uk/id/country/england,,"http://dbpedia.org/resource/Corringham,_Lincolnshire",http://sws.geonames.org/2652331
osgb4000000074325997,http://data.ordnancesurvey.co.uk/id/4000000074325997,Coates,,,,populatedPlace,Hamlet,490620,383087,5000,25000,490516,382867,491016,383367,LN1,http://data.ordnancesurvey.co.uk/id/postcodedistrict/LN1,,,,West Lindsey,http://data.ordnancesurvey.co.uk/id/7000000000043527,http://data.ordnancesurvey.co.uk/ontology/admingeo/District,Lincolnshire,http://data.ordnancesurvey.co.uk/id/7000000000005942,http://data.ordnancesurvey.co.uk/ontology/admingeo/County,East Midlands,http://data.ordnancesurvey.co.uk/id/7000000000041423,England,http://data.ordnancesurvey.co.uk/id/country/england,,,
osgb4000000074574602,http://data.ordnancesurvey.co.uk/id/4000000074574602,Sturgate,,,,populatedPlace,Hamlet,487894,389202,5000,25000,487602,388958,488129,389458,DN21,http://data.ordnancesurvey.co.uk/id/postcodedistrict/DN21,,,,West Lindsey,http://data.ordnancesurvey.co.uk/id/7000000000043527,http://data.ordnancesurvey.co.uk/ontology/admingeo/District,Lincolnshire,http://data.ordnancesurvey.co.uk/id/7000000000005942,http://data.ordnancesurvey.co.uk/ontology/admingeo/County,East Midlands,http://data.ordnancesurvey.co.uk/id/7000000000041423,England,http://data.ordnancesurvey.co.uk/id/country/england,,,http://sws.geonames.org/2636586
osgb4000000074574881,http://data.ordnancesurvey.co.uk/id/4000000074574881,Redbourne,,,,populatedPlace,Village,497274,399989,7000,250000,496922,399519,498016,400345,DN21,http://data.ordnancesurvey.co.uk/id/postcodedistrict/DN21,,,,,,,North Lincolnshire,http://data.ordnancesurvey.co.uk/id/7000000000025623,http://data.ordnancesurvey.co.uk/ontology/admingeo/UnitaryAuthority,Yorkshire and the Humber,http://data.ordnancesurvey.co.uk/id/7000000000041430,England,http://data.ordnancesurvey.co.uk/id/country/england,,http://dbpedia.org/resource/Redbourne,http://sws.geonames.org/2639566
osgb4000000074574599,http://data.ordnancesurvey.co.uk/id/4000000074574599,Westwoods,,,,populatedPlace,Other Settlement,487436,380006,15000,25000,487278,379332,487778,380164,LN1,http://data.ordnancesurvey.co.uk/id/postcodedistrict/LN1,,,,West Lindsey,http://data.ordnancesurvey.co.uk/id/7000000000043527,http://data.ordnancesurvey.co.uk/ontology/admingeo/District,Lincolnshire,http://data.ordnancesurvey.co.uk/id/7000000000005942,http://data.ordnancesurvey.co.uk/ontology/admingeo/County,East Midlands,http://data.ordnancesurvey.co.uk/id/7000000000041423,England,http://data.ordnancesurvey.co.uk/id/country/england,,,
osgb4000000074575722,http://data.ordnancesurvey.co.uk/id/4000000074575722,Laughton,,,,populatedPlace,Village,484636,397470,7000,250000,484377,397137,485483,397685,DN21,http://data.ordnancesurvey.co.uk/id/postcodedistrict/DN21,,,,West Lindsey,http://data.ordnancesurvey.co.uk/id/7000000000043527,http://data.ordnancesurvey.co.uk/ontology/admingeo/District,Lincolnshire,http://data.ordnancesurvey.co.uk/id/7000000000005942,http://data.ordnancesurvey.co.uk/ontology/admingeo/County,East Midlands,http://data.ordnancesurvey.co.uk/id/7000000000041423,England,http://data.ordnancesurvey.co.uk/id/country/england,,"http://dbpedia.org/resource/Laughton,_West_Lindsey",http://sws.geonames.org/2644813
osgb4000000074574600,http://data.ordnancesurvey.co.uk/id/4000000074574600,Sturton by Stow,,,,populatedPlace,Village,489007,380692,14000,250000,488233,379541,490190,381623,LN1,http://data.ordnancesurvey.co.uk/id/postcodedistrict/LN1,,,,West Lindsey,http://data.ordnancesurvey.co.uk/id/7000000000043527,http://data.ordnancesurvey.co.uk/ontology/admingeo/District,Lincolnshire,http://data.ordnancesurvey.co.uk/id/7000000000005942,http://data.ordnancesurvey.co.uk/ontology/admingeo/County,East Midlands,http://data.ordnancesurvey.co.uk/id/7000000000041423,England,http://data.ordnancesurvey.co.uk/id/country/england,,http://dbpedia.org/resource/Sturton_by_Stow,
osgb4000000074575429,http://data.ordnancesurvey.co.uk/id/4000000074575429,Blyton,,,,populatedPlace,Village,485718,395102,11000,250000,484465,394023,486143,395435,DN21,http://data.ordnancesurvey.co.uk/id/postcodedistrict/DN21,,,,West Lindsey,http://data.ordnancesurvey.co.uk/id/7000000000043527,http://data.ordnancesurvey.co.uk/ontology/admingeo/District,Lincolnshire,http://data.ordnancesurvey.co.uk/id/7000000000005942,http://data.ordnancesurvey.co.uk/ontology/admingeo/County,East Midlands,http://data.ordnancesurvey.co.uk/id/7000000000041423,England,http://data.ordnancesurvey.co.uk/id/country/england,,http://dbpedia.org/resource/Blyton,http://sws.geonames.org/2655308
osgb4000000074574885,http://data.ordnancesurvey.co.uk/id/4000000074574885,Northorpe,,,,populatedPlace,Village,489489,397128,3000,250000,489273,396800,489773,397306,DN21,http://data.ordnancesurvey.co.uk/id/postcodedistrict/DN21,,,,West Lindsey,http://data.ordnancesurvey.co.uk/id/7000000000043527,http://data.ordnancesurvey.co.uk/ontology/admingeo/District,Lincolnshire,http://data.ordnancesurvey.co.uk/id/7000000000005942,http://data.ordnancesurvey.co.uk/ontology/admingeo/County,East Midlands,http://data.ordnancesurvey.co.uk/id/7000000000041423,England,http://data.ordnancesurvey.co.uk/id/country/england,,"http://dbpedia.org/resource/Northorpe,_West_Lindsey",http://sws.geonames.org/2641287
osgb4000000074575140,http://data.ordnancesurvey.co.uk/id/4000000074575140,Scotton,,,,populatedPlace,Village,489006,399106,6000,250000,488566,398713,489321,399587,DN21,http://data.ordnancesurvey.co.uk/id/postcodedistrict/DN21,,,,West Lindsey,http://data.ordnancesurvey.co.uk/id/7000000000043527,http://data.ordnancesurvey.co.uk/ontology/admingeo/District,Lincolnshire,http://data.ordnancesurvey.co.uk/id/7000000000005942,http://data.ordnancesurvey.co.uk/ontology/admingeo/County,East Midlands,http://data.ordnancesurvey.co.uk/id/7000000000041423,England,http://data.ordnancesurvey.co.uk/id/country/england,,"http://dbpedia.org/resource/Scotton,_Lincolnshire",http://sws.geonames.org/2638347
osgb4000000074574606,http://data.ordnancesurvey.co.uk/id/4000000074574606,Snitterby,,,,populatedPlace,Village,498449,394615,8000,250000,497770,394045,499047,394965,DN21,http://data.ordnancesurvey.co.uk/id/postcodedistrict/DN21,,,,West Lindsey,http://data.ordnancesurvey.co.uk/id/7000000000043527,http://data.ordnancesurvey.co.uk/ontology/admingeo/District,Lincolnshire,http://data.ordnancesurvey.co.uk/id/7000000000005942,http://data.ordnancesurvey.co.uk/ontology/admingeo/County,East Midlands,http://data.ordnancesurvey.co.uk/id/7000000000041423,England,http://data.ordnancesurvey.co.uk/id/country/england,,http://dbpedia.org/resource/Snitterby,http://sws.geonames.org/2637576
osgb4000000074577769,http://data.ordnancesurvey.co.uk/id/4000000074577769,Kexby,,,,populatedPlace,Village,487106,385842,17000,250000,485292,385533,487835,386369,DN21,http://data.ordnancesurvey.co.uk/id/postcodedistrict/DN21,,,,West Lindsey,http://data.ordnancesurvey.co.uk/id/7000000000043527,http://data.ordnancesurvey.co.uk/ontology/admingeo/District,Lincolnshire,http://data.ordnancesurvey.co.uk/id/7000000000005942,http://data.ordnancesurvey.co.uk/ontology/admingeo/County,East Midlands,http://data.ordnancesurvey.co.uk/id/7000000000041423,England,http://data.ordnancesurvey.co.uk/id/country/england,,,http://sws.geonames.org/2645735
osgb4000000074574876,http://data.ordnancesurvey.co.uk/id/4000000074574876,West Firsby,,,,populatedPlace,Hamlet,498757,385076,5000,25000,497670,384805,499057,385305,LN8,http://data.ordnancesurvey.co.uk/id/postcodedistrict/LN8,,,,West Lindsey,http://data.ordnancesurvey.co.uk/id/7000000000043527,http://data.ordnancesurvey.co.uk/ontology/admingeo/District,Lincolnshire,http://data.ordnancesurvey.co.uk/id/7000000000005942,http://data.ordnancesurvey.co.uk/ontology/admingeo/County,East Midlands,http://data.ordnancesurvey.co.uk/id/7000000000041423,England,http://data.ordnancesurvey.co.uk/id/country/england,,,
osgb4000000074575430,http://data.ordnancesurvey.co.uk/id/4000000074575430,Morton,,,,populatedPlace,Suburban Area,480818,391960,9000,25000,480132,391416,481500,392519,DN21,http://data.ordnancesurvey.co.uk/id/postcodedistrict/DN21,,,,West Lindsey,http://data.ordnancesurvey.co.uk/id/7000000000043527,http://data.ordnancesurvey.co.uk/ontology/admingeo/District,Lincolnshire,http://data.ordnancesurvey.co.uk/id/7000000000005942,http://data.ordnancesurvey.co.uk/ontology/admingeo/County,East Midlands,http://data.ordnancesurvey.co.uk/id/7000000000041423,England,http://data.ordnancesurvey.co.uk/id/country/england,,http://dbpedia.org/resource/Morton_by_Gainsborough,
osgb4000000074576001,http://data.ordnancesurvey.co.uk/id/4000000074576001,Gunthorpe,,,,populatedPlace,Village,480710,397238,6000,250000,480309,396489,480809,397400,DN9,http://data.ordnancesurvey.co.uk/id/postcodedistrict/DN9,,,,,,,North Lincolnshire,http://data.ordnancesurvey.co.uk/id/7000000000025623,http://data.ordnancesurvey.co.uk/ontology/admingeo/UnitaryAuthority,Yorkshire and the Humber,http://data.ordnancesurvey.co.uk/id/7000000000041430,England,http://data.ordnancesurvey.co.uk/id/country/england,,,
osgb4000000074574878,http://data.ordnancesurvey.co.uk/id/4000000074574878,Stow,,,,populatedPlace,Village,488383,381971,7000,250000,487899,381686,489003,382324,LN1,http://data.ordnancesurvey.co.uk/id/postcodedistrict/LN1,,,,West Lindsey,http://data.ordnancesurvey.co.uk/id/7000000000043527,http://data.ordnancesurvey.co.uk/ontology/admingeo/District,Lincolnshire,http://data.ordnancesurvey.co.uk/id/7000000000005942,http://data.ordnancesurvey.co.uk/ontology/admingeo/County,East Midlands,http://data.ordnancesurvey.co.uk/id/7000000000041423,England,http://data.ordnancesurvey.co.uk/id/country/england,,"http://dbpedia.org/resource/Stow,_Lincolnshire",http://sws.geonames.org/2636761
osgb4000000074575428,http://data.ordnancesurvey.co.uk/id/4000000074575428,Pilham,,,,populatedPlace,Hamlet,486212,393775,5000,25000,486106,393598,486606,394098,DN21,http://data.ordnancesurvey.co.uk/id/postcodedistrict/DN21,,,,West Lindsey,http://data.ordnancesurvey.co.uk/id/7000000000043527,http://data.ordnancesurvey.co.uk/ontology/admingeo/District,Lincolnshire,http://data.ordnancesurvey.co.uk/id/7000000000005942,http://data.ordnancesurvey.co.uk/ontology/admingeo/County,East Midlands,http://data.ordnancesurvey.co.uk/id/7000000000041423,England,http://data.ordnancesurvey.co.uk/id/country/england,,,http://sws.geonames.org/2640295
osgb4000000074574339,http://data.ordnancesurvey.co.uk/id/4000000074574339,Bishop Norton,,,,populatedPlace,Village,498383,392600,4000,250000,498146,392260,498720,392882,LN8,http://data.ordnancesurvey.co.uk/id/postcodedistrict/LN8,,,,West Lindsey,http://data.ordnancesurvey.co.uk/id/7000000000043527,http://data.ordnancesurvey.co.uk/ontology/admingeo/District,Lincolnshire,http://data.ordnancesurvey.co.uk/id/7000000000005942,http://data.ordnancesurvey.co.uk/ontology/admingeo/County,East Midlands,http://data.ordnancesurvey.co.uk/id/7000000000041423,England,http://data.ordnancesurvey.co.uk/id/country/england,,http://dbpedia.org/resource/Bishop_Norton,http://sws.geonames.org/2655576
osgb4000000074574604,http://data.ordnancesurvey.co.uk/id/4000000074574604,Willoughton,,,,populatedPlace,Village,493019,393275,8000,250000,492455,392759,493688,393777,DN21,http://data.ordnancesurvey.co.uk/id/postcodedistrict/DN21,,,,West Lindsey,http://data.ordnancesurvey.co.uk/id/7000000000043527,http://data.ordnancesurvey.co.uk/ontology/admingeo/District,Lincolnshire,http://data.ordnancesurvey.co.uk/id/7000000000005942,http://data.ordnancesurvey.co.uk/ontology/admingeo/County,East Midlands,http://data.ordnancesurvey.co.uk/id/7000000000041423,England,http://data.ordnancesurvey.co.uk/id/country/england,,http://dbpedia.org/resource/Willoughton,http://sws.geonames.org/2633890
osgb4000000074578003,http://data.ordnancesurvey.co.uk/id/4000000074578003,Upton,,,,populatedPlace,Village,486834,386814,6000,250000,486376,386303,487187,387275,DN21,http://data.ordnancesurvey.co.uk/id/postcodedistrict/DN21,,,,West Lindsey,http://data.ordnancesurvey.co.uk/id/7000000000043527,http://data.ordnancesurvey.co.uk/ontology/admingeo/District,Lincolnshire,http://data.ordnancesurvey.co.uk/id/7000000000005942,http://data.ordnancesurvey.co.uk/ontology/admingeo/County,East Midlands,http://data.ordnancesurvey.co.uk/id/7000000000041423,England,http://data.ordnancesurvey.co.uk/id/country/england,,"http://dbpedia.org/resource/Upton,_Lincolnshire",http://sws.geonames.org/2635092
osgb4000000074574873,http://data.ordnancesurvey.co.uk/id/4000000074574873,Cammeringham,,,,populatedPlace,Village,494817,382128,4000,250000,494538,381828,495038,382371,LN1,http://data.ordnancesurvey.co.uk/id/postcodedistrict/LN1,,,,West Lindsey,http://data.ordnancesurvey.co.uk/id/7000000000043527,http://data.ordnancesurvey.co.uk/ontology/admingeo/District,Lincolnshire,http://data.ordnancesurvey.co.uk/id/7000000000005942,http://data.ordnancesurvey.co.uk/ontology/admingeo/County,East Midlands,http://data.ordnancesurvey.co.uk/id/7000000000041423,England,http://data.ordnancesurvey.co.uk/id/country/england,,http://dbpedia.org/resource/Cammeringham,
osgb4000000074575723,http://data.ordnancesurvey.co.uk/id/4000000074575723,East Ferry,,,,populatedPlace,Village,481566,399441,5000,250000,481273,399288,481773,400040,DN9,http://data.ordnancesurvey.co.uk/id/postcodedistrict/DN9,,,,West Lindsey,http://data.ordnancesurvey.co.uk/id/7000000000043527,http://data.ordnancesurvey.co.uk/ontology/admingeo/District,Lincolnshire,http://data.ordnancesurvey.co.uk/id/7000000000005942,http://data.ordnancesurvey.co.uk/ontology/admingeo/County,East Midlands,http://data.ordnancesurvey.co.uk/id/7000000000041423,England,http://data.ordnancesurvey.co.uk/id/country/england,,http://dbpedia.org/resource/East_Ferry,http://sws.geonames.org/2650445
DN212PS,http://data.ordnancesurvey.co.uk/id/postcodeunit/DN212PS,DN21 2PS,,,,other,Postcode,480892,390565,3500,18000,,,,,,,Gainsborough,http://data.ordnancesurvey.co.uk/id/4000000074575425,http://www.ordnancesurvey.co.uk/xml/codelists/localtype.xml#town,West Lindsey,http://data.ordnancesurvey.co.uk/id/7000000000043527,http://data.ordnancesurvey.co.uk/ontology/admingeo/District,Lincolnshire,http://data.ordnancesurvey.co.uk/id/7000000000005942,http://data.ordnancesurvey.co.uk/ontology/admingeo/County,East Midlands,http://data.ordnancesurvey.co.uk/id/7000000000041423,England,http://data.ordnancesurvey.co.uk/id/country/england,,,
DN212JU,http://data.ordnancesurvey.co.uk/id/postcodeunit/DN212JU,DN21 2JU,,,,other,Postcode,481459,390260,3500,18000,,,,,,,Gainsborough,http://data.ordnancesurvey.co.uk/id/4000000074575425,http://www.ordnancesurvey.co.uk/xml/codelists/localtype.xml#town,West Lindsey,http://data.ordnancesurvey.co.uk/id/7000000000043527,http://data.ordnancesurvey.co.uk/ontology/admingeo/District,Lincolnshire,http://data.ordnancesurvey.co.uk/id/7000000000005942,http://data.ordnancesurvey.co.uk/ontology/admingeo/County,East Midlands,http://data.ordnancesurvey.co.uk/id/7000000000041423,England,http://data.ordnancesurvey.co.uk/id/country/england,,,
DN213AQ,http://data.ordnancesurvey.co.uk/id/postcodeunit/DN213AQ,DN21 3AQ,,,,other,Postcode,480697,391569,3500,18000,,,,,,,Gainsborough,http://data.ordnancesurvey.co.uk/id/4000000074575425,http://www.ordnancesurvey.co.uk/xml/codelists/localtype.xml#town,West Lindsey,http://data.ordnancesurvey.co.uk/id/7000000000043527,http://data.ordnancesurvey.co.uk/ontology/admingeo/District,Lincolnshire,http://data.ordnancesurvey.co.uk/id/7000000000005942,http://data.ordnancesurvey.co.uk/ontology/admingeo/County,East Midlands,http://data.ordnancesurvey.co.uk/id/7000000000041423,England,http://data.ordnancesurvey.co.uk/id/country/england,,,
DN214FE,http://data.ordnancesurvey.co.uk/id/postcodeunit/DN214FE,DN21 4FE,,,,other,Postcode,493572,399005,3500,18000,,,,,,,Kirton in Lindsey,http://data.ordnancesurvey.co.uk/id/4000000074574884,http://www.ordnancesurvey.co.uk/xml/codelists/localtype.xml#town,,,,North Lincolnshire,http://data.ordnancesurvey.co.uk/id/7000000000025623,http://data.ordnancesurvey.co.uk/ontology/admingeo/UnitaryAuthority,Yorkshire and the Humber,http://data.ordnancesurvey.co.uk/id/7000000000041430,England,http://data.ordnancesurvey.co.uk/id/country/england,,,
DN212BE,http://data.ordnancesurvey.co.uk/id/postcodeunit/DN212BE,DN21 2BE,,,,other,Postcode,481594,389930,3500,18000,,,,,,,Gainsborough,http://data.ordnancesurvey.co.uk/id/4000000074575425,http://www.ordnancesurvey.co.uk/xml/codelists/localtype.xml#town,West Lindsey,http://data.ordnancesurvey.co.uk/id/7000000000043527,http://data.ordnancesurvey.co.uk/ontology/admingeo/District,Lincolnshire,http://data.ordnancesurvey.co.uk/id/7000000000005942,http://data.ordnancesurvey.co.uk/ontology/admingeo/County,East Midlands,http://data.ordnancesurvey.co.uk/id/7000000000041423,England,http://data.ordnancesurvey.co.uk/id/country/england,,,
DN213PP,http://data.ordnancesurvey.co.uk/id/postcodeunit/DN213PP,DN21 3PP,,,,other,Postcode,485055,397242,3500,18000,,,,,,,Laughton,http://data.ordnancesurvey.co.uk/id/4000000074575722,http://www.ordnancesurvey.co.uk/xml/codelists/localtype.xml#village,West Lindsey,http://data.ordnancesurvey.co.uk/id/7000000000043527,http://data.ordnancesurvey.co.uk/ontology/admingeo/District,Lincolnshire,http://data.ordnancesurvey.co.uk/id/7000000000005942,http://data.ordnancesurvey.co.uk/ontology/admingeo/County,East Midlands,http://data.ordnancesurvey.co.uk/id/7000000000041423,England,http://data.ordnancesurvey.co.uk/id/country/england,,,
DN212AN,http://data.ordnancesurvey.co.uk/id/postcodeunit/DN212AN,DN21 2AN,,,,other,Postcode,481597,389512,3500,18000,,,,,,,Gainsborough,http://data.ordnancesurvey.co.uk/id/4000000074575425,http://www.ordnancesurvey.co.uk/xml/codelists/localtype.xml#town,West Lindsey,http://data.ordnancesurvey.co.uk/id/7000000000043527,http://data.ordnancesurvey.co.uk/ontology/admingeo/District,Lincolnshire,http://data.ordnancesurvey.co.uk/id/7000000000005942,http://data.ordnancesurvey.co.uk/ontology/admingeo/County,East Midlands,http://data.ordnancesurvey.co.uk/id/7000000000041423,England,http://data.ordnancesurvey.co.uk/id/country/england,,,
DN215QT,http://data.ordnancesurvey.co.uk/id/postcodeunit/DN215QT,DN21 5QT,,,,other,Postcode,487042,391332,3500,18000,,,,,,,Corringham,http://data.ordnancesurvey.co.uk/id/4000000074575143,http://www.ordnancesurvey.co.uk/xml/codelists/localtype.xml#village,West Lindsey,http://data.ordnancesurvey.co.uk/id/7000000000043527,http://data.ordnancesurvey.co.uk/ontology/admingeo/District,Lincolnshire,http://data.ordnancesurvey.co.uk/id/7000000000005942,http://data.ordnancesurvey.co.uk/ontology/admingeo/County,East Midlands,http://data.ordnancesurvey.co.uk/id/7000000000041423,England,http://data.ordnancesurvey.co.uk/id/country/england,,,
DN215NG,http://data.ordnancesurvey.co.uk/id/postcodeunit/DN215NG,DN21 5NG,,,,other,Postcode,486897,386548,3500,18000,,,,,,,Upton,http://data.ordnancesurvey.co.uk/id/4000000074578003,http://www.ordnancesurvey.co.uk/xml/codelists/localtype.xml#village,West Lindsey,http://data.ordnancesurvey.co.uk/id/7000000000043527,http://data.ordnancesurvey.co.uk/ontology/admingeo/District,Lincolnshire,http://data.ordnancesurvey.co.uk/id/7000000000005942,http://data.ordnancesurvey.co.uk/ontology/admingeo/County,East Midlands,http://data.ordnancesurvey.co.uk/id/7000000000041423,England,http://data.ordnancesurvey.co.uk/id/country/england,,,
DN215EN,http://data.ordnancesurvey.co.uk/id/postcodeunit/DN215EN,DN21 5EN,,,,other,Postcode,483291,386404,3500,18000,,,,,,,Lea,http://data.ordnancesurvey.co.uk/id/4000000074578253,http://www.ordnancesurvey.co.uk/xml/codelists/localtype.xml#village,West Lindsey,http://data.ordnancesurvey.co.uk/id/7000000000043527,http://data.ordnancesurvey.co.uk/ontology/admingeo/District,Lincolnshire,http://data.ordnancesurvey.co.uk/id/7000000000005942,http://data.ordnancesurvey.co.uk/ontology/admingeo/County,East Midlands,http://data.ordnancesurvey.co.uk/id/7000000000041423,England,http://data.ordnancesurvey.co.uk/id/country/england,,,
DN212RS,http://data.ordnancesurvey.co.uk/id/postcodeunit/DN212RS,DN21 2RS,,,,other,Postcode,481072,390982,3500,18000,,,,,,,Gainsborough,http://data.ordnancesurvey.co.uk/id/4000000074575425,http://www.ordnancesurvey.co.uk/xml/codelists/localtype.xml#town,West Lindsey,http://data.ordnancesurvey.co.uk/id/7000000000043527,http://data.ordnancesurvey.co.uk/ontology/admingeo/District,Lincolnshire,http://data.ordnancesurvey.co.uk/id/7000000000005942,http://data.ordnancesurvey.co.uk/ontology/admingeo/County,East Midlands,http://data.ordnancesurvey.co.uk/id/7000000000041423,England,http://data.ordnancesurvey.co.uk/id/country/england,,,
DN215UX,http://data.ordnancesurvey.co.uk/id/postcodeunit/DN215UX,DN21 5UX,,,,other,Postcode,493481,390075,3500,18000,,,,,,,Harpswell,http://data.ordnancesurvey.co.uk/id/4000000074574341,http://www.ordnancesurvey.co.uk/xml/codelists/localtype.xml#hamlet,West Lindsey,http://data.ordnancesurvey.co.uk/id/7000000000043527,http://data.ordnancesurvey.co.uk/ontology/admingeo/District,Lincolnshire,http://data.ordnancesurvey.co.uk/id/7000000000005942,http://data.ordnancesurvey.co.uk/ontology/admingeo/County,East Midlands,http://data.ordnancesurvey.co.uk/id/7000000000041423,England,http://data.ordnancesurvey.co.uk/id/country/england,,,
DN213QP,http://data.ordnancesurvey.co.uk/id/postcodeunit/DN213QP,DN21 3QP,,,,other,Postcode,488920,399117,3500,18000,,,,,,,Scotton,http://data.ordnancesurvey.co.uk/id/4000000074575140,http://www.ordnancesurvey.co.uk/xml/codelists/localtype.xml#village,West Lindsey,http://data.ordnancesurvey.co.uk/id/7000000000043527,http://data.ordnancesurvey.co.uk/ontology/admingeo/District,Lincolnshire,http://data.ordnancesurvey.co.uk/id/7000000000005942,http://data.ordnancesurvey.co.uk/ontology/admingeo/County,East Midlands,http://data.ordnancesurvey.co.uk/id/7000000000041423,England,http://data.ordnancesurvey.co.uk/id/country/england,,,
DN212FB,http://data.ordnancesurvey.co.uk/id/postcodeunit/DN212FB,DN21 2FB,,,,other,Postcode,481787,390222,3500,18000,,,,,,,Gainsborough,http://data.ordnancesurvey.co.uk/id/4000000074575425,http://www.ordnancesurvey.co.uk/xml/codelists/localtype.xml#town,West Lindsey,http://data.ordnancesurvey.co.uk/id/7000000000043527,http://data.ordnancesurvey.co.uk/ontology/admingeo/District,Lincolnshire,http://data.ordnancesurvey.co.uk/id/7000000000005942,http://data.ordnancesurvey.co.uk/ontology/admingeo/County,East Midlands,http://data.ordnancesurvey.co.uk/id/7000000000041423,England,http://data.ordnancesurvey.co.uk/id/country/england,,,
DN214UG,http://data.ordnancesurvey.co.uk/id/postcodeunit/DN214UG,DN21 4UG,,,,other,Postcode,499314,394213,3500,18000,,,,,,,,,,West Lindsey,http://data.ordnancesurvey.co.uk/id/7000000000043527,http://data.ordnancesurvey.co.uk/ontology/admingeo/District,Lincolnshire,http://data.ordnancesurvey.co.uk/id/7000000000005942,http://data.ordnancesurvey.co.uk/ontology/admingeo/County,East Midlands,http://data.ordnancesurvey.co.uk/id/7000000000041423,England,http://data.ordnancesurvey.co.uk/id/country/england,,,
DN212NW,http://data.ordnancesurvey.co.uk/id/postcodeunit/DN212NW,DN21 2NW,,,,other,Postcode,481158,390707,3500,18000,,,,,,,Gainsborough,http://data.ordnancesurvey.co.uk/id/4000000074575425,http://www.ordnancesurvey.co.uk/xml/codelists/localtype.xml#town,West Lindsey,http://data.ordnancesurvey.co.uk/id/7000000000043527,http://data.ordnancesurvey.co.uk/ontology/admingeo/District,Lincolnshire,http://data.ordnancesurvey.co.uk/id/7000000000005942,http://data.ordnancesurvey.co.uk/ontology/admingeo/County,East Midlands,http://data.ordnancesurvey.co.uk/id/7000000000041423,England,http://data.ordnancesurvey.co.uk/id/country/england,,,
DN213HP,http://data.ordnancesurvey.co.uk/id/postcodeunit/DN213HP,DN21 3HP,,,,other,Postcode,482699,392723,3500,18000,,,,,,,,,,West Lindsey,http://data.ordnancesurvey.co.uk/id/7000000000043527,http://data.ordnancesurvey.co.uk/ontology/admingeo/District,Lincolnshire,http://data.ordnancesurvey.co.uk/id/7000000000005942,http://data.ordnancesurvey.co.uk/ontology/admingeo/County,East Midlands,http://data.ordnancesurvey.co.uk/id/7000000000041423,England,http://data.ordnancesurvey.co.uk/id/country/england,,,
DN91RN,http://data.ordnancesurvey.co.uk/id/postcodeunit/DN91RN,DN9 1RN,,,,other,Postcode,481247,399925,3500,18000,,,,,,,Owston Ferry,http://data.ordnancesurvey.co.uk/id/4000000074575724,http://www.ordnancesurvey.co.uk/xml/codelists/localtype.xml#village,,,,North Lincolnshire,http://data.ordnancesurvey.co.uk/id/7000000000025623,http://data.ordnancesurvey.co.uk/ontology/admingeo/UnitaryAuthority,Yorkshire and the Humber,http://data.ordnancesurvey.co.uk/id/7000000000041430,England,http://data.ordnancesurvey.co.uk/id/country/england,,,
LN82BF,http://data.ordnancesurvey.co.uk/id/postcodeunit/LN82BF,LN8 2BF,,,,other,Postcode,499737,387428,3500,18000,,,,,,,Owmby-by-Spital,http://data.ordnancesurvey.co.uk/id/4000000074549917,http://www.ordnancesurvey.co.uk/xml/codelists/localtype.xml#village,West Lindsey,http://data.ordnancesurvey.co.uk/id/7000000000043527,http://data.ordnancesurvey.co.uk/ontology/admingeo/District,Lincolnshire,http://data.ordnancesurvey.co.uk/id/7000000000005942,http://data.ordnancesurvey.co.uk/ontology/admingeo/County,East Midlands,http://data.ordnancesurvey.co.uk/id/7000000000041423,England,http://data.ordnancesurvey.co.uk/id/country/england,,,
DN211DD,http://data.ordnancesurvey.co.uk/id/postcodeunit/DN211DD,DN21 1DD,,,,other,Postcode,481928,388821,3500,18000,,,,,,,Gainsborough,http://data.ordnancesurvey.co.uk/id/4000000074575425,http://www.ordnancesurvey.co.uk/xml/codelists/localtype.xml#town,West Lindsey,http://data.ordnancesurvey.co.uk/id/7000000000043527,http://data.ordnancesurvey.co.uk/ontology/admingeo/District,Lincolnshire,http://data.ordnancesurvey.co.uk/id/7000000000005942,http://data.ordnancesurvey.co.uk/ontology/admingeo/County,East Midlands,http://data.ordnancesurvey.co.uk/id/7000000000041423,England,http://data.ordnancesurvey.co.uk/id/country/england,,,
DN211ST,http://data.ordnancesurvey.co.uk/id/postcodeunit/DN211ST,DN21 1ST,,,,other,Postcode,482875,389626,3500,18000,,,,,,,Gainsborough,http://data.ordnancesurvey.co.uk/id/4000000074575425,http://www.ordnancesurvey.co.uk/xml/codelists/localtype.xml#town,West Lindsey,http://data.ordnancesurvey.co.uk/id/7000000000043527,http://data.ordnancesurvey.co.uk/ontology/admingeo/District,Lincolnshire,http://data.ordnancesurvey.co.uk/id/7000000000005942,http://data.ordnancesurvey.co.uk/ontology/admingeo/County,East Midlands,http://data.ordnancesurvey.co.uk/id/7000000000041423,England,http://data.ordnancesurvey.co.uk/id/country/england,,,
DN214AS,http://data.ordnancesurvey.co.uk/id/postcodeunit/DN214AS,DN21 4AS,,,,other,Postcode,497198,399752,3500,18000,,,,,,,Redbourne,http://data.ordnancesurvey.co.uk/id/4000000074574881,http://www.ordnancesurvey.co.uk/xml/codelists/localtype.xml#village,,,,North Lincolnshire,http://data.ordnancesurvey.co.uk/id/7000000000025623,http://data.ordnancesurvey.co.uk/ontology/admingeo/UnitaryAuthority,Yorkshire and the Humber,http://data.ordnancesurvey.co.uk/id/7000000000041430,England,http://data.ordnancesurvey.co.uk/id/country/england,,,
DN214NQ,http://data.ordnancesurvey.co.uk/id/postcodeunit/DN214NQ,DN21 4NQ,,,,other,Postcode,493727,398822,3500,18000,,,,,,,Kirton in Lindsey,http://data.ordnancesurvey.co.uk/id/4000000074574884,http://www.ordnancesurvey.co.uk/xml/codelists/localtype.xml#town,,,,North Lincolnshire,http://data.ordnancesurvey.co.uk/id/7000000000025623,http://data.ordnancesurvey.co.uk/ontology/admingeo/UnitaryAuthority,Yorkshire and the Humber,http://data.ordnancesurvey.co.uk/id/7000000000041430,England,http://data.ordnancesurvey.co.uk/id/country/england,,,
DN212EG,http://data.ordnancesurvey.co.uk/id/postcodeunit/DN212EG,DN21 2EG,,,,other,Postcode,481655,389632,3500,18000,,,,,,,Gainsborough,http://data.ordnancesurvey.co.uk/id/4000000074575425,http://www.ordnancesurvey.co.uk/xml/codelists/localtype.xml#town,West Lindsey,http://data.ordnancesurvey.co.uk/id/7000000000043527,http://data.ordnancesurvey.co.uk/ontology/admingeo/District,Lincolnshire,http://data.ordnancesurvey.co.uk/id/7000000000005942,http://data.ordnancesurvey.co.uk/ontology/admingeo/County,East Midlands,http://data.ordnancesurvey.co.uk/id/7000000000041423,England,http://data.ordnancesurvey.co.uk/id/country/england,,,
DN215BA,http://data.ordnancesurvey.co.uk/id/postcodeunit/DN215BA,DN21 5BA,,,,other,Postcode,483831,382862,3500,18000,,,,,,,Gate Burton,http://data.ordnancesurvey.co.uk/id/4000000074577539,http://www.ordnancesurvey.co.uk/xml/codelists/localtype.xml#hamlet,West Lindsey,http://data.ordnancesurvey.co.uk/id/7000000000043527,http://data.ordnancesurvey.co.uk/ontology/admingeo/District,Lincolnshire,http://data.ordnancesurvey.co.uk/id/7000000000005942,http://data.ordnancesurvey.co.uk/ontology/admingeo/County,East Midlands,http://data.ordnancesurvey.co.uk/id/7000000000041423,England,http://data.ordnancesurvey.co.uk/id/country/england,,,
DN214GE,http://data.ordnancesurvey.co.uk/id/postcodeunit/DN214GE,DN21 4GE,,,,other,Postcode,493516,396313,3500,18000,,,,,,,Grayingham,http://data.ordnancesurvey.co.uk/id/4000000074574883,http://www.ordnancesurvey.co.uk/xml/codelists/localtype.xml#village,West Lindsey,http://data.ordnancesurvey.co.uk/id/7000000000043527,http://data.ordnancesurvey.co.uk/ontology/admingeo/District,Lincolnshire,http://data.ordnancesurvey.co.uk/id/7000000000005942,http://data.ordnancesurvey.co.uk/ontology/admingeo/County,East Midlands,http://data.ordnancesurvey.co.uk/id/7000000000041423,England,http://data.ordnancesurvey.co.uk/id/country/england,,,
DN211RY,http://data.ordnancesurvey.co.uk/id/postcodeunit/DN211RY,DN21 1RY,,,,other,Postcode,482621,389965,3500,18000,,,,,,,Gainsborough,http://data.ordnancesurvey.co.uk/id/4000000074575425,http://www.ordnancesurvey.co.uk/xml/codelists/localtype.xml#town,West Lindsey,http://data.ordnancesurvey.co.uk/id/7000000000043527,http://data.ordnancesurvey.co.uk/ontology/admingeo/District,Lincolnshire,http://data.ordnancesurvey.co.uk/id/7000000000005942,http://data.ordnancesurvey.co.uk/ontology/admingeo/County,East Midlands,http://data.ordnancesurvey.co.uk/id/7000000000041423,England,http://data.ordnancesurvey.co.uk/id/country/england,,,
DN212LL,http://data.ordnancesurvey.co.uk/id/postcodeunit/DN212LL,DN21 2LL,,,,other,Postcode,481343,390288,3500,18000,,,,,,,Gainsborough,http://data.ordnancesurvey.co.uk/id/4000000074575425,http://www.ordnancesurvey.co.uk/xml/codelists/localtype.xml#town,West Lindsey,http://data.ordnancesurvey.co.uk/id/7000000000043527,http://data.ordnancesurvey.co.uk/ontology/admingeo/District,Lincolnshire,http://data.ordnancesurvey.co.uk/id/7000000000005942,http://data.ordnancesurvey.co.uk/ontology/admingeo/County,East Midlands,http://data.ordnancesurvey.co.uk/id/7000000000041423,England,http://data.ordnancesurvey.co.uk/id/country/england,,,
DN213QB,http://data.ordnancesurvey.co.uk/id/postcodeunit/DN213QB,DN21 3QB,,,,other,Postcode,484583,398138,3500,18000,,,,,,,,,,West Lindsey,http://data.ordnancesurvey.co.uk/id/7000000000043527,http://data.ordnancesurvey.co.uk/ontology/admingeo/District,Lincolnshire,http://data.ordnancesurvey.co.uk/id/7000000000005942,http://data.ordnancesurvey.co.uk/ontology/admingeo/County,East Midlands,http://data.ordnancesurvey.co.uk/id/7000000000041423,England,http://data.ordnancesurvey.co.uk/id/country/england,,,
DN213AT,http://data.ordnancesurvey.co.uk/id/postcodeunit/DN213AT,DN21 3AT,,,,other,Postcode,481015,391685,3500,18000,,,,,,,Gainsborough,http://data.ordnancesurvey.co.uk/id/4000000074575425,http://www.ordnancesurvey.co.uk/xml/codelists/localtype.xml#town,West Lindsey,http://data.ordnancesurvey.co.uk/id/7000000000043527,http://data.ordnancesurvey.co.uk/ontology/admingeo/District,Lincolnshire,http://data.ordnancesurvey.co.uk/id/7000000000005942,http://data.ordnancesurvey.co.uk/ontology/admingeo/County,East Midlands,http://data.ordnancesurvey.co.uk/id/7000000000041423,England,http://data.ordnancesurvey.co.uk/id/country/england,,,
LN12DP,http://data.ordnancesurvey.co.uk/id/postcodeunit/LN12DP,LN1 2DP,,,,other,Postcode,490841,382440,3500,18000,,,,,,,,,,West Lindsey,http://data.ordnancesurvey.co.uk/id/7000000000043527,http://data.ordnancesurvey.co.uk/ontology/admingeo/District,Lincolnshire,http://data.ordnancesurvey.co.uk/id/7000000000005942,http://data.ordnancesurvey.co.uk/ontology/admingeo/County,East Midlands,http://data.ordnancesurvey.co.uk/id/7000000000041423,England,http://data.ordnancesurvey.co.uk/id/country/england,,,
DN211UZ,http://data.ordnancesurvey.co.uk/id/postcodeunit/DN211UZ,DN21 1UZ,,,,other,Postcode,482222,389382,3500,18000,,,,,,,Gainsborough,http://data.ordnancesurvey.co.uk/id/4000000074575425,http://www.ordnancesurvey.co.uk/xml/codelists/localtype.xml#town,West Lindsey,http://data.ordnancesurvey.co.uk/id/7000000000043527,http://data.ordnancesurvey.co.uk/ontology/admingeo/District,Lincolnshire,http://data.ordnancesurvey.co.uk/id/7000000000005942,http://data.ordnancesurvey.co.uk/ontology/admingeo/County,East Midlands,http://data.ordnancesurvey.co.uk/id/7000000000041423,England,http://data.ordnancesurvey.co.uk/id/country/england,,,
DN215UJ,http://data.ordnancesurvey.co.uk/id/postcodeunit/DN215UJ,DN21 5UJ,,,,other,Postcode,493022,391148,3500,18000,,,,,,,Hemswell,http://data.ordnancesurvey.co.uk/id/4000000074574603,http://www.ordnancesurvey.co.uk/xml/codelists/localtype.xml#village,West Lindsey,http://data.ordnancesurvey.co.uk/id/7000000000043527,http://data.ordnancesurvey.co.uk/ontology/admingeo/District,Lincolnshire,http://data.ordnancesurvey.co.uk/id/7000000000005942,http://data.ordnancesurvey.co.uk/ontology/admingeo/County,East Midlands,http://data.ordnancesurvey.co.uk/id/7000000000041423,England,http://data.ordnancesurvey.co.uk/id/country/england,,,
DN213JE,http://data.ordnancesurvey.co.uk/id/postcodeunit/DN213JE,DN21 3JE,,,,other,Postcode,487289,399712,3500,18000,,,,,,,,,,West Lindsey,http://data.ordnancesurvey.co.uk/id/7000000000043527,http://data.ordnancesurvey.co.uk/ontology/admingeo/District,Lincolnshire,http://data.ordnancesurvey.co.uk/id/7000000000005942,http://data.ordnancesurvey.co.uk/ontology/admingeo/County,East Midlands,http://data.ordnancesurvey.co.uk/id/7000000000041423,England,http://data.ordnancesurvey.co.uk/id/country/england,,,
DN212QG,http://data.ordnancesurvey.co.uk/id/postcodeunit/DN212QG,DN21 2QG,,,,other,Postcode,481279,390112,3500,18000,,,,,,,Gainsborough,http://data.ordnancesurvey.co.uk/id/4000000074575425,http://www.ordnancesurvey.co.uk/xml/codelists/localtype.xml#town,West Lindsey,http://data.ordnancesurvey.co.uk/id/7000000000043527,http://data.ordnancesurvey.co.uk/ontology/admingeo/District,Lincolnshire,http://data.ordnancesurvey.co.uk/id/7000000000005942,http://data.ordnancesurvey.co.uk/ontology/admingeo/County,East Midlands,http://data.ordnancesurvey.co.uk/id/7000000000041423,England,http://data.ordnancesurvey.co.uk/id/country/england,,,
DN211GH,http://data.ordnancesurvey.co.uk/id/postcodeunit/DN211GH,DN21 1GH,,,,other,Postcode,482907,390342,3500,18000,,,,,,,Gainsborough,http://data.ordnancesurvey.co.uk/id/4000000074575425,http://www.ordnancesurvey.co.uk/xml/codelists/localtype.xml#town,West Lindsey,http://data.ordnancesurvey.co.uk/id/7000000000043527,http://data.ordnancesurvey.co.uk/ontology/admingeo/District,Lincolnshire,http://data.ordnancesurvey.co.uk/id/7000000000005942,http://data.ordnancesurvey.co.uk/ontology/admingeo/County,East Midlands,http://data.ordnancesurvey.co.uk/id/7000000000041423,England,http://data.ordnancesurvey.co.uk/id/country/england,,,
DN211JB,http://data.ordnancesurvey.co.uk/id/postcodeunit/DN211JB,DN21 1JB,,,,other,Postcode,482751,388550,3500,18000,,,,,,,Gainsborough,http://data.ordnancesurvey.co.uk/id/4000000074575425,http://www.ordnancesurvey.co.uk/xml/codelists/localtype.xml#town,West Lindsey,http://data.ordnancesurvey.co.uk/id/7000000000043527,http://data.ordnancesurvey.co.uk/ontology/admingeo/District,Lincolnshire,http://data.ordnancesurvey.co.uk/id/7000000000005942,http://data.ordnancesurvey.co.uk/ontology/admingeo/County,East Midlands,http://data.ordnancesurvey.co.uk/id/7000000000041423,England,http://data.ordnancesurvey.co.uk/id/country/england,,,
DN213HJ,http://data.ordnancesurvey.co.uk/id/postcodeunit/DN213HJ,DN21 3HJ,,,,other,Postcode,483476,390018,3500,18000,,,,,,,,,,West Lindsey,http://data.ordnancesurvey.co.uk/id/7000000000043527,http://data.ordnancesurvey.co.uk/ontology/admingeo/District,Lincolnshire,http://data.ordnancesurvey.co.uk/id/7000000000005942,http://data.ordnancesurvey.co.uk/ontology/admingeo/County,East Midlands,http://data.ordnancesurvey.co.uk/id/7000000000041423,England,http://data.ordnancesurvey.co.uk/id/country/england,,,
DN215XA,http://data.ordnancesurvey.co.uk/id/postcodeunit/DN215XA,DN21 5XA,,,,other,Postcode,491149,388343,3500,18000,,,,,,,,,,West Lindsey,http://data.ordnancesurvey.co.uk/id/7000000000043527,http://data.ordnancesurvey.co.uk/ontology/admingeo/District,Lincolnshire,http://data.ordnancesurvey.co.uk/id/7000000000005942,http://data.ordnancesurvey.co.uk/ontology/admingeo/County,East Midlands,http://data.ordnancesurvey.co.uk/id/7000000000041423,England,http://data.ordnancesurvey.co.uk/id/country/england,,,
DN213DU,http://data.ordnancesurvey.co.uk/id/postcodeunit/DN213DU,DN21 3DU,,,,other,Postcode,480073,395892,3500,18000,,,,,,,,,,West Lindsey,http://data.ordnancesurvey.co.uk/id/7000000000043527,http://data.ordnancesurvey.co.uk/ontology/admingeo/District,Lincolnshire,http://data.ordnancesurvey.co.uk/id/7000000000005942,http://data.ordnancesurvey.co.uk/ontology/admingeo/County,East Midlands,http://data.ordnancesurvey.co.uk/id/7000000000041423,England,http://data.ordnancesurvey.co.uk/id/country/england,,,
DN215QW,http://data.ordnancesurvey.co.uk/id/postcodeunit/DN215QW,DN21 5QW,,,,other,Postcode,486529,390169,3500,18000,,,,,,,,,,West Lindsey,http://data.ordnancesurvey.co.uk/id/7000000000043527,http://data.ordnancesurvey.co.uk/ontology/admingeo/District,Lincolnshire,http://data.ordnancesurvey.co.uk/id/7000000000005942,http://data.ordnancesurvey.co.uk/ontology/admingeo/County,East Midlands,http://data.ordnancesurvey.co.uk/id/7000000000041423,England,http://data.ordnancesurvey.co.uk/id/country/england,,,
DN211TE,http://data.ordnancesurvey.co.uk/id/postcodeunit/DN211TE,DN21 1TE,,,,other,Postcode,482805,389891,3500,18000,,,,,,,Gainsborough,http://data.ordnancesurvey.co.uk/id/4000000074575425,http://www.ordnancesurvey.co.uk/xml/codelists/localtype.xml#town,West Lindsey,http://data.ordnancesurvey.co.uk/id/7000000000043527,http://data.ordnancesurvey.co.uk/ontology/admingeo/District,Lincolnshire,http://data.ordnancesurvey.co.uk/id/7000000000005942,http://data.ordnancesurvey.co.uk/ontology/admingeo/County,East Midlands,http://data.ordnancesurvey.co.uk/id/7000000000041423,England,http://data.ordnancesurvey.co.uk/id/country/england,,,
DN213EQ,http://data.ordnancesurvey.co.uk/id/postcodeunit/DN213EQ,DN21 3EQ,,,,other,Postcode,482762,395897,3500,18000,,,,,,,,,,West Lindsey,http://data.ordnancesurvey.co.uk/id/7000000000043527,http://data.ordnancesurvey.co.uk/ontology/admingeo/District,Lincolnshire,http://data.ordnancesurvey.co.uk/id/7000000000005942,http://data.ordnancesurvey.co.uk/ontology/admingeo/County,East Midlands,http://data.ordnancesurvey.co.uk/id/7000000000041423,England,http://data.ordnancesurvey.co.uk/id/country/england,,,
DN211BN,http://data.ordnancesurvey.co.uk/id/postcodeunit/DN211BN,DN21 1BN,,,,other,Postcode,481774,389303,3500,18000,,,,,,,Gainsborough,http://data.ordnancesurvey.co.uk/id/4000000074575425,http://www.ordnancesurvey.co.uk/xml/codelists/localtype.xml#town,West Lindsey,http://data.ordnancesurvey.co.uk/id/7000000000043527,http://data.ordnancesurvey.co.uk/ontology/admingeo/District,Lincolnshire,http://data.ordnancesurvey.co.uk/id/7000000000005942,http://data.ordnancesurvey.co.uk/ontology/admingeo/County,East Midlands,http://data.ordnancesurvey.co.uk/id/7000000000041423,England,http://data.ordnancesurvey.co.uk/id/country/england,,,
LN82EG,http://data.ordnancesurvey.co.uk/id/postcodeunit/LN82EG,LN8 2EG,,,,other,Postcode,499916,390209,3500,18000,,,,,,,Glentham,http://data.ordnancesurvey.co.uk/id/4000000074550243,http://www.ordnancesurvey.co.uk/xml/codelists/localtype.xml#village,West Lindsey,http://data.ordnancesurvey.co.uk/id/7000000000043527,http://data.ordnancesurvey.co.uk/ontology/admingeo/District,Lincolnshire,http://data.ordnancesurvey.co.uk/id/7000000000005942,http://data.ordnancesurvey.co.uk/ontology/admingeo/County,East Midlands,http://data.ordnancesurvey.co.uk/id/7000000000041423,England,http://data.ordnancesurvey.co.uk/id/country/england,,,
DN214HX,http://data.ordnancesurvey.co.uk/id/postcodeunit/DN214HX,DN21 4HX,,,,other,Postcode,494082,397583,3500,18000,,,,,,,Kirton in Lindsey,http://data.ordnancesurvey.co.uk/id/4000000074574884,http://www.ordnancesurvey.co.uk/xml/codelists/localtype.xml#town,,,,North Lincolnshire,http://data.ordnancesurvey.co.uk/id/7000000000025623,http://data.ordnancesurvey.co.uk/ontology/admingeo/UnitaryAuthority,Yorkshire and the Humber,http://data.ordnancesurvey.co.uk/id/7000000000041430,England,http://data.ordnancesurvey.co.uk/id/country/england,,,
DN213EF,http://data.ordnancesurvey.co.uk/id/postcodeunit/DN213EF,DN21 3EF,,,,other,Postcode,483438,397176,3500,18000,,,,,,,,,,West Lindsey,http://data.ordnancesurvey.co.uk/id/7000000000043527,http://data.ordnancesurvey.co.uk/ontology/admingeo/District,Lincolnshire,http://data.ordnancesurvey.co.uk/id/7000000000005942,http://data.ordnancesurvey.co.uk/ontology/admingeo/County,East Midlands,http://data.ordnancesurvey.co.uk/id/7000000000041423,England,http://data.ordnancesurvey.co.uk/id/country/england,,,
DN211HL,http://data.ordnancesurvey.co.uk/id/postcodeunit/DN211HL,DN21 1HL,,,,other,Postcode,482110,390934,3500,18000,,,,,,,Gainsborough,http://data.ordnancesurvey.co.uk/id/4000000074575425,http://www.ordnancesurvey.co.uk/xml/codelists/localtype.xml#town,West Lindsey,http://data.ordnancesurvey.co.uk/id/7000000000043527,http://data.ordnancesurvey.co.uk/ontology/admingeo/District,Lincolnshire,http://data.ordnancesurvey.co.uk/id/7000000000005942,http://data.ordnancesurvey.co.uk/ontology/admingeo/County,East Midlands,http://data.ordnancesurvey.co.uk/id/7000000000041423,England,http://data.ordnancesurvey.co.uk/id/country/england,,,
LN82BJ,http://data.ordnancesurvey.co.uk/id/postcodeunit/LN82BJ,LN8 2BJ,,,,other,Postcode,498194,393004,3500,18000,,,,,,,Atterby,http://data.ordnancesurvey.co.uk/id/4000000074574340,http://www.ordnancesurvey.co.uk/xml/codelists/localtype.xml#hamlet,West Lindsey,http://data.ordnancesurvey.co.uk/id/7000000000043527,http://data.ordnancesurvey.co.uk/ontology/admingeo/District,Lincolnshire,http://data.ordnancesurvey.co.uk/id/7000000000005942,http://data.ordnancesurvey.co.uk/ontology/admingeo/County,East Midlands,http://data.ordnancesurvey.co.uk/id/7000000000041423,England,http://data.ordnancesurvey.co.uk/id/country/england,,,
DN215ES,http://data.ordnancesurvey.co.uk/id/postcodeunit/DN215ES,DN21 5ES,,,,other,Postcode,484053,385805,3500,18000,,,,,,,Knaith Park,http://data.ordnancesurvey.co.uk/id/4000000074813593,http://www.ordnancesurvey.co.uk/xml/codelists/localtype.xml#village,West Lindsey,http://data.ordnancesurvey.co.uk/id/7000000000043527,http://data.ordnancesurvey.co.uk/ontology/admingeo/District,Lincolnshire,http://data.ordnancesurvey.co.uk/id/7000000000005942,http://data.ordnancesurvey.co.uk/ontology/admingeo/County,East Midlands,http://data.ordnancesurvey.co.uk/id/7000000000041423,England,http://data.ordnancesurvey.co.uk/id/country/england,,,
DN215DT,http://data.ordnancesurvey.co.uk/id/postcodeunit/DN215DT,DN21 5DT,,,,other,Postcode,488894,387294,3500,18000,,,,,,,,,,West Lindsey,http://data.ordnancesurvey.co.uk/id/7000000000043527,http://data.ordnancesurvey.co.uk/ontology/admingeo/District,Lincolnshire,http://data.ordnancesurvey.co.uk/id/7000000000005942,http://data.ordnancesurvey.co.uk/ontology/admingeo/County,East Midlands,http://data.ordnancesurvey.co.uk/id/7000000000041423,England,http://data.ordnancesurvey.co.uk/id/country/england,,,
DN213DT,http://data.ordnancesurvey.co.uk/id/postcodeunit/DN213DT,DN21 3DT,,,,other,Postcode,482110,395160,3500,18000,,,,,,,,,,West Lindsey,http://data.ordnancesurvey.co.uk/id/7000000000043527,http://data.ordnancesurvey.co.uk/ontology/admingeo/District,Lincolnshire,http://data.ordnancesurvey.co.uk/id/7000000000005942,http://data.ordnancesurvey.co.uk/ontology/admingeo/County,East Midlands,http://data.ordnancesurvey.co.uk/id/7000000000041423,England,http://data.ordnancesurvey.co.uk/id/country/england,,,
DN213LH,http://data.ordnancesurvey.co.uk/id/postcodeunit/DN213LH,DN21 3LH,,,,other,Postcode,484859,394376,3500,18000,,,,,,,Blyton,http://data.ordnancesurvey.co.uk/id/4000000074575429,http://www.ordnancesurvey.co.uk/xml/codelists/localtype.xml#village,West Lindsey,http://data.ordnancesurvey.co.uk/id/7000000000043527,http://data.ordnancesurvey.co.uk/ontology/admingeo/District,Lincolnshire,http://data.ordnancesurvey.co.uk/id/7000000000005942,http://data.ordnancesurvey.co.uk/ontology/admingeo/County,East Midlands,http://data.ordnancesurvey.co.uk/id/7000000000041423,England,http://data.ordnancesurvey.co.uk/id/country/england,,,
DN214DD,http://data.ordnancesurvey.co.uk/id/postcodeunit/DN214DD,DN21 4DD,,,,other,Postcode,493223,398481,3500,18000,,,,,,,Kirton in Lindsey,http://data.ordnancesurvey.co.uk/id/4000000074574884,http://www.ordnancesurvey.co.uk/xml/codelists/localtype.xml#town,,,,North Lincolnshire,http://data.ordnancesurvey.co.uk/id/7000000000025623,http://data.ordnancesurvey.co.uk/ontology/admingeo/UnitaryAuthority,Yorkshire and the Humber,http://data.ordnancesurvey.co.uk/id/7000000000041430,England,http://data.ordnancesurvey.co.uk/id/country/england,,,
DN211QR,http://data.ordnancesurvey.co.uk/id/postcodeunit/DN211QR,DN21 1QR,,,,other,Postcode,482475,388804,3500,18000,,,,,,,Gainsborough,http://data.ordnancesurvey.co.uk/id/4000000074575425,http://www.ordnancesurvey.co.uk/xml/codelists/localtype.xml#town,West Lindsey,http://data.ordnancesurvey.co.uk/id/7000000000043527,http://data.ordnancesurvey.co.uk/ontology/admingeo/District,Lincolnshire,http://data.ordnancesurvey.co.uk/id/7000000000005942,http://data.ordnancesurvey.co.uk/ontology/admingeo/County,East Midlands,http://data.ordnancesurvey.co.uk/id/7000000000041423,England,http://data.ordnancesurvey.co.uk/id/country/england,,,
DN212LD,http://data.ordnancesurvey.co.uk/id/postcodeunit/DN212LD,DN21 2LD,,,,other,Postcode,481279,390267,3500,18000,,,,,,,Gainsborough,http://data.ordnancesurvey.co.uk/id/4000000074575425,http://www.ordnancesurvey.co.uk/xml/codelists/localtype.xml#town,West Lindsey,http://data.ordnancesurvey.co.uk/id/7000000000043527,http://data.ordnancesurvey.co.uk/ontology/admingeo/District,Lincolnshire,http://data.ordnancesurvey.co.uk/id/7000000000005942,http://data.ordnancesurvey.co.uk/ontology/admingeo/County,East Midlands,http://data.ordnancesurvey.co.uk/id/7000000000041423,England,http://data.ordnancesurvey.co.uk/id/country/england,,,
DN213DX,http://data.ordnancesurvey.co.uk/id/postcodeunit/DN213DX,DN21 3DX,,,,other,Postcode,480776,397989,3500,18000,,,,,,,Wildsworth,http://data.ordnancesurvey.co.uk/id/4000000074576002,http://www.ordnancesurvey.co.uk/xml/codelists/localtype.xml#hamlet,West Lindsey,http://data.ordnancesurvey.co.uk/id/7000000000043527,http://data.ordnancesurvey.co.uk/ontology/admingeo/District,Lincolnshire,http://data.ordnancesurvey.co.uk/id/7000000000005942,http://data.ordnancesurvey.co.uk/ontology/admingeo/County,East Midlands,http://data.ordnancesurvey.co.uk/id/7000000000041423,England,http://data.ordnancesurvey.co.uk/id/country/england,,,
LN12XA,http://data.ordnancesurvey.co.uk/id/postcodeunit/LN12XA,LN1 2XA,,,,other,Postcode,494795,383324,3500,18000,,,,,,,Ingham,http://data.ordnancesurvey.co.uk/id/4000000074574875,http://www.ordnancesurvey.co.uk/xml/codelists/localtype.xml#village,West Lindsey,http://data.ordnancesurvey.co.uk/id/7000000000043527,http://data.ordnancesurvey.co.uk/ontology/admingeo/District,Lincolnshire,http://data.ordnancesurvey.co.uk/id/7000000000005942,http://data.ordnancesurvey.co.uk/ontology/admingeo/County,East Midlands,http://data.ordnancesurvey.co.uk/id/7000000000041423,England,http://data.ordnancesurvey.co.uk/id/country/england,,,
DN211RN,http://data.ordnancesurvey.co.uk/id/postcodeunit/DN211RN,DN21 1RN,,,,other,Postcode,482841,390069,3500,18000,,,,,,,Gainsborough,http://data.ordnancesurvey.co.uk/id/4000000074575425,http://www.ordnancesurvey.co.uk/xml/codelists/localtype.xml#town,West Lindsey,http://data.ordnancesurvey.co.uk/id/7000000000043527,http://data.ordnancesurvey.co.uk/ontology/admingeo/District,Lincolnshire,http://data.ordnancesurvey.co.uk/id/7000000000005942,http://data.ordnancesurvey.co.uk/ontology/admingeo/County,East Midlands,http://data.ordnancesurvey.co.uk/id/7000000000041423,England,http://data.ordnancesurvey.co.uk/id/country/england,,,
DN211RX,http://data.ordnancesurvey.co.uk/id/postcodeunit/DN211RX,DN21 1RX,,,,other,Postcode,482543,390022,3500,18000,,,,,,,Gainsborough,http://data.ordnancesurvey.co.uk/id/4000000074575425,http://www.ordnancesurvey.co.uk/xml/codelists/localtype.xml#town,West Lindsey,http://data.ordnancesurvey.co.uk/id/7000000000043527,http://data.ordnancesurvey.co.uk/ontology/admingeo/District,Lincolnshire,http://data.ordnancesurvey.co.uk/id/7000000000005942,http://data.ordnancesurvey.co.uk/ontology/admingeo/County,East Midlands,http://data.ordnancesurvey.co.uk/id/7000000000041423,England,http://data.ordnancesurvey.co.uk/id/country/england,,,
DN215DN,http://data.ordnancesurvey.co.uk/id/postcodeunit/DN215DN,DN21 5DN,,,,other,Postcode,494218,388544,3500,18000,,,,,,,Glentworth,http://data.ordnancesurvey.co.uk/id/4000000074574337,http://www.ordnancesurvey.co.uk/xml/codelists/localtype.xml#village,West Lindsey,http://data.ordnancesurvey.co.uk/id/7000000000043527,http://data.ordnancesurvey.co.uk/ontology/admingeo/District,Lincolnshire,http://data.ordnancesurvey.co.uk/id/7000000000005942,http://data.ordnancesurvey.co.uk/ontology/admingeo/County,East Midlands,http://data.ordnancesurvey.co.uk/id/7000000000041423,England,http://data.ordnancesurvey.co.uk/id/country/england,,,
DN211JW,http://data.ordnancesurvey.co.uk/id/postcodeunit/DN211JW,DN21 1JW,,,,other,Postcode,481672,389171,3500,18000,,,,,,,Gainsborough,http://data.ordnancesurvey.co.uk/id/4000000074575425,http://www.ordnancesurvey.co.uk/xml/codelists/localtype.xml#town,West Lindsey,http://data.ordnancesurvey.co.uk/id/7000000000043527,http://data.ordnancesurvey.co.uk/ontology/admingeo/District,Lincolnshire,http://data.ordnancesurvey.co.uk/id/7000000000005942,http://data.ordnancesurvey.co.uk/ontology/admingeo/County,East Midlands,http://data.ordnancesurvey.co.uk/id/7000000000041423,England,http://data.ordnancesurvey.co.uk/id/country/england,,,
DN211QX,http://data.ordnancesurvey.co.uk/id/postcodeunit/DN211QX,DN21 1QX,,,,other,Postcode,482343,390054,3500,18000,,,,,,,Gainsborough,http://data.ordnancesurvey.co.uk/id/4000000074575425,http://www.ordnancesurvey.co.uk/xml/codelists/localtype.xml#town,West Lindsey,http://data.ordnancesurvey.co.uk/id/7000000000043527,http://data.ordnancesurvey.co.uk/ontology/admingeo/District,Lincolnshire,http://data.ordnancesurvey.co.uk/id/7000000000005942,http://data.ordnancesurvey.co.uk/ontology/admingeo/County,East Midlands,http://data.ordnancesurvey.co.uk/id/7000000000041423,England,http://data.ordnancesurvey.co.uk/id/country/england,,,
DN219FH,http://data.ordnancesurvey.co.uk/id/postcodeunit/DN219FH,DN21 9FH,,,,other,Postcode,481607,390035,3500,18000,,,,,,,Gainsborough,http://data.ordnancesurvey.co.uk/id/4000000074575425,http://www.ordnancesurvey.co.uk/xml/codelists/localtype.xml#town,West Lindsey,http://data.ordnancesurvey.co.uk/id/7000000000043527,http://data.ordnancesurvey.co.uk/ontology/admingeo/District,Lincolnshire,http://data.ordnancesurvey.co.uk/id/7000000000005942,http://data.ordnancesurvey.co.uk/ontology/admingeo/County,East Midlands,http://data.ordnancesurvey.co.uk/id/7000000000041423,England,http://data.ordnancesurvey.co.uk/id/country/england,,,
DN211YF,http://data.ordnancesurvey.co.uk/id/postcodeunit/DN211YF,DN21 1YF,,,,other,Postcode,482157,390741,3500,18000,,,,,,,Gainsborough,http://data.ordnancesurvey.co.uk/id/4000000074575425,http://www.ordnancesurvey.co.uk/xml/codelists/localtype.xml#town,West Lindsey,http://data.ordnancesurvey.co.uk/id/7000000000043527,http://data.ordnancesurvey.co.uk/ontology/admingeo/District,Lincolnshire,http://data.ordnancesurvey.co.uk/id/7000000000005942,http://data.ordnancesurvey.co.uk/ontology/admingeo/County,East Midlands,http://data.ordnancesurvey.co.uk/id/7000000000041423,England,http://data.ordnancesurvey.co.uk/id/country/england,,,
DN211QT,http://data.ordnancesurvey.co.uk/id/postcodeunit/DN211QT,DN21 1QT,,,,other,Postcode,483432,389491,3500,18000,,,,,,,Gainsborough,http://data.ordnancesurvey.co.uk/id/4000000074575425,http://www.ordnancesurvey.co.uk/xml/codelists/localtype.xml#town,West Lindsey,http://data.ordnancesurvey.co.uk/id/7000000000043527,http://data.ordnancesurvey.co.uk/ontology/admingeo/District,Lincolnshire,http://data.ordnancesurvey.co.uk/id/7000000000005942,http://data.ordnancesurvey.co.uk/ontology/admingeo/County,East Midlands,http://data.ordnancesurvey.co.uk/id/7000000000041423,England,http://data.ordnancesurvey.co.uk/id/country/england,,,
DN215BQ,http://data.ordnancesurvey.co.uk/id/postcodeunit/DN215BQ,DN21 5BQ,,,,other,Postcode,486075,382972,3500,18000,,,,,,,,,,West Lindsey,http://data.ordnancesurvey.co.uk/id/7000000000043527,http://data.ordnancesurvey.co.uk/ontology/admingeo/District,Lincolnshire,http://data.ordnancesurvey.co.uk/id/7000000000005942,http://data.ordnancesurvey.co.uk/ontology/admingeo/County,East Midlands,http://data.ordnancesurvey.co.uk/id/7000000000041423,England,http://data.ordnancesurvey.co.uk/id/country/england,,,
DN213LN,http://data.ordnancesurvey.co.uk/id/postcodeunit/DN213LN,DN21 3LN,,,,other,Postcode,484250,396112,3500,18000,,,,,,,,,,West Lindsey,http://data.ordnancesurvey.co.uk/id/7000000000043527,http://data.ordnancesurvey.co.uk/ontology/admingeo/District,Lincolnshire,http://data.ordnancesurvey.co.uk/id/7000000000005942,http://data.ordnancesurvey.co.uk/ontology/admingeo/County,East Midlands,http://data.ordnancesurvey.co.uk/id/7000000000041423,England,http://data.ordnancesurvey.co.uk/id/country/england,,,
DN211NR,http://data.ordnancesurvey.co.uk/id/postcodeunit/DN211NR,DN21 1NR,,,,other,Postcode,482761,389132,3500,18000,,,,,,,Gainsborough,http://data.ordnancesurvey.co.uk/id/4000000074575425,http://www.ordnancesurvey.co.uk/xml/codelists/localtype.xml#town,West Lindsey,http://data.ordnancesurvey.co.uk/id/7000000000043527,http://data.ordnancesurvey.co.uk/ontology/admingeo/District,Lincolnshire,http://data.ordnancesurvey.co.uk/id/7000000000005942,http://data.ordnancesurvey.co.uk/ontology/admingeo/County,East Midlands,http://data.ordnancesurvey.co.uk/id/7000000000041423,England,http://data.ordnancesurvey.co.uk/id/country/england,,,
DN215JX,http://data.ordnancesurvey.co.uk/id/postcodeunit/DN215JX,DN21 5JX,,,,other,Postcode,487176,384956,3500,18000,,,,,,,Willingham by Stow,http://data.ordnancesurvey.co.uk/id/4000000074575139,http://www.ordnancesurvey.co.uk/xml/codelists/localtype.xml#village,West Lindsey,http://data.ordnancesurvey.co.uk/id/7000000000043527,http://data.ordnancesurvey.co.uk/ontology/admingeo/District,Lincolnshire,http://data.ordnancesurvey.co.uk/id/7000000000005942,http://data.ordnancesurvey.co.uk/ontology/admingeo/County,East Midlands,http://data.ordnancesurvey.co.uk/id/7000000000041423,England,http://data.ordnancesurvey.co.uk/id/country/england,,,
LN12YG,http://data.ordnancesurvey.co.uk/id/postcodeunit/LN12YG,LN1 2YG,,,,other,Postcode,495113,383496,3500,18000,,,,,,,Ingham,http://data.ordnancesurvey.co.uk/id/4000000074574875,http://www.ordnancesurvey.co.uk/xml/codelists/localtype.xml#village,West Lindsey,http://data.ordnancesurvey.co.uk/id/7000000000043527,http://data.ordnancesurvey.co.uk/ontology/admingeo/District,Lincolnshire,http://data.ordnancesurvey.co.uk/id/7000000000005942,http://data.ordnancesurvey.co.uk/ontology/admingeo/County,East Midlands,http://data.ordnancesurvey.co.uk/id/7000000000041423,England,http://data.ordnancesurvey.co.uk/id/country/england,,,
DN211RF,http://data.ordnancesurvey.co.uk/id/postcodeunit/DN211RF,DN21 1RF,,,,other,Postcode,482580,390153,3500,18000,,,,,,,Gainsborough,http://data.ordnancesurvey.co.uk/id/4000000074575425,http://www.ordnancesurvey.co.uk/xml/codelists/localtype.xml#town,West Lindsey,http://data.ordnancesurvey.co.uk/id/7000000000043527,http://data.ordnancesurvey.co.uk/ontology/admingeo/District,Lincolnshire,http://data.ordnancesurvey.co.uk/id/7000000000005942,http://data.ordnancesurvey.co.uk/ontology/admingeo/County,East Midlands,http://data.ordnancesurvey.co.uk/id/7000000000041423,England,http://data.ordnancesurvey.co.uk/id/country/england,,,
DN211UB,http://data.ordnancesurvey.co.uk/id/postcodeunit/DN211UB,DN21 1UB,,,,other,Postcode,482553,389635,3500,18000,,,,,,,Gainsborough,http://data.ordnancesurvey.co.uk/id/4000000074575425,http://www.ordnancesurvey.co.uk/xml/codelists/localtype.xml#town,West Lindsey,http://data.ordnancesurvey.co.uk/id/7000000000043527,http://data.ordnancesurvey.co.uk/ontology/admingeo/District,Lincolnshire,http://data.ordnancesurvey.co.uk/id/7000000000005942,http://data.ordnancesurvey.co.uk/ontology/admingeo/County,East Midlands,http://data.ordnancesurvey.co.uk/id/7000000000041423,England,http://data.ordnancesurvey.co.uk/id/country/england,,,
DN211EH,http://data.ordnancesurvey.co.uk/id/postcodeunit/DN211EH,DN21 1EH,,,,other,Postcode,482052,391043,3500,18000,,,,,,,Gainsborough,http://data.ordnancesurvey.co.uk/id/4000000074575425,http://www.ordnancesurvey.co.uk/xml/codelists/localtype.xml#town,West Lindsey,http://data.ordnancesurvey.co.uk/id/7000000000043527,http://data.ordnancesurvey.co.uk/ontology/admingeo/District,Lincolnshire,http://data.ordnancesurvey.co.uk/id/7000000000005942,http://data.ordnancesurvey.co.uk/ontology/admingeo/County,East Midlands,http://data.ordnancesurvey.co.uk/id/7000000000041423,England,http://data.ordnancesurvey.co.uk/id/country/england,,,
DN214SW,http://data.ordnancesurvey.co.uk/id/postcodeunit/DN214SW,DN21 4SW,,,,other,Postcode,498252,396153,3500,18000,,,,,,,Waddingham,http://data.ordnancesurvey.co.uk/id/4000000074574880,http://www.ordnancesurvey.co.uk/xml/codelists/localtype.xml#village,West Lindsey,http://data.ordnancesurvey.co.uk/id/7000000000043527,http://data.ordnancesurvey.co.uk/ontology/admingeo/District,Lincolnshire,http://data.ordnancesurvey.co.uk/id/7000000000005942,http://data.ordnancesurvey.co.uk/ontology/admingeo/County,East Midlands,http://data.ordnancesurvey.co.uk/id/7000000000041423,England,http://data.ordnancesurvey.co.uk/id/country/england,,,
DN211AN,http://data.ordnancesurvey.co.uk/id/postcodeunit/DN211AN,DN21 1AN,,,,other,Postcode,482079,388109,3500,18000,,,,,,,Gainsborough,http://data.ordnancesurvey.co.uk/id/4000000074575425,http://www.ordnancesurvey.co.uk/xml/codelists/localtype.xml#town,West Lindsey,http://data.ordnancesurvey.co.uk/id/7000000000043527,http://data.ordnancesurvey.co.uk/ontology/admingeo/District,Lincolnshire,http://data.ordnancesurvey.co.uk/id/7000000000005942,http://data.ordnancesurvey.co.uk/ontology/admingeo/County,East Midlands,http://data.ordnancesurvey.co.uk/id/7000000000041423,England,http://data.ordnancesurvey.co.uk/id/country/england,,,
DN215RJ,http://data.ordnancesurvey.co.uk/id/postcodeunit/DN215RJ,DN21 5RJ,,,,other,Postcode,490485,393646,3500,18000,,,,,,,,,,West Lindsey,http://data.ordnancesurvey.co.uk/id/7000000000043527,http://data.ordnancesurvey.co.uk/ontology/admingeo/District,Lincolnshire,http://data.ordnancesurvey.co.uk/id/7000000000005942,http://data.ordnancesurvey.co.uk/ontology/admingeo/County,East Midlands,http://data.ordnancesurvey.co.uk/id/7000000000041423,England,http://data.ordnancesurvey.co.uk/id/country/england,,,
DN212NE,http://data.ordnancesurvey.co.uk/id/postcodeunit/DN212NE,DN21 2NE,,,,other,Postcode,481099,390971,3500,18000,,,,,,,Gainsborough,http://data.ordnancesurvey.co.uk/id/4000000074575425,http://www.ordnancesurvey.co.uk/xml/codelists/localtype.xml#town,West Lindsey,http://data.ordnancesurvey.co.uk/id/7000000000043527,http://data.ordnancesurvey.co.uk/ontology/admingeo/District,Lincolnshire,http://data.ordnancesurvey.co.uk/id/7000000000005942,http://data.ordnancesurvey.co.uk/ontology/admingeo/County,East Midlands,http://data.ordnancesurvey.co.uk/id/7000000000041423,England,http://data.ordnancesurvey.co.uk/id/country/england,,,
DN220ES,http://data.ordnancesurvey.co.uk/id/postcodeunit/DN220ES,DN22 0ES,,,,other,Postcode,480148,380803,3500,18000,,,,,,,,,,Bassetlaw,http://data.ordnancesurvey.co.uk/id/7000000000008122,http://data.ordnancesurvey.co.uk/ontology/admingeo/District,Nottinghamshire,http://data.ordnancesurvey.co.uk/id/7000000000008127,http://data.ordnancesurvey.co.uk/ontology/admingeo/County,East Midlands,http://data.ordnancesurvey.co.uk/id/7000000000041423,England,http://data.ordnancesurvey.co.uk/id/country/england,,,
DN215SN,http://data.ordnancesurvey.co.uk/id/postcodeunit/DN215SN,DN21 5SN,,,,other,Postcode,494834,393147,3500,18000,,,,,,,,,,West Lindsey,http://data.ordnancesurvey.co.uk/id/7000000000043527,http://data.ordnancesurvey.co.uk/ontology/admingeo/District,Lincolnshire,http://data.ordnancesurvey.co.uk/id/7000000000005942,http://data.ordnancesurvey.co.uk/ontology/admingeo/County,East Midlands,http://data.ordnancesurvey.co.uk/id/7000000000041423,England,http://data.ordnancesurvey.co.uk/id/country/england,,,
DN214LG,http://data.ordnancesurvey.co.uk/id/postcodeunit/DN214LG,DN21 4LG,,,,other,Postcode,498523,399850,3500,18000,,,,,,,,,,,,,North Lincolnshire,http://data.ordnancesurvey.co.uk/id/7000000000025623,http://data.ordnancesurvey.co.uk/ontology/admingeo/UnitaryAuthority,Yorkshire and the Humber,http://data.ordnancesurvey.co.uk/id/7000000000041430,England,http://data.ordnancesurvey.co.uk/id/country/england,,,
DN212ER,http://data.ordnancesurvey.co.uk/id/postcodeunit/DN212ER,DN21 2ER,,,,other,Postcode,481628,389823,3500,18000,,,,,,,Gainsborough,http://data.ordnancesurvey.co.uk/id/4000000074575425,http://www.ordnancesurvey.co.uk/xml/codelists/localtype.xml#town,West Lindsey,http://data.ordnancesurvey.co.uk/id/7000000000043527,http://data.ordnancesurvey.co.uk/ontology/admingeo/District,Lincolnshire,http://data.ordnancesurvey.co.uk/id/7000000000005942,http://data.ordnancesurvey.co.uk/ontology/admingeo/County,East Midlands,http://data.ordnancesurvey.co.uk/id/7000000000041423,England,http://data.ordnancesurvey.co.uk/id/country/england,,,
DN211YZ,http://data.ordnancesurvey.co.uk/id/postcodeunit/DN211YZ,DN21 1YZ,,,,other,Postcode,483173,389101,3500,18000,,,,,,,Gainsborough,http://data.ordnancesurvey.co.uk/id/4000000074575425,http://www.ordnancesurvey.co.uk/xml/codelists/localtype.xml#town,West Lindsey,http://data.ordnancesurvey.co.uk/id/7000000000043527,http://data.ordnancesurvey.co.uk/ontology/admingeo/District,Lincolnshire,http://data.ordnancesurvey.co.uk/id/7000000000005942,http://data.ordnancesurvey.co.uk/ontology/admingeo/County,East Midlands,http://data.ordnancesurvey.co.uk/id/7000000000041423,England,http://data.ordnancesurvey.co.uk/id/country/england,,,
DN215LY,http://data.ordnancesurvey.co.uk/id/postcodeunit/DN215LY,DN21 5LY,,,,other,Postcode,487305,385979,3500,18000,,,,,,,Kexby,http://data.ordnancesurvey.co.uk/id/4000000074577769,http://www.ordnancesurvey.co.uk/xml/codelists/localtype.xml#village,West Lindsey,http://data.ordnancesurvey.co.uk/id/7000000000043527,http://data.ordnancesurvey.co.uk/ontology/admingeo/District,Lincolnshire,http://data.ordnancesurvey.co.uk/id/7000000000005942,http://data.ordnancesurvey.co.uk/ontology/admingeo/County,East Midlands,http://data.ordnancesurvey.co.uk/id/7000000000041423,England,http://data.ordnancesurvey.co.uk/id/country/england,,,
DN211UF,http://data.ordnancesurvey.co.uk/id/postcodeunit/DN211UF,DN21 1UF,,,,other,Postcode,482711,389537,3500,18000,,,,,,,Gainsborough,http://data.ordnancesurvey.co.uk/id/4000000074575425,http://www.ordnancesurvey.co.uk/xml/codelists/localtype.xml#town,West Lindsey,http://data.ordnancesurvey.co.uk/id/7000000000043527,http://data.ordnancesurvey.co.uk/ontology/admingeo/District,Lincolnshire,http://data.ordnancesurvey.co.uk/id/7000000000005942,http://data.ordnancesurvey.co.uk/ontology/admingeo/County,East Midlands,http://data.ordnancesurvey.co.uk/id/7000000000041423,England,http://data.ordnancesurvey.co.uk/id/country/england,,,
DN212TH,http://data.ordnancesurvey.co.uk/id/postcodeunit/DN212TH,DN21 2TH,,,,other,Postcode,480955,391291,3500,18000,,,,,,,Gainsborough,http://data.ordnancesurvey.co.uk/id/4000000074575425,http://www.ordnancesurvey.co.uk/xml/codelists/localtype.xml#town,West Lindsey,http://data.ordnancesurvey.co.uk/id/7000000000043527,http://data.ordnancesurvey.co.uk/ontology/admingeo/District,Lincolnshire,http://data.ordnancesurvey.co.uk/id/7000000000005942,http://data.ordnancesurvey.co.uk/ontology/admingeo/County,East Midlands,http://data.ordnancesurvey.co.uk/id/7000000000041423,England,http://data.ordnancesurvey.co.uk/id/country/england,,,
DN211AR,http://data.ordnancesurvey.co.uk/id/postcodeunit/DN211AR,DN21 1AR,,,,other,Postcode,482295,387741,3500,18000,,,,,,,Gainsborough,http://data.ordnancesurvey.co.uk/id/4000000074575425,http://www.ordnancesurvey.co.uk/xml/codelists/localtype.xml#town,West Lindsey,http://data.ordnancesurvey.co.uk/id/7000000000043527,http://data.ordnancesurvey.co.uk/ontology/admingeo/District,Lincolnshire,http://data.ordnancesurvey.co.uk/id/7000000000005942,http://data.ordnancesurvey.co.uk/ontology/admingeo/County,East Midlands,http://data.ordnancesurvey.co.uk/id/7000000000041423,England,http://data.ordnancesurvey.co.uk/id/country/england,,,
DN212SZ,http://data.ordnancesurvey.co.uk/id/postcodeunit/DN212SZ,DN21 2SZ,,,,other,Postcode,480872,391419,3500,18000,,,,,,,Gainsborough,http://data.ordnancesurvey.co.uk/id/4000000074575425,http://www.ordnancesurvey.co.uk/xml/codelists/localtype.xml#town,West Lindsey,http://data.ordnancesurvey.co.uk/id/7000000000043527,http://data.ordnancesurvey.co.uk/ontology/admingeo/District,Lincolnshire,http://data.ordnancesurvey.co.uk/id/7000000000005942,http://data.ordnancesurvey.co.uk/ontology/admingeo/County,East Midlands,http://data.ordnancesurvey.co.uk/id/7000000000041423,England,http://data.ordnancesurvey.co.uk/id/country/england,,,
DN211HY,http://data.ordnancesurvey.co.uk/id/postcodeunit/DN211HY,DN21 1HY,,,,other,Postcode,482852,388987,3500,18000,,,,,,,Gainsborough,http://data.ordnancesurvey.co.uk/id/4000000074575425,http://www.ordnancesurvey.co.uk/xml/codelists/localtype.xml#town,West Lindsey,http://data.ordnancesurvey.co.uk/id/7000000000043527,http://data.ordnancesurvey.co.uk/ontology/admingeo/District,Lincolnshire,http://data.ordnancesurvey.co.uk/id/7000000000005942,http://data.ordnancesurvey.co.uk/ontology/admingeo/County,East Midlands,http://data.ordnancesurvey.co.uk/id/7000000000041423,England,http://data.ordnancesurvey.co.uk/id/country/england,,,
DN211BP,http://data.ordnancesurvey.co.uk/id/postcodeunit/DN211BP,DN21 1BP,,,,other,Postcode,481749,389221,3500,18000,,,,,,,Gainsborough,http://data.ordnancesurvey.co.uk/id/4000000074575425,http://www.ordnancesurvey.co.uk/xml/codelists/localtype.xml#town,West Lindsey,http://data.ordnancesurvey.co.uk/id/7000000000043527,http://data.ordnancesurvey.co.uk/ontology/admingeo/District,Lincolnshire,http://data.ordnancesurvey.co.uk/id/7000000000005942,http://data.ordnancesurvey.co.uk/ontology/admingeo/County,East Midlands,http://data.ordnancesurvey.co.uk/id/7000000000041423,England,http://data.ordnancesurvey.co.uk/id/country/england,,,
DN211UL,http://data.ordnancesurvey.co.uk/id/postcodeunit/DN211UL,DN21 1UL,,,,other,Postcode,482567,389315,3500,18000,,,,,,,Gainsborough,http://data.ordnancesurvey.co.uk/id/4000000074575425,http://www.ordnancesurvey.co.uk/xml/codelists/localtype.xml#town,West Lindsey,http://data.ordnancesurvey.co.uk/id/7000000000043527,http://data.ordnancesurvey.co.uk/ontology/admingeo/District,Lincolnshire,http://data.ordnancesurvey.co.uk/id/7000000000005942,http://data.ordnancesurvey.co.uk/ontology/admingeo/County,East Midlands,http://data.ordnancesurvey.co.uk/id/7000000000041423,England,http://data.ordnancesurvey.co.uk/id/country/england,,,
DN211GL,http://data.ordnancesurvey.co.uk/id/postcodeunit/DN211GL,DN21 1GL,,,,other,Postcode,482756,390375,3500,18000,,,,,,,Gainsborough,http://data.ordnancesurvey.co.uk/id/4000000074575425,http://www.ordnancesurvey.co.uk/xml/codelists/localtype.xml#town,West Lindsey,http://data.ordnancesurvey.co.uk/id/7000000000043527,http://data.ordnancesurvey.co.uk/ontology/admingeo/District,Lincolnshire,http://data.ordnancesurvey.co.uk/id/7000000000005942,http://data.ordnancesurvey.co.uk/ontology/admingeo/County,East Midlands,http://data.ordnancesurvey.co.uk/id/7000000000041423,England,http://data.ordnancesurvey.co.uk/id/country/england,,,
DN211TU,http://data.ordnancesurvey.co.uk/id/postcodeunit/DN211TU,DN21 1TU,,,,other,Postcode,483161,388956,3500,18000,,,,,,,Gainsborough,http://data.ordnancesurvey.co.uk/id/4000000074575425,http://www.ordnancesurvey.co.uk/xml/codelists/localtype.xml#town,West Lindsey,http://data.ordnancesurvey.co.uk/id/7000000000043527,http://data.ordnancesurvey.co.uk/ontology/admingeo/District,Lincolnshire,http://data.ordnancesurvey.co.uk/id/7000000000005942,http://data.ordnancesurvey.co.uk/ontology/admingeo/County,East Midlands,http://data.ordnancesurvey.co.uk/id/7000000000041423,England,http://data.ordnancesurvey.co.uk/id/country/england,,,
DN215RE,http://data.ordnancesurvey.co.uk/id/postcodeunit/DN215RE,DN21 5RE,,,,other,Postcode,485467,392596,3500,18000,,,,,,,,,,West Lindsey,http://data.ordnancesurvey.co.uk/id/7000000000043527,http://data.ordnancesurvey.co.uk/ontology/admingeo/District,Lincolnshire,http://data.ordnancesurvey.co.uk/id/7000000000005942,http://data.ordnancesurvey.co.uk/ontology/admingeo/County,East Midlands,http://data.ordnancesurvey.co.uk/id/7000000000041423,England,http://data.ordnancesurvey.co.uk/id/country/england,,,
LN12DE,http://data.ordnancesurvey.co.uk/id/postcodeunit/LN12DE,LN1 2DE,,,,other,Postcode,488176,382139,3500,18000,,,,,,,Stow,http://data.ordnancesurvey.co.uk/id/4000000074574878,http://www.ordnancesurvey.co.uk/xml/codelists/localtype.xml#village,West Lindsey,http://data.ordnancesurvey.co.uk/id/7000000000043527,http://data.ordnancesurvey.co.uk/ontology/admingeo/District,Lincolnshire,http://data.ordnancesurvey.co.uk/id/7000000000005942,http://data.ordnancesurvey.co.uk/ontology/admingeo/County,East Midlands,http://data.ordnancesurvey.co.uk/id/7000000000041423,England,http://data.ordnancesurvey.co.uk/id/country/england,,,
DN214EZ,http://data.ordnancesurvey.co.uk/id/postcodeunit/DN214EZ,DN21 4EZ,,,,other,Postcode,493488,394846,3500,18000,,,,,,,,,,West Lindsey,http://data.ordnancesurvey.co.uk/id/7000000000043527,http://data.ordnancesurvey.co.uk/ontology/admingeo/District,Lincolnshire,http://data.ordnancesurvey.co.uk/id/7000000000005942,http://data.ordnancesurvey.co.uk/ontology/admingeo/County,East Midlands,http://data.ordnancesurvey.co.uk/id/7000000000041423,England,http://data.ordnancesurvey.co.uk/id/country/england,,,
DN211BJ,http://data.ordnancesurvey.co.uk/id/postcodeunit/DN211BJ,DN21 1BJ,,,,other,Postcode,481796,389356,3500,18000,,,,,,,Gainsborough,http://data.ordnancesurvey.co.uk/id/4000000074575425,http://www.ordnancesurvey.co.uk/xml/codelists/localtype.xml#town,West Lindsey,http://data.ordnancesurvey.co.uk/id/7000000000043527,http://data.ordnancesurvey.co.uk/ontology/admingeo/District,Lincolnshire,http://data.ordnancesurvey.co.uk/id/7000000000005942,http://data.ordnancesurvey.co.uk/ontology/admingeo/County,East Midlands,http://data.ordnancesurvey.co.uk/id/7000000000041423,England,http://data.ordnancesurvey.co.uk/id/country/england,,,
DN211YX,http://data.ordnancesurvey.co.uk/id/postcodeunit/DN211YX,DN21 1YX,,,,other,Postcode,483033,389188,3500,18000,,,,,,,Gainsborough,http://data.ordnancesurvey.co.uk/id/4000000074575425,http://www.ordnancesurvey.co.uk/xml/codelists/localtype.xml#town,West Lindsey,http://data.ordnancesurvey.co.uk/id/7000000000043527,http://data.ordnancesurvey.co.uk/ontology/admingeo/District,Lincolnshire,http://data.ordnancesurvey.co.uk/id/7000000000005942,http://data.ordnancesurvey.co.uk/ontology/admingeo/County,East Midlands,http://data.ordnancesurvey.co.uk/id/7000000000041423,England,http://data.ordnancesurvey.co.uk/id/country/england,,,
DN91BJ,http://data.ordnancesurvey.co.uk/id/postcodeunit/DN91BJ,DN9 1BJ,,,,other,Postcode,480694,398600,3500,18000,,,,,,,,,,,,,North Lincolnshire,http://data.ordnancesurvey.co.uk/id/7000000000025623,http://data.ordnancesurvey.co.uk/ontology/admingeo/UnitaryAuthority,Yorkshire and the Humber,http://data.ordnancesurvey.co.uk/id/7000000000041430,England,http://data.ordnancesurvey.co.uk/id/country/england,,,
LN23PH,http://data.ordnancesurvey.co.uk/id/postcodeunit/LN23PH,LN2 3PH,,,,other,Postcode,499523,382457,3500,18000,,,,,,,Hackthorn,http://data.ordnancesurvey.co.uk/id/4000000074574879,http://www.ordnancesurvey.co.uk/xml/codelists/localtype.xml#village,West Lindsey,http://data.ordnancesurvey.co.uk/id/7000000000043527,http://data.ordnancesurvey.co.uk/ontology/admingeo/District,Lincolnshire,http://data.ordnancesurvey.co.uk/id/7000000000005942,http://data.ordnancesurvey.co.uk/ontology/admingeo/County,East Midlands,http://data.ordnancesurvey.co.uk/id/7000000000041423,England,http://data.ordnancesurvey.co.uk/id/country/england,,,
DN213HE,http://data.ordnancesurvey.co.uk/id/postcodeunit/DN213HE,DN21 3HE,,,,other,Postcode,484924,388508,3500,18000,,,,,,,Somerby,http://data.ordnancesurvey.co.uk/id/4000000074815187,http://www.ordnancesurvey.co.uk/xml/codelists/localtype.xml#otherSettlement,West Lindsey,http://data.ordnancesurvey.co.uk/id/7000000000043527,http://data.ordnancesurvey.co.uk/ontology/admingeo/District,Lincolnshire,http://data.ordnancesurvey.co.uk/id/7000000000005942,http://data.ordnancesurvey.co.uk/ontology/admingeo/County,East Midlands,http://data.ordnancesurvey.co.uk/id/7000000000041423,England,http://data.ordnancesurvey.co.uk/id/country/england,,,
DN211ZN,http://data.ordnancesurvey.co.uk/id/postcodeunit/DN211ZN,DN21 1ZN,,,,other,Postcode,482787,390664,3500,18000,,,,,,,Gainsborough,http://data.ordnancesurvey.co.uk/id/4000000074575425,http://www.ordnancesurvey.co.uk/xml/codelists/localtype.xml#town,West Lindsey,http://data.ordnancesurvey.co.uk/id/7000000000043527,http://data.ordnancesurvey.co.uk/ontology/admingeo/District,Lincolnshire,http://data.ordnancesurvey.co.uk/id/7000000000005942,http://data.ordnancesurvey.co.uk/ontology/admingeo/County,East Midlands,http://data.ordnancesurvey.co.uk/id/7000000000041423,England,http://data.ordnancesurvey.co.uk/id/country/england,,,
DN215EG,http://data.ordnancesurvey.co.uk/id/postcodeunit/DN215EG,DN21 5EG,,,,other,Postcode,483019,386705,3500,18000,,,,,,,Lea,http://data.ordnancesurvey.co.uk/id/4000000074578253,http://www.ordnancesurvey.co.uk/xml/codelists/localtype.xml#village,West Lindsey,http://data.ordnancesurvey.co.uk/id/7000000000043527,http://data.ordnancesurvey.co.uk/ontology/admingeo/District,Lincolnshire,http://data.ordnancesurvey.co.uk/id/7000000000005942,http://data.ordnancesurvey.co.uk/ontology/admingeo/County,East Midlands,http://data.ordnancesurvey.co.uk/id/7000000000041423,England,http://data.ordnancesurvey.co.uk/id/country/england,,,
DN214SX,http://data.ordnancesurvey.co.uk/id/postcodeunit/DN214SX,DN21 4SX,,,,other,Postcode,498485,396205,3500,18000,,,,,,,Waddingham,http://data.ordnancesurvey.co.uk/id/4000000074574880,http://www.ordnancesurvey.co.uk/xml/codelists/localtype.xml#village,West Lindsey,http://data.ordnancesurvey.co.uk/id/7000000000043527,http://data.ordnancesurvey.co.uk/ontology/admingeo/District,Lincolnshire,http://data.ordnancesurvey.co.uk/id/7000000000005942,http://data.ordnancesurvey.co.uk/ontology/admingeo/County,East Midlands,http://data.ordnancesurvey.co.uk/id/7000000000041423,England,http://data.ordnancesurvey.co.uk/id/country/england,,,
DN215RA,http://data.ordnancesurvey.co.uk/id/postcodeunit/DN215RA,DN21 5RA,,,,other,Postcode,487084,391688,3500,18000,,,,,,,Corringham,http://data.ordnancesurvey.co.uk/id/4000000074575143,http://www.ordnancesurvey.co.uk/xml/codelists/localtype.xml#village,West Lindsey,http://data.ordnancesurvey.co.uk/id/7000000000043527,http://data.ordnancesurvey.co.uk/ontology/admingeo/District,Lincolnshire,http://data.ordnancesurvey.co.uk/id/7000000000005942,http://data.ordnancesurvey.co.uk/ontology/admingeo/County,East Midlands,http://data.ordnancesurvey.co.uk/id/7000000000041423,England,http://data.ordnancesurvey.co.uk/id/country/england,,,
DN214RY,http://data.ordnancesurvey.co.uk/id/postcodeunit/DN214RY,DN21 4RY,,,,other,Postcode,499927,397038,3500,18000,,,,,,,,,,West Lindsey,http://data.ordnancesurvey.co.uk/id/7000000000043527,http://data.ordnancesurvey.co.uk/ontology/admingeo/District,Lincolnshire,http://data.ordnancesurvey.co.uk/id/7000000000005942,http://data.ordnancesurvey.co.uk/ontology/admingeo/County,East Midlands,http://data.ordnancesurvey.co.uk/id/7000000000041423,England,http://data.ordnancesurvey.co.uk/id/country/england,,,
DN212HE,http://data.ordnancesurvey.co.uk/id/postcodeunit/DN212HE,DN21 2HE,,,,other,Postcode,481699,390008,3500,18000,,,,,,,Gainsborough,http://data.ordnancesurvey.co.uk/id/4000000074575425,http://www.ordnancesurvey.co.uk/xml/codelists/localtype.xml#town,West Lindsey,http://data.ordnancesurvey.co.uk/id/7000000000043527,http://data.ordnancesurvey.co.uk/ontology/admingeo/District,Lincolnshire,http://data.ordnancesurvey.co.uk/id/7000000000005942,http://data.ordnancesurvey.co.uk/ontology/admingeo/County,East Midlands,http://data.ordnancesurvey.co.uk/id/7000000000041423,England,http://data.ordnancesurvey.co.uk/id/country/england,,,
DN211SH,http://data.ordnancesurvey.co.uk/id/postcodeunit/DN211SH,DN21 1SH,,,,other,Postcode,482337,389911,3500,18000,,,,,,,Gainsborough,http://data.ordnancesurvey.co.uk/id/4000000074575425,http://www.ordnancesurvey.co.uk/xml/codelists/localtype.xml#town,West Lindsey,http://data.ordnancesurvey.co.uk/id/7000000000043527,http://data.ordnancesurvey.co.uk/ontology/admingeo/District,Lincolnshire,http://data.ordnancesurvey.co.uk/id/7000000000005942,http://data.ordnancesurvey.co.uk/ontology/admingeo/County,East Midlands,http://data.ordnancesurvey.co.uk/id/7000000000041423,England,http://data.ordnancesurvey.co.uk/id/country/england,,,
DN213PF,http://data.ordnancesurvey.co.uk/id/postcodeunit/DN213PF,DN21 3PF,,,,other,Postcode,486684,395031,3500,18000,,,,,,,,,,West Lindsey,http://data.ordnancesurvey.co.uk/id/7000000000043527,http://data.ordnancesurvey.co.uk/ontology/admingeo/District,Lincolnshire,http://data.ordnancesurvey.co.uk/id/7000000000005942,http://data.ordnancesurvey.co.uk/ontology/admingeo/County,East Midlands,http://data.ordnancesurvey.co.uk/id/7000000000041423,England,http://data.ordnancesurvey.co.uk/id/country/england,,,
DN211QP,http://data.ordnancesurvey.co.uk/id/postcodeunit/DN211QP,DN21 1QP,,,,other,Postcode,481991,390967,3500,18000,,,,,,,Gainsborough,http://data.ordnancesurvey.co.uk/id/4000000074575425,http://www.ordnancesurvey.co.uk/xml/codelists/localtype.xml#town,West Lindsey,http://data.ordnancesurvey.co.uk/id/7000000000043527,http://data.ordnancesurvey.co.uk/ontology/admingeo/District,Lincolnshire,http://data.ordnancesurvey.co.uk/id/7000000000005942,http://data.ordnancesurvey.co.uk/ontology/admingeo/County,East Midlands,http://data.ordnancesurvey.co.uk/id/7000000000041423,England,http://data.ordnancesurvey.co.uk/id/country/england,,,
DN211BF,http://data.ordnancesurvey.co.uk/id/postcodeunit/DN211BF,DN21 1BF,,,,other,Postcode,482189,390226,3500,18000,,,,,,,Gainsborough,http://data.ordnancesurvey.co.uk/id/4000000074575425,http://www.ordnancesurvey.co.uk/xml/codelists/localtype.xml#town,West Lindsey,http://data.ordnancesurvey.co.uk/id/7000000000043527,http://data.ordnancesurvey.co.uk/ontology/admingeo/District,Lincolnshire,http://data.ordnancesurvey.co.uk/id/7000000000005942,http://data.ordnancesurvey.co.uk/ontology/admingeo/County,East Midlands,http://data.ordnancesurvey.co.uk/id/7000000000041423,England,http://data.ordnancesurvey.co.uk/id/country/england,,,
DN213NZ,http://data.ordnancesurvey.co.uk/id/postcodeunit/DN213NZ,DN21 3NZ,,,,other,Postcode,485208,394543,3500,18000,,,,,,,Blyton,http://data.ordnancesurvey.co.uk/id/4000000074575429,http://www.ordnancesurvey.co.uk/xml/codelists/localtype.xml#village,West Lindsey,http://data.ordnancesurvey.co.uk/id/7000000000043527,http://data.ordnancesurvey.co.uk/ontology/admingeo/District,Lincolnshire,http://data.ordnancesurvey.co.uk/id/7000000000005942,http://data.ordnancesurvey.co.uk/ontology/admingeo/County,East Midlands,http://data.ordnancesurvey.co.uk/id/7000000000041423,England,http://data.ordnancesurvey.co.uk/id/country/england,,,
DN214NP,http://data.ordnancesurvey.co.uk/id/postcodeunit/DN214NP,DN21 4NP,,,,other,Postcode,493836,398631,3500,18000,,,,,,,Kirton in Lindsey,http://data.ordnancesurvey.co.uk/id/4000000074574884,http://www.ordnancesurvey.co.uk/xml/codelists/localtype.xml#town,,,,North Lincolnshire,http://data.ordnancesurvey.co.uk/id/7000000000025623,http://data.ordnancesurvey.co.uk/ontology/admingeo/UnitaryAuthority,Yorkshire and the Humber,http://data.ordnancesurvey.co.uk/id/7000000000041430,England,http://data.ordnancesurvey.co.uk/id/country/england,,,
DN215GD,http://data.ordnancesurvey.co.uk/id/postcodeunit/DN215GD,DN21 5GD,,,,other,Postcode,487508,384128,3500,18000,,,,,,,Willingham by Stow,http://data.ordnancesurvey.co.uk/id/4000000074575139,http://www.ordnancesurvey.co.uk/xml/codelists/localtype.xml#village,West Lindsey,http://data.ordnancesurvey.co.uk/id/7000000000043527,http://data.ordnancesurvey.co.uk/ontology/admingeo/District,Lincolnshire,http://data.ordnancesurvey.co.uk/id/7000000000005942,http://data.ordnancesurvey.co.uk/ontology/admingeo/County,East Midlands,http://data.ordnancesurvey.co.uk/id/7000000000041423,England,http://data.ordnancesurvey.co.uk/id/country/england,,,
DN214RH,http://data.ordnancesurvey.co.uk/id/postcodeunit/DN214RH,DN21 4RH,,,,other,Postcode,498236,395767,3500,18000,,,,,,,Waddingham,http://data.ordnancesurvey.co.uk/id/4000000074574880,http://www.ordnancesurvey.co.uk/xml/codelists/localtype.xml#village,West Lindsey,http://data.ordnancesurvey.co.uk/id/7000000000043527,http://data.ordnancesurvey.co.uk/ontology/admingeo/District,Lincolnshire,http://data.ordnancesurvey.co.uk/id/7000000000005942,http://data.ordnancesurvey.co.uk/ontology/admingeo/County,East Midlands,http://data.ordnancesurvey.co.uk/id/7000000000041423,England,http://data.ordnancesurvey.co.uk/id/country/england,,,
DN212JB,http://data.ordnancesurvey.co.uk/id/postcodeunit/DN212JB,DN21 2JB,,,,other,Postcode,481680,390358,3500,18000,,,,,,,Gainsborough,http://data.ordnancesurvey.co.uk/id/4000000074575425,http://www.ordnancesurvey.co.uk/xml/codelists/localtype.xml#town,West Lindsey,http://data.ordnancesurvey.co.uk/id/7000000000043527,http://data.ordnancesurvey.co.uk/ontology/admingeo/District,Lincolnshire,http://data.ordnancesurvey.co.uk/id/7000000000005942,http://data.ordnancesurvey.co.uk/ontology/admingeo/County,East Midlands,http://data.ordnancesurvey.co.uk/id/7000000000041423,England,http://data.ordnancesurvey.co.uk/id/country/england,,,
DN214AU,http://data.ordnancesurvey.co.uk/id/postcodeunit/DN214AU,DN21 4AU,,,,other,Postcode,494415,397504,3500,18000,,,,,,,Kirton in Lindsey,http://data.ordnancesurvey.co.uk/id/4000000074574884,http://www.ordnancesurvey.co.uk/xml/codelists/localtype.xml#town,,,,North Lincolnshire,http://data.ordnancesurvey.co.uk/id/7000000000025623,http://data.ordnancesurvey.co.uk/ontology/admingeo/UnitaryAuthority,Yorkshire and the Humber,http://data.ordnancesurvey.co.uk/id/7000000000041430,England,http://data.ordnancesurvey.co.uk/id/country/england,,,
DN214DA,http://data.ordnancesurvey.co.uk/id/postcodeunit/DN214DA,DN21 4DA,,,,other,Postcode,493379,398739,3500,18000,,,,,,,Kirton in Lindsey,http://data.ordnancesurvey.co.uk/id/4000000074574884,http://www.ordnancesurvey.co.uk/xml/codelists/localtype.xml#town,,,,North Lincolnshire,http://data.ordnancesurvey.co.uk/id/7000000000025623,http://data.ordnancesurvey.co.uk/ontology/admingeo/UnitaryAuthority,Yorkshire and the Humber,http://data.ordnancesurvey.co.uk/id/7000000000041430,England,http://data.ordnancesurvey.co.uk/id/country/england,,,
DN212QB,http://data.ordnancesurvey.co.uk/id/postcodeunit/DN212QB,DN21 2QB,,,,other,Postcode,481125,390030,3500,18000,,,,,,,Gainsborough,http://data.ordnancesurvey.co.uk/id/4000000074575425,http://www.ordnancesurvey.co.uk/xml/codelists/localtype.xml#town,West Lindsey,http://data.ordnancesurvey.co.uk/id/7000000000043527,http://data.ordnancesurvey.co.uk/ontology/admingeo/District,Lincolnshire,http://data.ordnancesurvey.co.uk/id/7000000000005942,http://data.ordnancesurvey.co.uk/ontology/admingeo/County,East Midlands,http://data.ordnancesurvey.co.uk/id/7000000000041423,England,http://data.ordnancesurvey.co.uk/id/country/england,,,
DN211AQ,http://data.ordnancesurvey.co.uk/id/postcodeunit/DN211AQ,DN21 1AQ,,,,other,Postcode,482195,387780,3500,18000,,,,,,,Gainsborough,http://data.ordnancesurvey.co.uk/id/4000000074575425,http://www.ordnancesurvey.co.uk/xml/codelists/localtype.xml#town,West Lindsey,http://data.ordnancesurvey.co.uk/id/7000000000043527,http://data.ordnancesurvey.co.uk/ontology/admingeo/District,Lincolnshire,http://data.ordnancesurvey.co.uk/id/7000000000005942,http://data.ordnancesurvey.co.uk/ontology/admingeo/County,East Midlands,http://data.ordnancesurvey.co.uk/id/7000000000041423,England,http://data.ordnancesurvey.co.uk/id/country/england,,,
DN214NE,http://data.ordnancesurvey.co.uk/id/postcodeunit/DN214NE,DN21 4NE,,,,other,Postcode,493653,398760,3500,18000,,,,,,,Kirton in Lindsey,http://data.ordnancesurvey.co.uk/id/4000000074574884,http://www.ordnancesurvey.co.uk/xml/codelists/localtype.xml#town,,,,North Lincolnshire,http://data.ordnancesurvey.co.uk/id/7000000000025623,http://data.ordnancesurvey.co.uk/ontology/admingeo/UnitaryAuthority,Yorkshire and the Humber,http://data.ordnancesurvey.co.uk/id/7000000000041430,England,http://data.ordnancesurvey.co.uk/id/country/england,,,
DN211QJ,http://data.ordnancesurvey.co.uk/id/postcodeunit/DN211QJ,DN21 1QJ,,,,other,Postcode,481988,391056,3500,18000,,,,,,,Gainsborough,http://data.ordnancesurvey.co.uk/id/4000000074575425,http://www.ordnancesurvey.co.uk/xml/codelists/localtype.xml#town,West Lindsey,http://data.ordnancesurvey.co.uk/id/7000000000043527,http://data.ordnancesurvey.co.uk/ontology/admingeo/District,Lincolnshire,http://data.ordnancesurvey.co.uk/id/7000000000005942,http://data.ordnancesurvey.co.uk/ontology/admingeo/County,East Midlands,http://data.ordnancesurvey.co.uk/id/7000000000041423,England,http://data.ordnancesurvey.co.uk/id/country/england,,,
DN215FL,http://data.ordnancesurvey.co.uk/id/postcodeunit/DN215FL,DN21 5FL,,,,other,Postcode,494766,385806,3500,18000,,,,,,,Fillingham,http://data.ordnancesurvey.co.uk/id/4000000074574877,http://www.ordnancesurvey.co.uk/xml/codelists/localtype.xml#village,West Lindsey,http://data.ordnancesurvey.co.uk/id/7000000000043527,http://data.ordnancesurvey.co.uk/ontology/admingeo/District,Lincolnshire,http://data.ordnancesurvey.co.uk/id/7000000000005942,http://data.ordnancesurvey.co.uk/ontology/admingeo/County,East Midlands,http://data.ordnancesurvey.co.uk/id/7000000000041423,England,http://data.ordnancesurvey.co.uk/id/country/england,,,
DN215UH,http://data.ordnancesurvey.co.uk/id/postcodeunit/DN215UH,DN21 5UH,,,,other,Postcode,493109,391010,3500,18000,,,,,,,Hemswell,http://data.ordnancesurvey.co.uk/id/4000000074574603,http://www.ordnancesurvey.co.uk/xml/codelists/localtype.xml#village,West Lindsey,http://data.ordnancesurvey.co.uk/id/7000000000043527,http://data.ordnancesurvey.co.uk/ontology/admingeo/District,Lincolnshire,http://data.ordnancesurvey.co.uk/id/7000000000005942,http://data.ordnancesurvey.co.uk/ontology/admingeo/County,East Midlands,http://data.ordnancesurvey.co.uk/id/7000000000041423,England,http://data.ordnancesurvey.co.uk/id/country/england,,,
LN82EB,http://data.ordnancesurvey.co.uk/id/postcodeunit/LN82EB,LN8 2EB,,,,other,Postcode,499961,388110,3500,18000,,,,,,,Normanby-by-Spital,http://data.ordnancesurvey.co.uk/id/4000000074550240,http://www.ordnancesurvey.co.uk/xml/codelists/localtype.xml#village,West Lindsey,http://data.ordnancesurvey.co.uk/id/7000000000043527,http://data.ordnancesurvey.co.uk/ontology/admingeo/District,Lincolnshire,http://data.ordnancesurvey.co.uk/id/7000000000005942,http://data.ordnancesurvey.co.uk/ontology/admingeo/County,East Midlands,http://data.ordnancesurvey.co.uk/id/7000000000041423,England,http://data.ordnancesurvey.co.uk/id/country/england,,,
LN12YA,http://data.ordnancesurvey.co.uk/id/postcodeunit/LN12YA,LN1 2YA,,,,other,Postcode,494329,383639,3500,18000,,,,,,,Ingham,http://data.ordnancesurvey.co.uk/id/4000000074574875,http://www.ordnancesurvey.co.uk/xml/codelists/localtype.xml#village,West Lindsey,http://data.ordnancesurvey.co.uk/id/7000000000043527,http://data.ordnancesurvey.co.uk/ontology/admingeo/District,Lincolnshire,http://data.ordnancesurvey.co.uk/id/7000000000005942,http://data.ordnancesurvey.co.uk/ontology/admingeo/County,East Midlands,http://data.ordnancesurvey.co.uk/id/7000000000041423,England,http://data.ordnancesurvey.co.uk/id/country/england,,,
DN212QN,http://data.ordnancesurvey.co.uk/id/postcodeunit/DN212QN,DN21 2QN,,,,other,Postcode,481541,390387,3500,18000,,,,,,,Gainsborough,http://data.ordnancesurvey.co.uk/id/4000000074575425,http://www.ordnancesurvey.co.uk/xml/codelists/localtype.xml#town,West Lindsey,http://data.ordnancesurvey.co.uk/id/7000000000043527,http://data.ordnancesurvey.co.uk/ontology/admingeo/District,Lincolnshire,http://data.ordnancesurvey.co.uk/id/7000000000005942,http://data.ordnancesurvey.co.uk/ontology/admingeo/County,East Midlands,http://data.ordnancesurvey.co.uk/id/7000000000041423,England,http://data.ordnancesurvey.co.uk/id/country/england,,,
DN215AD,http://data.ordnancesurvey.co.uk/id/postcodeunit/DN215AD,DN21 5AD,,,,other,Postcode,484149,382014,3500,18000,,,,,,,Marton,http://data.ordnancesurvey.co.uk/id/4000000074577537,http://www.ordnancesurvey.co.uk/xml/codelists/localtype.xml#village,West Lindsey,http://data.ordnancesurvey.co.uk/id/7000000000043527,http://data.ordnancesurvey.co.uk/ontology/admingeo/District,Lincolnshire,http://data.ordnancesurvey.co.uk/id/7000000000005942,http://data.ordnancesurvey.co.uk/ontology/admingeo/County,East Midlands,http://data.ordnancesurvey.co.uk/id/7000000000041423,England,http://data.ordnancesurvey.co.uk/id/country/england,,,
DN212FQ,http://data.ordnancesurvey.co.uk/id/postcodeunit/DN212FQ,DN21 2FQ,,,,other,Postcode,481324,389914,3500,18000,,,,,,,Gainsborough,http://data.ordnancesurvey.co.uk/id/4000000074575425,http://www.ordnancesurvey.co.uk/xml/codelists/localtype.xml#town,West Lindsey,http://data.ordnancesurvey.co.uk/id/7000000000043527,http://data.ordnancesurvey.co.uk/ontology/admingeo/District,Lincolnshire,http://data.ordnancesurvey.co.uk/id/7000000000005942,http://data.ordnancesurvey.co.uk/ontology/admingeo/County,East Midlands,http://data.ordnancesurvey.co.uk/id/7000000000041423,England,http://data.ordnancesurvey.co.uk/id/country/england,,,
DN215RG,http://data.ordnancesurvey.co.uk/id/postcodeunit/DN215RG,DN21 5RG,,,,other,Postcode,488031,392158,3500,18000,,,,,,,,,,West Lindsey,http://data.ordnancesurvey.co.uk/id/7000000000043527,http://data.ordnancesurvey.co.uk/ontology/admingeo/District,Lincolnshire,http://data.ordnancesurvey.co.uk/id/7000000000005942,http://data.ordnancesurvey.co.uk/ontology/admingeo/County,East Midlands,http://data.ordnancesurvey.co.uk/id/7000000000041423,England,http://data.ordnancesurvey.co.uk/id/country/england,,,
DN211BZ,http://data.ordnancesurvey.co.uk/id/postcodeunit/DN211BZ,DN21 1BZ,,,,other,Postcode,481829,389228,3500,18000,,,,,,,Gainsborough,http://data.ordnancesurvey.co.uk/id/4000000074575425,http://www.ordnancesurvey.co.uk/xml/codelists/localtype.xml#town,West Lindsey,http://data.ordnancesurvey.co.uk/id/7000000000043527,http://data.ordnancesurvey.co.uk/ontology/admingeo/District,Lincolnshire,http://data.ordnancesurvey.co.uk/id/7000000000005942,http://data.ordnancesurvey.co.uk/ontology/admingeo/County,East Midlands,http://data.ordnancesurvey.co.uk/id/7000000000041423,England,http://data.ordnancesurvey.co.uk/id/country/england,,,
DN215HD,http://data.ordnancesurvey.co.uk/id/postcodeunit/DN215HD,DN21 5HD,,,,other,Postcode,483704,384528,3500,18000,,,,,,,,,,West Lindsey,http://data.ordnancesurvey.co.uk/id/7000000000043527,http://data.ordnancesurvey.co.uk/ontology/admingeo/District,Lincolnshire,http://data.ordnancesurvey.co.uk/id/7000000000005942,http://data.ordnancesurvey.co.uk/ontology/admingeo/County,East Midlands,http://data.ordnancesurvey.co.uk/id/7000000000041423,England,http://data.ordnancesurvey.co.uk/id/country/england,,,
DN214RW,http://data.ordnancesurvey.co.uk/id/postcodeunit/DN214RW,DN21 4RW,,,,other,Postcode,499944,395962,3500,18000,,,,,,,,,,West Lindsey,http://data.ordnancesurvey.co.uk/id/7000000000043527,http://data.ordnancesurvey.co.uk/ontology/admingeo/District,Lincolnshire,http://data.ordnancesurvey.co.uk/id/7000000000005942,http://data.ordnancesurvey.co.uk/ontology/admingeo/County,East Midlands,http://data.ordnancesurvey.co.uk/id/7000000000041423,England,http://data.ordnancesurvey.co.uk/id/country/england,,,
LN12XR,http://data.ordnancesurvey.co.uk/id/postcodeunit/LN12XR,LN1 2XR,,,,other,Postcode,494793,383531,3500,18000,,,,,,,Ingham,http://data.ordnancesurvey.co.uk/id/4000000074574875,http://www.ordnancesurvey.co.uk/xml/codelists/localtype.xml#village,West Lindsey,http://data.ordnancesurvey.co.uk/id/7000000000043527,http://data.ordnancesurvey.co.uk/ontology/admingeo/District,Lincolnshire,http://data.ordnancesurvey.co.uk/id/7000000000005942,http://data.ordnancesurvey.co.uk/ontology/admingeo/County,East Midlands,http://data.ordnancesurvey.co.uk/id/7000000000041423,England,http://data.ordnancesurvey.co.uk/id/country/england,,,
DN211YA,http://data.ordnancesurvey.co.uk/id/postcodeunit/DN211YA,DN21 1YA,,,,other,Postcode,482448,390775,3500,18000,,,,,,,Gainsborough,http://data.ordnancesurvey.co.uk/id/4000000074575425,http://www.ordnancesurvey.co.uk/xml/codelists/localtype.xml#town,West Lindsey,http://data.ordnancesurvey.co.uk/id/7000000000043527,http://data.ordnancesurvey.co.uk/ontology/admingeo/District,Lincolnshire,http://data.ordnancesurvey.co.uk/id/7000000000005942,http://data.ordnancesurvey.co.uk/ontology/admingeo/County,East Midlands,http://data.ordnancesurvey.co.uk/id/7000000000041423,England,http://data.ordnancesurvey.co.uk/id/country/england,,,
DN215FD,http://data.ordnancesurvey.co.uk/id/postcodeunit/DN215FD,DN21 5FD,,,,other,Postcode,487448,384602,3500,18000,,,,,,,Willingham by Stow,http://data.ordnancesurvey.co.uk/id/4000000074575139,http://www.ordnancesurvey.co.uk/xml/codelists/localtype.xml#village,West Lindsey,http://data.ordnancesurvey.co.uk/id/7000000000043527,http://data.ordnancesurvey.co.uk/ontology/admingeo/District,Lincolnshire,http://data.ordnancesurvey.co.uk/id/7000000000005942,http://data.ordnancesurvey.co.uk/ontology/admingeo/County,East Midlands,http://data.ordnancesurvey.co.uk/id/7000000000041423,England,http://data.ordnancesurvey.co.uk/id/country/england,,,
DN211EF,http://data.ordnancesurvey.co.uk/id/postcodeunit/DN211EF,DN21 1EF,,,,other,Postcode,481952,390404,3500,18000,,,,,,,Gainsborough,http://data.ordnancesurvey.co.uk/id/4000000074575425,http://www.ordnancesurvey.co.uk/xml/codelists/localtype.xml#town,West Lindsey,http://data.ordnancesurvey.co.uk/id/7000000000043527,http://data.ordnancesurvey.co.uk/ontology/admingeo/District,Lincolnshire,http://data.ordnancesurvey.co.uk/id/7000000000005942,http://data.ordnancesurvey.co.uk/ontology/admingeo/County,East Midlands,http://data.ordnancesurvey.co.uk/id/7000000000041423,England,http://data.ordnancesurvey.co.uk/id/country/england,,,
DN211SD,http://data.ordnancesurvey.co.uk/id/postcodeunit/DN211SD,DN21 1SD,,,,other,Postcode,483258,389096,3500,18000,,,,,,,Gainsborough,http://data.ordnancesurvey.co.uk/id/4000000074575425,http://www.ordnancesurvey.co.uk/xml/codelists/localtype.xml#town,West Lindsey,http://data.ordnancesurvey.co.uk/id/7000000000043527,http://data.ordnancesurvey.co.uk/ontology/admingeo/District,Lincolnshire,http://data.ordnancesurvey.co.uk/id/7000000000005942,http://data.ordnancesurvey.co.uk/ontology/admingeo/County,East Midlands,http://data.ordnancesurvey.co.uk/id/7000000000041423,England,http://data.ordnancesurvey.co.uk/id/country/england,,,
DN214SP,http://data.ordnancesurvey.co.uk/id/postcodeunit/DN214SP,DN21 4SP,,,,other,Postcode,498341,396175,3500,18000,,,,,,,Waddingham,http://data.ordnancesurvey.co.uk/id/4000000074574880,http://www.ordnancesurvey.co.uk/xml/codelists/localtype.xml#village,West Lindsey,http://data.ordnancesurvey.co.uk/id/7000000000043527,http://data.ordnancesurvey.co.uk/ontology/admingeo/District,Lincolnshire,http://data.ordnancesurvey.co.uk/id/7000000000005942,http://data.ordnancesurvey.co.uk/ontology/admingeo/County,East Midlands,http://data.ordnancesurvey.co.uk/id/7000000000041423,England,http://data.ordnancesurvey.co.uk/id/country/england,,,
DN215QS,http://data.ordnancesurvey.co.uk/id/postcodeunit/DN215QS,DN21 5QS,,,,other,Postcode,487087,391358,3500,18000,,,,,,,Corringham,http://data.ordnancesurvey.co.uk/id/4000000074575143,http://www.ordnancesurvey.co.uk/xml/codelists/localtype.xml#village,West Lindsey,http://data.ordnancesurvey.co.uk/id/7000000000043527,http://data.ordnancesurvey.co.uk/ontology/admingeo/District,Lincolnshire,http://data.ordnancesurvey.co.uk/id/7000000000005942,http://data.ordnancesurvey.co.uk/ontology/admingeo/County,East Midlands,http://data.ordnancesurvey.co.uk/id/7000000000041423,England,http://data.ordnancesurvey.co.uk/id/country/england,,,
DN211YU,http://data.ordnancesurvey.co.uk/id/postcodeunit/DN211YU,DN21 1YU,,,,other,Postcode,483052,389095,3500,18000,,,,,,,Gainsborough,http://data.ordnancesurvey.co.uk/id/4000000074575425,http://www.ordnancesurvey.co.uk/xml/codelists/localtype.xml#town,West Lindsey,http://data.ordnancesurvey.co.uk/id/7000000000043527,http://data.ordnancesurvey.co.uk/ontology/admingeo/District,Lincolnshire,http://data.ordnancesurvey.co.uk/id/7000000000005942,http://data.ordnancesurvey.co.uk/ontology/admingeo/County,East Midlands,http://data.ordnancesurvey.co.uk/id/7000000000041423,England,http://data.ordnancesurvey.co.uk/id/country/england,,,
DN214NF,http://data.ordnancesurvey.co.uk/id/postcodeunit/DN214NF,DN21 4NF,,,,other,Postcode,493752,398727,3500,18000,,,,,,,Kirton in Lindsey,http://data.ordnancesurvey.co.uk/id/4000000074574884,http://www.ordnancesurvey.co.uk/xml/codelists/localtype.xml#town,,,,North Lincolnshire,http://data.ordnancesurvey.co.uk/id/7000000000025623,http://data.ordnancesurvey.co.uk/ontology/admingeo/UnitaryAuthority,Yorkshire and the Humber,http://data.ordnancesurvey.co.uk/id/7000000000041430,England,http://data.ordnancesurvey.co.uk/id/country/england,,,
DN215RX,http://data.ordnancesurvey.co.uk/id/postcodeunit/DN215RX,DN21 5RX,,,,other,Postcode,492110,392693,3500,18000,,,,,,,,,,West Lindsey,http://data.ordnancesurvey.co.uk/id/7000000000043527,http://data.ordnancesurvey.co.uk/ontology/admingeo/District,Lincolnshire,http://data.ordnancesurvey.co.uk/id/7000000000005942,http://data.ordnancesurvey.co.uk/ontology/admingeo/County,East Midlands,http://data.ordnancesurvey.co.uk/id/7000000000041423,England,http://data.ordnancesurvey.co.uk/id/country/england,,,
DN213QL,http://data.ordnancesurvey.co.uk/id/postcodeunit/DN213QL,DN21 3QL,,,,other,Postcode,488858,399208,3500,18000,,,,,,,Scotton,http://data.ordnancesurvey.co.uk/id/4000000074575140,http://www.ordnancesurvey.co.uk/xml/codelists/localtype.xml#village,West Lindsey,http://data.ordnancesurvey.co.uk/id/7000000000043527,http://data.ordnancesurvey.co.uk/ontology/admingeo/District,Lincolnshire,http://data.ordnancesurvey.co.uk/id/7000000000005942,http://data.ordnancesurvey.co.uk/ontology/admingeo/County,East Midlands,http://data.ordnancesurvey.co.uk/id/7000000000041423,England,http://data.ordnancesurvey.co.uk/id/country/england,,,
DN215AN,http://data.ordnancesurvey.co.uk/id/postcodeunit/DN215AN,DN21 5AN,,,,other,Postcode,484051,381700,3500,18000,,,,,,,Marton,http://data.ordnancesurvey.co.uk/id/4000000074577537,http://www.ordnancesurvey.co.uk/xml/codelists/localtype.xml#village,West Lindsey,http://data.ordnancesurvey.co.uk/id/7000000000043527,http://data.ordnancesurvey.co.uk/ontology/admingeo/District,Lincolnshire,http://data.ordnancesurvey.co.uk/id/7000000000005942,http://data.ordnancesurvey.co.uk/ontology/admingeo/County,East Midlands,http://data.ordnancesurvey.co.uk/id/7000000000041423,England,http://data.ordnancesurvey.co.uk/id/country/england,,,
DN215BZ,http://data.ordnancesurvey.co.uk/id/postcodeunit/DN215BZ,DN21 5BZ,,,,other,Postcode,495254,387607,3500,18000,,,,,,,,,,West Lindsey,http://data.ordnancesurvey.co.uk/id/7000000000043527,http://data.ordnancesurvey.co.uk/ontology/admingeo/District,Lincolnshire,http://data.ordnancesurvey.co.uk/id/7000000000005942,http://data.ordnancesurvey.co.uk/ontology/admingeo/County,East Midlands,http://data.ordnancesurvey.co.uk/id/7000000000041423,England,http://data.ordnancesurvey.co.uk/id/country/england,,,
DN212SE,http://data.ordnancesurvey.co.uk/id/postcodeunit/DN212SE,DN21 2SE,,,,other,Postcode,481293,390639,3500,18000,,,,,,,Gainsborough,http://data.ordnancesurvey.co.uk/id/4000000074575425,http://www.ordnancesurvey.co.uk/xml/codelists/localtype.xml#town,West Lindsey,http://data.ordnancesurvey.co.uk/id/7000000000043527,http://data.ordnancesurvey.co.uk/ontology/admingeo/District,Lincolnshire,http://data.ordnancesurvey.co.uk/id/7000000000005942,http://data.ordnancesurvey.co.uk/ontology/admingeo/County,East Midlands,http://data.ordnancesurvey.co.uk/id/7000000000041423,England,http://data.ordnancesurvey.co.uk/id/country/england,,,
DN214RE,http://data.ordnancesurvey.co.uk/id/postcodeunit/DN214RE,DN21 4RE,,,,other,Postcode,498267,395953,3500,18000,,,,,,,Waddingham,http://data.ordnancesurvey.co.uk/id/4000000074574880,http://www.ordnancesurvey.co.uk/xml/codelists/localtype.xml#village,West Lindsey,http://data.ordnancesurvey.co.uk/id/7000000000043527,http://data.ordnancesurvey.co.uk/ontology/admingeo/District,Lincolnshire,http://data.ordnancesurvey.co.uk/id/7000000000005942,http://data.ordnancesurvey.co.uk/ontology/admingeo/County,East Midlands,http://data.ordnancesurvey.co.uk/id/7000000000041423,England,http://data.ordnancesurvey.co.uk/id/country/england,,,
DN215EH,http://data.ordnancesurvey.co.uk/id/postcodeunit/DN215EH,DN21 5EH,,,,other,Postcode,482939,386591,3500,18000,,,,,,,Lea,http://data.ordnancesurvey.co.uk/id/4000000074578253,http://www.ordnancesurvey.co.uk/xml/codelists/localtype.xml#village,West Lindsey,http://data.ordnancesurvey.co.uk/id/7000000000043527,http://data.ordnancesurvey.co.uk/ontology/admingeo/District,Lincolnshire,http://data.ordnancesurvey.co.uk/id/7000000000005942,http://data.ordnancesurvey.co.uk/ontology/admingeo/County,East Midlands,http://data.ordnancesurvey.co.uk/id/7000000000041423,England,http://data.ordnancesurvey.co.uk/id/country/england,,,
DN212RJ,http://data.ordnancesurvey.co.uk/id/postcodeunit/DN212RJ,DN21 2RJ,,,,other,Postcode,481382,390777,3500,18000,,,,,,,Gainsborough,http://data.ordnancesurvey.co.uk/id/4000000074575425,http://www.ordnancesurvey.co.uk/xml/codelists/localtype.xml#town,West Lindsey,http://data.ordnancesurvey.co.uk/id/7000000000043527,http://data.ordnancesurvey.co.uk/ontology/admingeo/District,Lincolnshire,http://data.ordnancesurvey.co.uk/id/7000000000005942,http://data.ordnancesurvey.co.uk/ontology/admingeo/County,East Midlands,http://data.ordnancesurvey.co.uk/id/7000000000041423,England,http://data.ordnancesurvey.co.uk/id/country/england,,,
DN212JH,http://data.ordnancesurvey.co.uk/id/postcodeunit/DN212JH,DN21 2JH,,,,other,Postcode,481518,389978,3500,18000,,,,,,,Gainsborough,http://data.ordnancesurvey.co.uk/id/4000000074575425,http://www.ordnancesurvey.co.uk/xml/codelists/localtype.xml#town,West Lindsey,http://data.ordnancesurvey.co.uk/id/7000000000043527,http://data.ordnancesurvey.co.uk/ontology/admingeo/District,Lincolnshire,http://data.ordnancesurvey.co.uk/id/7000000000005942,http://data.ordnancesurvey.co.uk/ontology/admingeo/County,East Midlands,http://data.ordnancesurvey.co.uk/id/7000000000041423,England,http://data.ordnancesurvey.co.uk/id/country/england,,,
DN215DJ,http://data.ordnancesurvey.co.uk/id/postcodeunit/DN215DJ,DN21 5DJ,,,,other,Postcode,494591,388157,3500,18000,,,,,,,Glentworth,http://data.ordnancesurvey.co.uk/id/4000000074574337,http://www.ordnancesurvey.co.uk/xml/codelists/localtype.xml#village,West Lindsey,http://data.ordnancesurvey.co.uk/id/7000000000043527,http://data.ordnancesurvey.co.uk/ontology/admingeo/District,Lincolnshire,http://data.ordnancesurvey.co.uk/id/7000000000005942,http://data.ordnancesurvey.co.uk/ontology/admingeo/County,East Midlands,http://data.ordnancesurvey.co.uk/id/7000000000041423,England,http://data.ordnancesurvey.co.uk/id/country/england,,,
DN214AP,http://data.ordnancesurvey.co.uk/id/postcodeunit/DN214AP,DN21 4AP,,,,other,Postcode,489239,395880,3500,18000,,,,,,,,,,West Lindsey,http://data.ordnancesurvey.co.uk/id/7000000000043527,http://data.ordnancesurvey.co.uk/ontology/admingeo/District,Lincolnshire,http://data.ordnancesurvey.co.uk/id/7000000000005942,http://data.ordnancesurvey.co.uk/ontology/admingeo/County,East Midlands,http://data.ordnancesurvey.co.uk/id/7000000000041423,England,http://data.ordnancesurvey.co.uk/id/country/england,,,
DN213GD,http://data.ordnancesurvey.co.uk/id/postcodeunit/DN213GD,DN21 3GD,,,,other,Postcode,480847,392220,3500,18000,,,,,,,Gainsborough,http://data.ordnancesurvey.co.uk/id/4000000074575425,http://www.ordnancesurvey.co.uk/xml/codelists/localtype.xml#town,West Lindsey,http://data.ordnancesurvey.co.uk/id/7000000000043527,http://data.ordnancesurvey.co.uk/ontology/admingeo/District,Lincolnshire,http://data.ordnancesurvey.co.uk/id/7000000000005942,http://data.ordnancesurvey.co.uk/ontology/admingeo/County,East Midlands,http://data.ordnancesurvey.co.uk/id/7000000000041423,England,http://data.ordnancesurvey.co.uk/id/country/england,,,
DN211HS,http://data.ordnancesurvey.co.uk/id/postcodeunit/DN211HS,DN21 1HS,,,,other,Postcode,481690,389462,3500,18000,,,,,,,Gainsborough,http://data.ordnancesurvey.co.uk/id/4000000074575425,http://www.ordnancesurvey.co.uk/xml/codelists/localtype.xml#town,West Lindsey,http://data.ordnancesurvey.co.uk/id/7000000000043527,http://data.ordnancesurvey.co.uk/ontology/admingeo/District,Lincolnshire,http://data.ordnancesurvey.co.uk/id/7000000000005942,http://data.ordnancesurvey.co.uk/ontology/admingeo/County,East Midlands,http://data.ordnancesurvey.co.uk/id/7000000000041423,England,http://data.ordnancesurvey.co.uk/id/country/england,,,
DN213EX,http://data.ordnancesurvey.co.uk/id/postcodeunit/DN213EX,DN21 3EX,,,,other,Postcode,480802,391904,3500,18000,,,,,,,Gainsborough,http://data.ordnancesurvey.co.uk/id/4000000074575425,http://www.ordnancesurvey.co.uk/xml/codelists/localtype.xml#town,West Lindsey,http://data.ordnancesurvey.co.uk/id/7000000000043527,http://data.ordnancesurvey.co.uk/ontology/admingeo/District,Lincolnshire,http://data.ordnancesurvey.co.uk/id/7000000000005942,http://data.ordnancesurvey.co.uk/ontology/admingeo/County,East Midlands,http://data.ordnancesurvey.co.uk/id/7000000000041423,England,http://data.ordnancesurvey.co.uk/id/country/england,,,
DN213NW,http://data.ordnancesurvey.co.uk/id/postcodeunit/DN213NW,DN21 3NW,,,,other,Postcode,484818,394084,3500,18000,,,,,,,Blyton,http://data.ordnancesurvey.co.uk/id/4000000074575429,http://www.ordnancesurvey.co.uk/xml/codelists/localtype.xml#village,West Lindsey,http://data.ordnancesurvey.co.uk/id/7000000000043527,http://data.ordnancesurvey.co.uk/ontology/admingeo/District,Lincolnshire,http://data.ordnancesurvey.co.uk/id/7000000000005942,http://data.ordnancesurvey.co.uk/ontology/admingeo/County,East Midlands,http://data.ordnancesurvey.co.uk/id/7000000000041423,England,http://data.ordnancesurvey.co.uk/id/country/england,,,
DN211UQ,http://data.ordnancesurvey.co.uk/id/postcodeunit/DN211UQ,DN21 1UQ,,,,other,Postcode,482662,389400,3500,18000,,,,,,,Gainsborough,http://data.ordnancesurvey.co.uk/id/4000000074575425,http://www.ordnancesurvey.co.uk/xml/codelists/localtype.xml#town,West Lindsey,http://data.ordnancesurvey.co.uk/id/7000000000043527,http://data.ordnancesurvey.co.uk/ontology/admingeo/District,Lincolnshire,http://data.ordnancesurvey.co.uk/id/7000000000005942,http://data.ordnancesurvey.co.uk/ontology/admingeo/County,East Midlands,http://data.ordnancesurvey.co.uk/id/7000000000041423,England,http://data.ordnancesurvey.co.uk/id/country/england,,,
DN214HQ,http://data.ordnancesurvey.co.uk/id/postcodeunit/DN214HQ,DN21 4HQ,,,,other,Postcode,494124,394236,3500,18000,,,,,,,Blyborough,http://data.ordnancesurvey.co.uk/id/4000000074574882,http://www.ordnancesurvey.co.uk/xml/codelists/localtype.xml#hamlet,West Lindsey,http://data.ordnancesurvey.co.uk/id/7000000000043527,http://data.ordnancesurvey.co.uk/ontology/admingeo/District,Lincolnshire,http://data.ordnancesurvey.co.uk/id/7000000000005942,http://data.ordnancesurvey.co.uk/ontology/admingeo/County,East Midlands,http://data.ordnancesurvey.co.uk/id/7000000000041423,England,http://data.ordnancesurvey.co.uk/id/country/england,,,
LN82BQ,http://data.ordnancesurvey.co.uk/id/postcodeunit/LN82BQ,LN8 2BQ,,,,other,Postcode,498467,392785,3500,18000,,,,,,,Bishop Norton,http://data.ordnancesurvey.co.uk/id/4000000074574339,http://www.ordnancesurvey.co.uk/xml/codelists/localtype.xml#village,West Lindsey,http://data.ordnancesurvey.co.uk/id/7000000000043527,http://data.ordnancesurvey.co.uk/ontology/admingeo/District,Lincolnshire,http://data.ordnancesurvey.co.uk/id/7000000000005942,http://data.ordnancesurvey.co.uk/ontology/admingeo/County,East Midlands,http://data.ordnancesurvey.co.uk/id/7000000000041423,England,http://data.ordnancesurvey.co.uk/id/country/england,,,
DN214FH,http://data.ordnancesurvey.co.uk/id/postcodeunit/DN214FH,DN21 4FH,,,,other,Postcode,493626,399096,3500,18000,,,,,,,Kirton in Lindsey,http://data.ordnancesurvey.co.uk/id/4000000074574884,http://www.ordnancesurvey.co.uk/xml/codelists/localtype.xml#town,,,,North Lincolnshire,http://data.ordnancesurvey.co.uk/id/7000000000025623,http://data.ordnancesurvey.co.uk/ontology/admingeo/UnitaryAuthority,Yorkshire and the Humber,http://data.ordnancesurvey.co.uk/id/7000000000041430,England,http://data.ordnancesurvey.co.uk/id/country/england,,,
DN214BS,http://data.ordnancesurvey.co.uk/id/postcodeunit/DN214BS,DN21 4BS,,,,other,Postcode,493107,398998,3500,18000,,,,,,,Kirton in Lindsey,http://data.ordnancesurvey.co.uk/id/4000000074574884,http://www.ordnancesurvey.co.uk/xml/codelists/localtype.xml#town,,,,North Lincolnshire,http://data.ordnancesurvey.co.uk/id/7000000000025623,http://data.ordnancesurvey.co.uk/ontology/admingeo/UnitaryAuthority,Yorkshire and the Humber,http://data.ordnancesurvey.co.uk/id/7000000000041430,England,http://data.ordnancesurvey.co.uk/id/country/england,,,
DN214QD,http://data.ordnancesurvey.co.uk/id/postcodeunit/DN214QD,DN21 4QD,,,,other,Postcode,493474,398560,3500,18000,,,,,,,Kirton in Lindsey,http://data.ordnancesurvey.co.uk/id/4000000074574884,http://www.ordnancesurvey.co.uk/xml/codelists/localtype.xml#town,,,,North Lincolnshire,http://data.ordnancesurvey.co.uk/id/7000000000025623,http://data.ordnancesurvey.co.uk/ontology/admingeo/UnitaryAuthority,Yorkshire and the Humber,http://data.ordnancesurvey.co.uk/id/7000000000041430,England,http://data.ordnancesurvey.co.uk/id/country/england,,,
DN211AF,http://data.ordnancesurvey.co.uk/id/postcodeunit/DN211AF,DN21 1AF,,,,other,Postcode,481906,388490,3500,18000,,,,,,,Gainsborough,http://data.ordnancesurvey.co.uk/id/4000000074575425,http://www.ordnancesurvey.co.uk/xml/codelists/localtype.xml#town,West Lindsey,http://data.ordnancesurvey.co.uk/id/7000000000043527,http://data.ordnancesurvey.co.uk/ontology/admingeo/District,Lincolnshire,http://data.ordnancesurvey.co.uk/id/7000000000005942,http://data.ordnancesurvey.co.uk/ontology/admingeo/County,East Midlands,http://data.ordnancesurvey.co.uk/id/7000000000041423,England,http://data.ordnancesurvey.co.uk/id/country/england,,,
DN214AA,http://data.ordnancesurvey.co.uk/id/postcodeunit/DN214AA,DN21 4AA,,,,other,Postcode,489401,397142,3500,18000,,,,,,,Northorpe,http://data.ordnancesurvey.co.uk/id/4000000074574885,http://www.ordnancesurvey.co.uk/xml/codelists/localtype.xml#village,West Lindsey,http://data.ordnancesurvey.co.uk/id/7000000000043527,http://data.ordnancesurvey.co.uk/ontology/admingeo/District,Lincolnshire,http://data.ordnancesurvey.co.uk/id/7000000000005942,http://data.ordnancesurvey.co.uk/ontology/admingeo/County,East Midlands,http://data.ordnancesurvey.co.uk/id/7000000000041423,England,http://data.ordnancesurvey.co.uk/id/country/england,,,
DN211GG,http://data.ordnancesurvey.co.uk/id/postcodeunit/DN211GG,DN21 1GG,,,,other,Postcode,481499,389549,3500,18000,,,,,,,Gainsborough,http://data.ordnancesurvey.co.uk/id/4000000074575425,http://www.ordnancesurvey.co.uk/xml/codelists/localtype.xml#town,West Lindsey,http://data.ordnancesurvey.co.uk/id/7000000000043527,http://data.ordnancesurvey.co.uk/ontology/admingeo/District,Lincolnshire,http://data.ordnancesurvey.co.uk/id/7000000000005942,http://data.ordnancesurvey.co.uk/ontology/admingeo/County,East Midlands,http://data.ordnancesurvey.co.uk/id/7000000000041423,England,http://data.ordnancesurvey.co.uk/id/country/england,,,
DN213QX,http://data.ordnancesurvey.co.uk/id/postcodeunit/DN213QX,DN21 3QX,,,,other,Postcode,488762,399088,3500,18000,,,,,,,Scotton,http://data.ordnancesurvey.co.uk/id/4000000074575140,http://www.ordnancesurvey.co.uk/xml/codelists/localtype.xml#village,West Lindsey,http://data.ordnancesurvey.co.uk/id/7000000000043527,http://data.ordnancesurvey.co.uk/ontology/admingeo/District,Lincolnshire,http://data.ordnancesurvey.co.uk/id/7000000000005942,http://data.ordnancesurvey.co.uk/ontology/admingeo/County,East Midlands,http://data.ordnancesurvey.co.uk/id/7000000000041423,England,http://data.ordnancesurvey.co.uk/id/country/england,,,
DN214UF,http://data.ordnancesurvey.co.uk/id/postcodeunit/DN214UF,DN21 4UF,,,,other,Postcode,498995,394892,3500,18000,,,,,,,Snitterby,http://data.ordnancesurvey.co.uk/id/4000000074574606,http://www.ordnancesurvey.co.uk/xml/codelists/localtype.xml#village,West Lindsey,http://data.ordnancesurvey.co.uk/id/7000000000043527,http://data.ordnancesurvey.co.uk/ontology/admingeo/District,Lincolnshire,http://data.ordnancesurvey.co.uk/id/7000000000005942,http://data.ordnancesurvey.co.uk/ontology/admingeo/County,East Midlands,http://data.ordnancesurvey.co.uk/id/7000000000041423,England,http://data.ordnancesurvey.co.uk/id/country/england,,,
DN211AH,http://data.ordnancesurvey.co.uk/id/postcodeunit/DN211AH,DN21 1AH,,,,other,Postcode,481667,388377,3500,18000,,,,,,,Gainsborough,http://data.ordnancesurvey.co.uk/id/4000000074575425,http://www.ordnancesurvey.co.uk/xml/codelists/localtype.xml#town,West Lindsey,http://data.ordnancesurvey.co.uk/id/7000000000043527,http://data.ordnancesurvey.co.uk/ontology/admingeo/District,Lincolnshire,http://data.ordnancesurvey.co.uk/id/7000000000005942,http://data.ordnancesurvey.co.uk/ontology/admingeo/County,East Midlands,http://data.ordnancesurvey.co.uk/id/7000000000041423,England,http://data.ordnancesurvey.co.uk/id/country/england,,,
DN212SG,http://data.ordnancesurvey.co.uk/id/postcodeunit/DN212SG,DN21 2SG,,,,other,Postcode,481330,390536,3500,18000,,,,,,,Gainsborough,http://data.ordnancesurvey.co.uk/id/4000000074575425,http://www.ordnancesurvey.co.uk/xml/codelists/localtype.xml#town,West Lindsey,http://data.ordnancesurvey.co.uk/id/7000000000043527,http://data.ordnancesurvey.co.uk/ontology/admingeo/District,Lincolnshire,http://data.ordnancesurvey.co.uk/id/7000000000005942,http://data.ordnancesurvey.co.uk/ontology/admingeo/County,East Midlands,http://data.ordnancesurvey.co.uk/id/7000000000041423,England,http://data.ordnancesurvey.co.uk/id/country/england,,,
DN211BX,http://data.ordnancesurvey.co.uk/id/postcodeunit/DN211BX,DN21 1BX,,,,other,Postcode,481777,389103,3500,18000,,,,,,,Gainsborough,http://data.ordnancesurvey.co.uk/id/4000000074575425,http://www.ordnancesurvey.co.uk/xml/codelists/localtype.xml#town,West Lindsey,http://data.ordnancesurvey.co.uk/id/7000000000043527,http://data.ordnancesurvey.co.uk/ontology/admingeo/District,Lincolnshire,http://data.ordnancesurvey.co.uk/id/7000000000005942,http://data.ordnancesurvey.co.uk/ontology/admingeo/County,East Midlands,http://data.ordnancesurvey.co.uk/id/7000000000041423,England,http://data.ordnancesurvey.co.uk/id/country/england,,,
DN212FD,http://data.ordnancesurvey.co.uk/id/postcodeunit/DN212FD,DN21 2FD,,,,other,Postcode,481656,390304,3500,18000,,,,,,,Gainsborough,http://data.ordnancesurvey.co.uk/id/4000000074575425,http://www.ordnancesurvey.co.uk/xml/codelists/localtype.xml#town,West Lindsey,http://data.ordnancesurvey.co.uk/id/7000000000043527,http://data.ordnancesurvey.co.uk/ontology/admingeo/District,Lincolnshire,http://data.ordnancesurvey.co.uk/id/7000000000005942,http://data.ordnancesurvey.co.uk/ontology/admingeo/County,East Midlands,http://data.ordnancesurvey.co.uk/id/7000000000041423,England,http://data.ordnancesurvey.co.uk/id/country/england,,,
DN213QY,http://data.ordnancesurvey.co.uk/id/postcodeunit/DN213QY,DN21 3QY,,,,other,Postcode,488774,398893,3500,18000,,,,,,,Scotton,http://data.ordnancesurvey.co.uk/id/4000000074575140,http://www.ordnancesurvey.co.uk/xml/codelists/localtype.xml#village,West Lindsey,http://data.ordnancesurvey.co.uk/id/7000000000043527,http://data.ordnancesurvey.co.uk/ontology/admingeo/District,Lincolnshire,http://data.ordnancesurvey.co.uk/id/7000000000005942,http://data.ordnancesurvey.co.uk/ontology/admingeo/County,East Midlands,http://data.ordnancesurvey.co.uk/id/7000000000041423,England,http://data.ordnancesurvey.co.uk/id/country/england,,,
DN212BL,http://data.ordnancesurvey.co.uk/id/postcodeunit/DN212BL,DN21 2BL,,,,other,Postcode,481536,389936,3500,18000,,,,,,,Gainsborough,http://data.ordnancesurvey.co.uk/id/4000000074575425,http://www.ordnancesurvey.co.uk/xml/codelists/localtype.xml#town,West Lindsey,http://data.ordnancesurvey.co.uk/id/7000000000043527,http://data.ordnancesurvey.co.uk/ontology/admingeo/District,Lincolnshire,http://data.ordnancesurvey.co.uk/id/7000000000005942,http://data.ordnancesurvey.co.uk/ontology/admingeo/County,East Midlands,http://data.ordnancesurvey.co.uk/id/7000000000041423,England,http://data.ordnancesurvey.co.uk/id/country/england,,,
DN215RU,http://data.ordnancesurvey.co.uk/id/postcodeunit/DN215RU,DN21 5RU,,,,other,Postcode,492987,393077,3500,18000,,,,,,,Willoughton,http://data.ordnancesurvey.co.uk/id/4000000074574604,http://www.ordnancesurvey.co.uk/xml/codelists/localtype.xml#village,West Lindsey,http://data.ordnancesurvey.co.uk/id/7000000000043527,http://data.ordnancesurvey.co.uk/ontology/admingeo/District,Lincolnshire,http://data.ordnancesurvey.co.uk/id/7000000000005942,http://data.ordnancesurvey.co.uk/ontology/admingeo/County,East Midlands,http://data.ordnancesurvey.co.uk/id/7000000000041423,England,http://data.ordnancesurvey.co.uk/id/country/england,,,
DN219DY,http://data.ordnancesurvey.co.uk/id/postcodeunit/DN219DY,DN21 9DY,,,,other,Postcode,481607,390035,3500,18000,,,,,,,Gainsborough,http://data.ordnancesurvey.co.uk/id/4000000074575425,http://www.ordnancesurvey.co.uk/xml/codelists/localtype.xml#town,West Lindsey,http://data.ordnancesurvey.co.uk/id/7000000000043527,http://data.ordnancesurvey.co.uk/ontology/admingeo/District,Lincolnshire,http://data.ordnancesurvey.co.uk/id/7000000000005942,http://data.ordnancesurvey.co.uk/ontology/admingeo/County,East Midlands,http://data.ordnancesurvey.co.uk/id/7000000000041423,England,http://data.ordnancesurvey.co.uk/id/country/england,,,
DN215ET,http://data.ordnancesurvey.co.uk/id/postcodeunit/DN215ET,DN21 5ET,,,,other,Postcode,484274,385709,3500,18000,,,,,,,Knaith Park,http://data.ordnancesurvey.co.uk/id/4000000074813593,http://www.ordnancesurvey.co.uk/xml/codelists/localtype.xml#village,West Lindsey,http://data.ordnancesurvey.co.uk/id/7000000000043527,http://data.ordnancesurvey.co.uk/ontology/admingeo/District,Lincolnshire,http://data.ordnancesurvey.co.uk/id/7000000000005942,http://data.ordnancesurvey.co.uk/ontology/admingeo/County,East Midlands,http://data.ordnancesurvey.co.uk/id/7000000000041423,England,http://data.ordnancesurvey.co.uk/id/country/england,,,
LN82AP,http://data.ordnancesurvey.co.uk/id/postcodeunit/LN82AP,LN8 2AP,,,,other,Postcode,497498,389267,3500,18000,,,,,,,,,,West Lindsey,http://data.ordnancesurvey.co.uk/id/7000000000043527,http://data.ordnancesurvey.co.uk/ontology/admingeo/District,Lincolnshire,http://data.ordnancesurvey.co.uk/id/7000000000005942,http://data.ordnancesurvey.co.uk/ontology/admingeo/County,East Midlands,http://data.ordnancesurvey.co.uk/id/7000000000041423,England,http://data.ordnancesurvey.co.uk/id/country/england,,,
DN214UJ,http://data.ordnancesurvey.co.uk/id/postcodeunit/DN214UJ,DN21 4UJ,,,,other,Postcode,499917,394310,3500,18000,,,,,,,,,,West Lindsey,http://data.ordnancesurvey.co.uk/id/7000000000043527,http://data.ordnancesurvey.co.uk/ontology/admingeo/District,Lincolnshire,http://data.ordnancesurvey.co.uk/id/7000000000005942,http://data.ordnancesurvey.co.uk/ontology/admingeo/County,East Midlands,http://data.ordnancesurvey.co.uk/id/7000000000041423,England,http://data.ordnancesurvey.co.uk/id/country/england,,,
DN215TY,http://data.ordnancesurvey.co.uk/id/postcodeunit/DN215TY,DN21 5TY,,,,other,Postcode,495757,389605,3500,18000,,,,,,,Hemswell Cliff,http://data.ordnancesurvey.co.uk/id/4000000074574338,http://www.ordnancesurvey.co.uk/xml/codelists/localtype.xml#village,West Lindsey,http://data.ordnancesurvey.co.uk/id/7000000000043527,http://data.ordnancesurvey.co.uk/ontology/admingeo/District,Lincolnshire,http://data.ordnancesurvey.co.uk/id/7000000000005942,http://data.ordnancesurvey.co.uk/ontology/admingeo/County,East Midlands,http://data.ordnancesurvey.co.uk/id/7000000000041423,England,http://data.ordnancesurvey.co.uk/id/country/england,,,
DN213NX,http://data.ordnancesurvey.co.uk/id/postcodeunit/DN213NX,DN21 3NX,,,,other,Postcode,486351,393321,3500,18000,,,,,,,,,,West Lindsey,http://data.ordnancesurvey.co.uk/id/7000000000043527,http://data.ordnancesurvey.co.uk/ontology/admingeo/District,Lincolnshire,http://data.ordnancesurvey.co.uk/id/7000000000005942,http://data.ordnancesurvey.co.uk/ontology/admingeo/County,East Midlands,http://data.ordnancesurvey.co.uk/id/7000000000041423,England,http://data.ordnancesurvey.co.uk/id/country/england,,,
DN213PG,http://data.ordnancesurvey.co.uk/id/postcodeunit/DN213PG,DN21 3PG,,,,other,Postcode,485148,394509,3500,18000,,,,,,,Blyton,http://data.ordnancesurvey.co.uk/id/4000000074575429,http://www.ordnancesurvey.co.uk/xml/codelists/localtype.xml#village,West Lindsey,http://data.ordnancesurvey.co.uk/id/7000000000043527,http://data.ordnancesurvey.co.uk/ontology/admingeo/District,Lincolnshire,http://data.ordnancesurvey.co.uk/id/7000000000005942,http://data.ordnancesurvey.co.uk/ontology/admingeo/County,East Midlands,http://data.ordnancesurvey.co.uk/id/7000000000041423,England,http://data.ordnancesurvey.co.uk/id/country/england,,,
DN212FJ,http://data.ordnancesurvey.co.uk/id/postcodeunit/DN212FJ,DN21 2FJ,,,,other,Postcode,480774,390371,3500,18000,,,,,,,Gainsborough,http://data.ordnancesurvey.co.uk/id/4000000074575425,http://www.ordnancesurvey.co.uk/xml/codelists/localtype.xml#town,West Lindsey,http://data.ordnancesurvey.co.uk/id/7000000000043527,http://data.ordnancesurvey.co.uk/ontology/admingeo/District,Lincolnshire,http://data.ordnancesurvey.co.uk/id/7000000000005942,http://data.ordnancesurvey.co.uk/ontology/admingeo/County,East Midlands,http://data.ordnancesurvey.co.uk/id/7000000000041423,England,http://data.ordnancesurvey.co.uk/id/country/england,,,
DN214GD,http://data.ordnancesurvey.co.uk/id/postcodeunit/DN214GD,DN21 4GD,,,,other,Postcode,493630,398070,3500,18000,,,,,,,Kirton in Lindsey,http://data.ordnancesurvey.co.uk/id/4000000074574884,http://www.ordnancesurvey.co.uk/xml/codelists/localtype.xml#town,,,,North Lincolnshire,http://data.ordnancesurvey.co.uk/id/7000000000025623,http://data.ordnancesurvey.co.uk/ontology/admingeo/UnitaryAuthority,Yorkshire and the Humber,http://data.ordnancesurvey.co.uk/id/7000000000041430,England,http://data.ordnancesurvey.co.uk/id/country/england,,,
DN215DU,http://data.ordnancesurvey.co.uk/id/postcodeunit/DN215DU,DN21 5DU,,,,other,Postcode,489253,386091,3500,18000,,,,,,,,,,West Lindsey,http://data.ordnancesurvey.co.uk/id/7000000000043527,http://data.ordnancesurvey.co.uk/ontology/admingeo/District,Lincolnshire,http://data.ordnancesurvey.co.uk/id/7000000000005942,http://data.ordnancesurvey.co.uk/ontology/admingeo/County,East Midlands,http://data.ordnancesurvey.co.uk/id/7000000000041423,England,http://data.ordnancesurvey.co.uk/id/country/england,,,
LN82BX,http://data.ordnancesurvey.co.uk/id/postcodeunit/LN82BX,LN8 2BX,,,,other,Postcode,498454,392736,3500,18000,,,,,,,Bishop Norton,http://data.ordnancesurvey.co.uk/id/4000000074574339,http://www.ordnancesurvey.co.uk/xml/codelists/localtype.xml#village,West Lindsey,http://data.ordnancesurvey.co.uk/id/7000000000043527,http://data.ordnancesurvey.co.uk/ontology/admingeo/District,Lincolnshire,http://data.ordnancesurvey.co.uk/id/7000000000005942,http://data.ordnancesurvey.co.uk/ontology/admingeo/County,East Midlands,http://data.ordnancesurvey.co.uk/id/7000000000041423,England,http://data.ordnancesurvey.co.uk/id/country/england,,,
DN212NP,http://data.ordnancesurvey.co.uk/id/postcodeunit/DN212NP,DN21 2NP,,,,other,Postcode,481187,390097,3500,18000,,,,,,,Gainsborough,http://data.ordnancesurvey.co.uk/id/4000000074575425,http://www.ordnancesurvey.co.uk/xml/codelists/localtype.xml#town,West Lindsey,http://data.ordnancesurvey.co.uk/id/7000000000043527,http://data.ordnancesurvey.co.uk/ontology/admingeo/District,Lincolnshire,http://data.ordnancesurvey.co.uk/id/7000000000005942,http://data.ordnancesurvey.co.uk/ontology/admingeo/County,East Midlands,http://data.ordnancesurvey.co.uk/id/7000000000041423,England,http://data.ordnancesurvey.co.uk/id/country/england,,,
DN212JE,http://data.ordnancesurvey.co.uk/id/postcodeunit/DN212JE,DN21 2JE,,,,other,Postcode,481720,390156,3500,18000,,,,,,,Gainsborough,http://data.ordnancesurvey.co.uk/id/4000000074575425,http://www.ordnancesurvey.co.uk/xml/codelists/localtype.xml#town,West Lindsey,http://data.ordnancesurvey.co.uk/id/7000000000043527,http://data.ordnancesurvey.co.uk/ontology/admingeo/District,Lincolnshire,http://data.ordnancesurvey.co.uk/id/7000000000005942,http://data.ordnancesurvey.co.uk/ontology/admingeo/County,East Midlands,http://data.ordnancesurvey.co.uk/id/7000000000041423,England,http://data.ordnancesurvey.co.uk/id/country/england,,,
DN212PH,http://data.ordnancesurvey.co.uk/id/postcodeunit/DN212PH,DN21 2PH,,,,other,Postcode,481005,390370,3500,18000,,,,,,,Gainsborough,http://data.ordnancesurvey.co.uk/id/4000000074575425,http://www.ordnancesurvey.co.uk/xml/codelists/localtype.xml#town,West Lindsey,http://data.ordnancesurvey.co.uk/id/7000000000043527,http://data.ordnancesurvey.co.uk/ontology/admingeo/District,Lincolnshire,http://data.ordnancesurvey.co.uk/id/7000000000005942,http://data.ordnancesurvey.co.uk/ontology/admingeo/County,East Midlands,http://data.ordnancesurvey.co.uk/id/7000000000041423,England,http://data.ordnancesurvey.co.uk/id/country/england,,,
DN213BJ,http://data.ordnancesurvey.co.uk/id/postcodeunit/DN213BJ,DN21 3BJ,,,,other,Postcode,481019,392127,3500,18000,,,,,,,Gainsborough,http://data.ordnancesurvey.co.uk/id/4000000074575425,http://www.ordnancesurvey.co.uk/xml/codelists/localtype.xml#town,West Lindsey,http://data.ordnancesurvey.co.uk/id/7000000000043527,http://data.ordnancesurvey.co.uk/ontology/admingeo/District,Lincolnshire,http://data.ordnancesurvey.co.uk/id/7000000000005942,http://data.ordnancesurvey.co.uk/ontology/admingeo/County,East Midlands,http://data.ordnancesurvey.co.uk/id/7000000000041423,England,http://data.ordnancesurvey.co.uk/id/country/england,,,
LN82AA,http://data.ordnancesurvey.co.uk/id/postcodeunit/LN82AA,LN8 2AA,,,,other,Postcode,499517,387754,3500,18000,,,,,,,,,,West Lindsey,http://data.ordnancesurvey.co.uk/id/7000000000043527,http://data.ordnancesurvey.co.uk/ontology/admingeo/District,Lincolnshire,http://data.ordnancesurvey.co.uk/id/7000000000005942,http://data.ordnancesurvey.co.uk/ontology/admingeo/County,East Midlands,http://data.ordnancesurvey.co.uk/id/7000000000041423,England,http://data.ordnancesurvey.co.uk/id/country/england,,,
DN211WE,http://data.ordnancesurvey.co.uk/id/postcodeunit/DN211WE,DN21 1WE,,,,other,Postcode,482680,390274,3500,18000,,,,,,,Gainsborough,http://data.ordnancesurvey.co.uk/id/4000000074575425,http://www.ordnancesurvey.co.uk/xml/codelists/localtype.xml#town,West Lindsey,http://data.ordnancesurvey.co.uk/id/7000000000043527,http://data.ordnancesurvey.co.uk/ontology/admingeo/District,Lincolnshire,http://data.ordnancesurvey.co.uk/id/7000000000005942,http://data.ordnancesurvey.co.uk/ontology/admingeo/County,East Midlands,http://data.ordnancesurvey.co.uk/id/7000000000041423,England,http://data.ordnancesurvey.co.uk/id/country/england,,,
DN214PT,http://data.ordnancesurvey.co.uk/id/postcodeunit/DN214PT,DN21 4PT,,,,other,Postcode,494640,397926,3500,18000,,,,,,,Kirton in Lindsey,http://data.ordnancesurvey.co.uk/id/4000000074574884,http://www.ordnancesurvey.co.uk/xml/codelists/localtype.xml#town,,,,North Lincolnshire,http://data.ordnancesurvey.co.uk/id/7000000000025623,http://data.ordnancesurvey.co.uk/ontology/admingeo/UnitaryAuthority,Yorkshire and the Humber,http://data.ordnancesurvey.co.uk/id/7000000000041430,England,http://data.ordnancesurvey.co.uk/id/country/england,,,
DN215JN,http://data.ordnancesurvey.co.uk/id/postcodeunit/DN215JN,DN21 5JN,,,,other,Postcode,482632,387136,3500,18000,,,,,,,Lea,http://data.ordnancesurvey.co.uk/id/4000000074578253,http://www.ordnancesurvey.co.uk/xml/codelists/localtype.xml#village,West Lindsey,http://data.ordnancesurvey.co.uk/id/7000000000043527,http://data.ordnancesurvey.co.uk/ontology/admingeo/District,Lincolnshire,http://data.ordnancesurvey.co.uk/id/7000000000005942,http://data.ordnancesurvey.co.uk/ontology/admingeo/County,East Midlands,http://data.ordnancesurvey.co.uk/id/7000000000041423,England,http://data.ordnancesurvey.co.uk/id/country/england,,,
DN220EZ,http://data.ordnancesurvey.co.uk/id/postcodeunit/DN220EZ,DN22 0EZ,,,,other,Postcode,481910,380058,3500,18000,,,,,,,Cottam,http://data.ordnancesurvey.co.uk/id/4000000074575721,http://www.ordnancesurvey.co.uk/xml/codelists/localtype.xml#village,Bassetlaw,http://data.ordnancesurvey.co.uk/id/7000000000008122,http://data.ordnancesurvey.co.uk/ontology/admingeo/District,Nottinghamshire,http://data.ordnancesurvey.co.uk/id/7000000000008127,http://data.ordnancesurvey.co.uk/ontology/admingeo/County,East Midlands,http://data.ordnancesurvey.co.uk/id/7000000000041423,England,http://data.ordnancesurvey.co.uk/id/country/england,,,
DN211DY,http://data.ordnancesurvey.co.uk/id/postcodeunit/DN211DY,DN21 1DY,,,,other,Postcode,483350,388826,3500,18000,,,,,,,Gainsborough,http://data.ordnancesurvey.co.uk/id/4000000074575425,http://www.ordnancesurvey.co.uk/xml/codelists/localtype.xml#town,West Lindsey,http://data.ordnancesurvey.co.uk/id/7000000000043527,http://data.ordnancesurvey.co.uk/ontology/admingeo/District,Lincolnshire,http://data.ordnancesurvey.co.uk/id/7000000000005942,http://data.ordnancesurvey.co.uk/ontology/admingeo/County,East Midlands,http://data.ordnancesurvey.co.uk/id/7000000000041423,England,http://data.ordnancesurvey.co.uk/id/country/england,,,
DN213AA,http://data.ordnancesurvey.co.uk/id/postcodeunit/DN213AA,DN21 3AA,,,,other,Postcode,480991,391520,3500,18000,,,,,,,Gainsborough,http://data.ordnancesurvey.co.uk/id/4000000074575425,http://www.ordnancesurvey.co.uk/xml/codelists/localtype.xml#town,West Lindsey,http://data.ordnancesurvey.co.uk/id/7000000000043527,http://data.ordnancesurvey.co.uk/ontology/admingeo/District,Lincolnshire,http://data.ordnancesurvey.co.uk/id/7000000000005942,http://data.ordnancesurvey.co.uk/ontology/admingeo/County,East Midlands,http://data.ordnancesurvey.co.uk/id/7000000000041423,England,http://data.ordnancesurvey.co.uk/id/country/england,,,
DN211HR,http://data.ordnancesurvey.co.uk/id/postcodeunit/DN211HR,DN21 1HR,,,,other,Postcode,482556,388464,3500,18000,,,,,,,Gainsborough,http://data.ordnancesurvey.co.uk/id/4000000074575425,http://www.ordnancesurvey.co.uk/xml/codelists/localtype.xml#town,West Lindsey,http://data.ordnancesurvey.co.uk/id/7000000000043527,http://data.ordnancesurvey.co.uk/ontology/admingeo/District,Lincolnshire,http://data.ordnancesurvey.co.uk/id/7000000000005942,http://data.ordnancesurvey.co.uk/ontology/admingeo/County,East Midlands,http://data.ordnancesurvey.co.uk/id/7000000000041423,England,http://data.ordnancesurvey.co.uk/id/country/england,,,
DN215UW,http://data.ordnancesurvey.co.uk/id/postcodeunit/DN215UW,DN21 5UW,,,,other,Postcode,491401,390299,3500,18000,,,,,,,,,,West Lindsey,http://data.ordnancesurvey.co.uk/id/7000000000043527,http://data.ordnancesurvey.co.uk/ontology/admingeo/District,Lincolnshire,http://data.ordnancesurvey.co.uk/id/7000000000005942,http://data.ordnancesurvey.co.uk/ontology/admingeo/County,East Midlands,http://data.ordnancesurvey.co.uk/id/7000000000041423,England,http://data.ordnancesurvey.co.uk/id/country/england,,,
DN215XW,http://data.ordnancesurvey.co.uk/id/postcodeunit/DN215XW,DN21 5XW,,,,other,Postcode,494954,389808,3500,18000,,,,,,,Hemswell Cliff,http://data.ordnancesurvey.co.uk/id/4000000074574338,http://www.ordnancesurvey.co.uk/xml/codelists/localtype.xml#village,West Lindsey,http://data.ordnancesurvey.co.uk/id/7000000000043527,http://data.ordnancesurvey.co.uk/ontology/admingeo/District,Lincolnshire,http://data.ordnancesurvey.co.uk/id/7000000000005942,http://data.ordnancesurvey.co.uk/ontology/admingeo/County,East Midlands,http://data.ordnancesurvey.co.uk/id/7000000000041423,England,http://data.ordnancesurvey.co.uk/id/country/england,,,
DN215EL,http://data.ordnancesurvey.co.uk/id/postcodeunit/DN215EL,DN21 5EL,,,,other,Postcode,483226,386660,3500,18000,,,,,,,Lea,http://data.ordnancesurvey.co.uk/id/4000000074578253,http://www.ordnancesurvey.co.uk/xml/codelists/localtype.xml#village,West Lindsey,http://data.ordnancesurvey.co.uk/id/7000000000043527,http://data.ordnancesurvey.co.uk/ontology/admingeo/District,Lincolnshire,http://data.ordnancesurvey.co.uk/id/7000000000005942,http://data.ordnancesurvey.co.uk/ontology/admingeo/County,East Midlands,http://data.ordnancesurvey.co.uk/id/7000000000041423,England,http://data.ordnancesurvey.co.uk/id/country/england,,,
LN82AS,http://data.ordnancesurvey.co.uk/id/postcodeunit/LN82AS,LN8 2AS,,,,other,Postcode,496661,389482,3500,18000,,,,,,,Caenby Corner,http://data.ordnancesurvey.co.uk/id/4000000074325696,http://www.ordnancesurvey.co.uk/xml/codelists/localtype.xml#otherSettlement,West Lindsey,http://data.ordnancesurvey.co.uk/id/7000000000043527,http://data.ordnancesurvey.co.uk/ontology/admingeo/District,Lincolnshire,http://data.ordnancesurvey.co.uk/id/7000000000005942,http://data.ordnancesurvey.co.uk/ontology/admingeo/County,East Midlands,http://data.ordnancesurvey.co.uk/id/7000000000041423,England,http://data.ordnancesurvey.co.uk/id/country/england,,,
LN12XL,http://data.ordnancesurvey.co.uk/id/postcodeunit/LN12XL,LN1 2XL,,,,other,Postcode,494882,383462,3500,18000,,,,,,,Ingham,http://data.ordnancesurvey.co.uk/id/4000000074574875,http://www.ordnancesurvey.co.uk/xml/codelists/localtype.xml#village,West Lindsey,http://data.ordnancesurvey.co.uk/id/7000000000043527,http://data.ordnancesurvey.co.uk/ontology/admingeo/District,Lincolnshire,http://data.ordnancesurvey.co.uk/id/7000000000005942,http://data.ordnancesurvey.co.uk/ontology/admingeo/County,East Midlands,http://data.ordnancesurvey.co.uk/id/7000000000041423,England,http://data.ordnancesurvey.co.uk/id/country/england,,,
DN214TP,http://data.ordnancesurvey.co.uk/id/postcodeunit/DN214TP,DN21 4TP,,,,other,Postcode,498387,394772,3500,18000,,,,,,,Snitterby,http://data.ordnancesurvey.co.uk/id/4000000074574606,http://www.ordnancesurvey.co.uk/xml/codelists/localtype.xml#village,West Lindsey,http://data.ordnancesurvey.co.uk/id/7000000000043527,http://data.ordnancesurvey.co.uk/ontology/admingeo/District,Lincolnshire,http://data.ordnancesurvey.co.uk/id/7000000000005942,http://data.ordnancesurvey.co.uk/ontology/admingeo/County,East Midlands,http://data.ordnancesurvey.co.uk/id/7000000000041423,England,http://data.ordnancesurvey.co.uk/id/country/england,,,
DN220HA,http://data.ordnancesurvey.co.uk/id/postcodeunit/DN220HA,DN22 0HA,,,,other,Postcode,481954,381373,3500,18000,,,,,,,Coates,http://data.ordnancesurvey.co.uk/id/4000000074578423,http://www.ordnancesurvey.co.uk/xml/codelists/localtype.xml#otherSettlement,Bassetlaw,http://data.ordnancesurvey.co.uk/id/7000000000008122,http://data.ordnancesurvey.co.uk/ontology/admingeo/District,Nottinghamshire,http://data.ordnancesurvey.co.uk/id/7000000000008127,http://data.ordnancesurvey.co.uk/ontology/admingeo/County,East Midlands,http://data.ordnancesurvey.co.uk/id/7000000000041423,England,http://data.ordnancesurvey.co.uk/id/country/england,,,
DN211FA,http://data.ordnancesurvey.co.uk/id/postcodeunit/DN211FA,DN21 1FA,,,,other,Postcode,482308,388432,3500,18000,,,,,,,Gainsborough,http://data.ordnancesurvey.co.uk/id/4000000074575425,http://www.ordnancesurvey.co.uk/xml/codelists/localtype.xml#town,West Lindsey,http://data.ordnancesurvey.co.uk/id/7000000000043527,http://data.ordnancesurvey.co.uk/ontology/admingeo/District,Lincolnshire,http://data.ordnancesurvey.co.uk/id/7000000000005942,http://data.ordnancesurvey.co.uk/ontology/admingeo/County,East Midlands,http://data.ordnancesurvey.co.uk/id/7000000000041423,England,http://data.ordnancesurvey.co.uk/id/country/england,,,
DN214JD,http://data.ordnancesurvey.co.uk/id/postcodeunit/DN214JD,DN21 4JD,,,,other,Postcode,495362,395794,3500,18000,,,,,,,,,,West Lindsey,http://data.ordnancesurvey.co.uk/id/7000000000043527,http://data.ordnancesurvey.co.uk/ontology/admingeo/District,Lincolnshire,http://data.ordnancesurvey.co.uk/id/7000000000005942,http://data.ordnancesurvey.co.uk/ontology/admingeo/County,East Midlands,http://data.ordnancesurvey.co.uk/id/7000000000041423,England,http://data.ordnancesurvey.co.uk/id/country/england,,,
DN214LY,http://data.ordnancesurvey.co.uk/id/postcodeunit/DN214LY,DN21 4LY,,,,other,Postcode,493772,398722,3500,18000,,,,,,,Kirton in Lindsey,http://data.ordnancesurvey.co.uk/id/4000000074574884,http://www.ordnancesurvey.co.uk/xml/codelists/localtype.xml#town,,,,North Lincolnshire,http://data.ordnancesurvey.co.uk/id/7000000000025623,http://data.ordnancesurvey.co.uk/ontology/admingeo/UnitaryAuthority,Yorkshire and the Humber,http://data.ordnancesurvey.co.uk/id/7000000000041430,England,http://data.ordnancesurvey.co.uk/id/country/england,,,
DN215BD,http://data.ordnancesurvey.co.uk/id/postcodeunit/DN215BD,DN21 5BD,,,,other,Postcode,483815,382623,3500,18000,,,,,,,Gate Burton,http://data.ordnancesurvey.co.uk/id/4000000074577539,http://www.ordnancesurvey.co.uk/xml/codelists/localtype.xml#hamlet,West Lindsey,http://data.ordnancesurvey.co.uk/id/7000000000043527,http://data.ordnancesurvey.co.uk/ontology/admingeo/District,Lincolnshire,http://data.ordnancesurvey.co.uk/id/7000000000005942,http://data.ordnancesurvey.co.uk/ontology/admingeo/County,East Midlands,http://data.ordnancesurvey.co.uk/id/7000000000041423,England,http://data.ordnancesurvey.co.uk/id/country/england,,,
LN12BT,http://data.ordnancesurvey.co.uk/id/postcodeunit/LN12BT,LN1 2BT,,,,other,Postcode,489098,380604,3500,18000,,,,,,,Sturton by Stow,http://data.ordnancesurvey.co.uk/id/4000000074574600,http://www.ordnancesurvey.co.uk/xml/codelists/localtype.xml#village,West Lindsey,http://data.ordnancesurvey.co.uk/id/7000000000043527,http://data.ordnancesurvey.co.uk/ontology/admingeo/District,Lincolnshire,http://data.ordnancesurvey.co.uk/id/7000000000005942,http://data.ordnancesurvey.co.uk/ontology/admingeo/County,East Midlands,http://data.ordnancesurvey.co.uk/id/7000000000041423,England,http://data.ordnancesurvey.co.uk/id/country/england,,,
DN215FQ,http://data.ordnancesurvey.co.uk/id/postcodeunit/DN215FQ,DN21 5FQ,,,,other,Postcode,484433,382006,3500,18000,,,,,,,Marton,http://data.ordnancesurvey.co.uk/id/4000000074577537,http://www.ordnancesurvey.co.uk/xml/codelists/localtype.xml#village,West Lindsey,http://data.ordnancesurvey.co.uk/id/7000000000043527,http://data.ordnancesurvey.co.uk/ontology/admingeo/District,Lincolnshire,http://data.ordnancesurvey.co.uk/id/7000000000005942,http://data.ordnancesurvey.co.uk/ontology/admingeo/County,East Midlands,http://data.ordnancesurvey.co.uk/id/7000000000041423,England,http://data.ordnancesurvey.co.uk/id/country/england,,,
DN211AW,http://data.ordnancesurvey.co.uk/id/postcodeunit/DN211AW,DN21 1AW,,,,other,Postcode,482204,387937,3500,18000,,,,,,,Gainsborough,http://data.ordnancesurvey.co.uk/id/4000000074575425,http://www.ordnancesurvey.co.uk/xml/codelists/localtype.xml#town,West Lindsey,http://data.ordnancesurvey.co.uk/id/7000000000043527,http://data.ordnancesurvey.co.uk/ontology/admingeo/District,Lincolnshire,http://data.ordnancesurvey.co.uk/id/7000000000005942,http://data.ordnancesurvey.co.uk/ontology/admingeo/County,East Midlands,http://data.ordnancesurvey.co.uk/id/7000000000041423,England,http://data.ordnancesurvey.co.uk/id/country/england,,,
DN213PJ,http://data.ordnancesurvey.co.uk/id/postcodeunit/DN213PJ,DN21 3PJ,,,,other,Postcode,485021,394410,3500,18000,,,,,,,Blyton,http://data.ordnancesurvey.co.uk/id/4000000074575429,http://www.ordnancesurvey.co.uk/xml/codelists/localtype.xml#village,West Lindsey,http://data.ordnancesurvey.co.uk/id/7000000000043527,http://data.ordnancesurvey.co.uk/ontology/admingeo/District,Lincolnshire,http://data.ordnancesurvey.co.uk/id/7000000000005942,http://data.ordnancesurvey.co.uk/ontology/admingeo/County,East Midlands,http://data.ordnancesurvey.co.uk/id/7000000000041423,England,http://data.ordnancesurvey.co.uk/id/country/england,,,
DN215DL,http://data.ordnancesurvey.co.uk/id/postcodeunit/DN215DL,DN21 5DL,,,,other,Postcode,494364,388306,3500,18000,,,,,,,Glentworth,http://data.ordnancesurvey.co.uk/id/4000000074574337,http://www.ordnancesurvey.co.uk/xml/codelists/localtype.xml#village,West Lindsey,http://data.ordnancesurvey.co.uk/id/7000000000043527,http://data.ordnancesurvey.co.uk/ontology/admingeo/District,Lincolnshire,http://data.ordnancesurvey.co.uk/id/7000000000005942,http://data.ordnancesurvey.co.uk/ontology/admingeo/County,East Midlands,http://data.ordnancesurvey.co.uk/id/7000000000041423,England,http://data.ordnancesurvey.co.uk/id/country/england,,,
DN215XH,http://data.ordnancesurvey.co.uk/id/postcodeunit/DN215XH,DN21 5XH,,,,other,Postcode,495206,389650,3500,18000,,,,,,,Hemswell Cliff,http://data.ordnancesurvey.co.uk/id/4000000074574338,http://www.ordnancesurvey.co.uk/xml/codelists/localtype.xml#village,West Lindsey,http://data.ordnancesurvey.co.uk/id/7000000000043527,http://data.ordnancesurvey.co.uk/ontology/admingeo/District,Lincolnshire,http://data.ordnancesurvey.co.uk/id/7000000000005942,http://data.ordnancesurvey.co.uk/ontology/admingeo/County,East Midlands,http://data.ordnancesurvey.co.uk/id/7000000000041423,England,http://data.ordnancesurvey.co.uk/id/country/england,,,
LN12TZ,http://data.ordnancesurvey.co.uk/id/postcodeunit/LN12TZ,LN1 2TZ,,,,other,Postcode,489431,380112,3500,18000,,,,,,,Sturton by Stow,http://data.ordnancesurvey.co.uk/id/4000000074574600,http://www.ordnancesurvey.co.uk/xml/codelists/localtype.xml#village,West Lindsey,http://data.ordnancesurvey.co.uk/id/7000000000043527,http://data.ordnancesurvey.co.uk/ontology/admingeo/District,Lincolnshire,http://data.ordnancesurvey.co.uk/id/7000000000005942,http://data.ordnancesurvey.co.uk/ontology/admingeo/County,East Midlands,http://data.ordnancesurvey.co.uk/id/7000000000041423,England,http://data.ordnancesurvey.co.uk/id/country/england,,,
DN213HG,http://data.ordnancesurvey.co.uk/id/postcodeunit/DN213HG,DN21 3HG,,,,other,Postcode,484405,390128,3500,18000,,,,,,,,,,West Lindsey,http://data.ordnancesurvey.co.uk/id/7000000000043527,http://data.ordnancesurvey.co.uk/ontology/admingeo/District,Lincolnshire,http://data.ordnancesurvey.co.uk/id/7000000000005942,http://data.ordnancesurvey.co.uk/ontology/admingeo/County,East Midlands,http://data.ordnancesurvey.co.uk/id/7000000000041423,England,http://data.ordnancesurvey.co.uk/id/country/england,,,
DN211JR,http://data.ordnancesurvey.co.uk/id/postcodeunit/DN211JR,DN21 1JR,,,,other,Postcode,481641,389260,3500,18000,,,,,,,Gainsborough,http://data.ordnancesurvey.co.uk/id/4000000074575425,http://www.ordnancesurvey.co.uk/xml/codelists/localtype.xml#town,West Lindsey,http://data.ordnancesurvey.co.uk/id/7000000000043527,http://data.ordnancesurvey.co.uk/ontology/admingeo/District,Lincolnshire,http://data.ordnancesurvey.co.uk/id/7000000000005942,http://data.ordnancesurvey.co.uk/ontology/admingeo/County,East Midlands,http://data.ordnancesurvey.co.uk/id/7000000000041423,England,http://data.ordnancesurvey.co.uk/id/country/england,,,
DN212JZ,http://data.ordnancesurvey.co.uk/id/postcodeunit/DN212JZ,DN21 2JZ,,,,other,Postcode,481372,390343,3500,18000,,,,,,,Gainsborough,http://data.ordnancesurvey.co.uk/id/4000000074575425,http://www.ordnancesurvey.co.uk/xml/codelists/localtype.xml#town,West Lindsey,http://data.ordnancesurvey.co.uk/id/7000000000043527,http://data.ordnancesurvey.co.uk/ontology/admingeo/District,Lincolnshire,http://data.ordnancesurvey.co.uk/id/7000000000005942,http://data.ordnancesurvey.co.uk/ontology/admingeo/County,East Midlands,http://data.ordnancesurvey.co.uk/id/7000000000041423,England,http://data.ordnancesurvey.co.uk/id/country/england,,,
LN12XN,http://data.ordnancesurvey.co.uk/id/postcodeunit/LN12XN,LN1 2XN,,,,other,Postcode,494877,383510,3500,18000,,,,,,,Ingham,http://data.ordnancesurvey.co.uk/id/4000000074574875,http://www.ordnancesurvey.co.uk/xml/codelists/localtype.xml#village,West Lindsey,http://data.ordnancesurvey.co.uk/id/7000000000043527,http://data.ordnancesurvey.co.uk/ontology/admingeo/District,Lincolnshire,http://data.ordnancesurvey.co.uk/id/7000000000005942,http://data.ordnancesurvey.co.uk/ontology/admingeo/County,East Midlands,http://data.ordnancesurvey.co.uk/id/7000000000041423,England,http://data.ordnancesurvey.co.uk/id/country/england,,,
DN211EJ,http://data.ordnancesurvey.co.uk/id/postcodeunit/DN211EJ,DN21 1EJ,,,,other,Postcode,482204,390563,3500,18000,,,,,,,Gainsborough,http://data.ordnancesurvey.co.uk/id/4000000074575425,http://www.ordnancesurvey.co.uk/xml/codelists/localtype.xml#town,West Lindsey,http://data.ordnancesurvey.co.uk/id/7000000000043527,http://data.ordnancesurvey.co.uk/ontology/admingeo/District,Lincolnshire,http://data.ordnancesurvey.co.uk/id/7000000000005942,http://data.ordnancesurvey.co.uk/ontology/admingeo/County,East Midlands,http://data.ordnancesurvey.co.uk/id/7000000000041423,England,http://data.ordnancesurvey.co.uk/id/country/england,,,
LN12XQ,http://data.ordnancesurvey.co.uk/id/postcodeunit/LN12XQ,LN1 2XQ,,,,other,Postcode,494802,383080,3500,18000,,,,,,,Ingham,http://data.ordnancesurvey.co.uk/id/4000000074574875,http://www.ordnancesurvey.co.uk/xml/codelists/localtype.xml#village,West Lindsey,http://data.ordnancesurvey.co.uk/id/7000000000043527,http://data.ordnancesurvey.co.uk/ontology/admingeo/District,Lincolnshire,http://data.ordnancesurvey.co.uk/id/7000000000005942,http://data.ordnancesurvey.co.uk/ontology/admingeo/County,East Midlands,http://data.ordnancesurvey.co.uk/id/7000000000041423,England,http://data.ordnancesurvey.co.uk/id/country/england,,,
DN212TT,http://data.ordnancesurvey.co.uk/id/postcodeunit/DN212TT,DN21 2TT,,,,other,Postcode,480875,390875,3500,18000,,,,,,,Gainsborough,http://data.ordnancesurvey.co.uk/id/4000000074575425,http://www.ordnancesurvey.co.uk/xml/codelists/localtype.xml#town,West Lindsey,http://data.ordnancesurvey.co.uk/id/7000000000043527,http://data.ordnancesurvey.co.uk/ontology/admingeo/District,Lincolnshire,http://data.ordnancesurvey.co.uk/id/7000000000005942,http://data.ordnancesurvey.co.uk/ontology/admingeo/County,East Midlands,http://data.ordnancesurvey.co.uk/id/7000000000041423,England,http://data.ordnancesurvey.co.uk/id/country/england,,,
DN214AY,http://data.ordnancesurvey.co.uk/id/postcodeunit/DN214AY,DN21 4AY,,,,other,Postcode,493354,397951,3500,18000,,,,,,,Kirton in Lindsey,http://data.ordnancesurvey.co.uk/id/4000000074574884,http://www.ordnancesurvey.co.uk/xml/codelists/localtype.xml#town,,,,North Lincolnshire,http://data.ordnancesurvey.co.uk/id/7000000000025623,http://data.ordnancesurvey.co.uk/ontology/admingeo/UnitaryAuthority,Yorkshire and the Humber,http://data.ordnancesurvey.co.uk/id/7000000000041430,England,http://data.ordnancesurvey.co.uk/id/country/england,,,
DN213GR,http://data.ordnancesurvey.co.uk/id/postcodeunit/DN213GR,DN21 3GR,,,,other,Postcode,484666,397574,3500,18000,,,,,,,Laughton,http://data.ordnancesurvey.co.uk/id/4000000074575722,http://www.ordnancesurvey.co.uk/xml/codelists/localtype.xml#village,West Lindsey,http://data.ordnancesurvey.co.uk/id/7000000000043527,http://data.ordnancesurvey.co.uk/ontology/admingeo/District,Lincolnshire,http://data.ordnancesurvey.co.uk/id/7000000000005942,http://data.ordnancesurvey.co.uk/ontology/admingeo/County,East Midlands,http://data.ordnancesurvey.co.uk/id/7000000000041423,England,http://data.ordnancesurvey.co.uk/id/country/england,,,
LN16BD,http://data.ordnancesurvey.co.uk/id/postcodeunit/LN16BD,LN1 6BD,,,,other,Postcode,488402,382107,3500,18000,,,,,,,Stow,http://data.ordnancesurvey.co.uk/id/4000000074574878,http://www.ordnancesurvey.co.uk/xml/codelists/localtype.xml#village,West Lindsey,http://data.ordnancesurvey.co.uk/id/7000000000043527,http://data.ordnancesurvey.co.uk/ontology/admingeo/District,Lincolnshire,http://data.ordnancesurvey.co.uk/id/7000000000005942,http://data.ordnancesurvey.co.uk/ontology/admingeo/County,East Midlands,http://data.ordnancesurvey.co.uk/id/7000000000041423,England,http://data.ordnancesurvey.co.uk/id/country/england,,,
DN215QL,http://data.ordnancesurvey.co.uk/id/postcodeunit/DN215QL,DN21 5QL,,,,other,Postcode,486961,391078,3500,18000,,,,,,,Corringham,http://data.ordnancesurvey.co.uk/id/4000000074575143,http://www.ordnancesurvey.co.uk/xml/codelists/localtype.xml#village,West Lindsey,http://data.ordnancesurvey.co.uk/id/7000000000043527,http://data.ordnancesurvey.co.uk/ontology/admingeo/District,Lincolnshire,http://data.ordnancesurvey.co.uk/id/7000000000005942,http://data.ordnancesurvey.co.uk/ontology/admingeo/County,East Midlands,http://data.ordnancesurvey.co.uk/id/7000000000041423,England,http://data.ordnancesurvey.co.uk/id/country/england,,,
DN211ET,http://data.ordnancesurvey.co.uk/id/postcodeunit/DN211ET,DN21 1ET,,,,other,Postcode,481986,390551,3500,18000,,,,,,,Gainsborough,http://data.ordnancesurvey.co.uk/id/4000000074575425,http://www.ordnancesurvey.co.uk/xml/codelists/localtype.xml#town,West Lindsey,http://data.ordnancesurvey.co.uk/id/7000000000043527,http://data.ordnancesurvey.co.uk/ontology/admingeo/District,Lincolnshire,http://data.ordnancesurvey.co.uk/id/7000000000005942,http://data.ordnancesurvey.co.uk/ontology/admingeo/County,East Midlands,http://data.ordnancesurvey.co.uk/id/7000000000041423,England,http://data.ordnancesurvey.co.uk/id/country/england,,,
DN215XT,http://data.ordnancesurvey.co.uk/id/postcodeunit/DN215XT,DN21 5XT,,,,other,Postcode,494842,389756,3500,18000,,,,,,,Hemswell Cliff,http://data.ordnancesurvey.co.uk/id/4000000074574338,http://www.ordnancesurvey.co.uk/xml/codelists/localtype.xml#village,West Lindsey,http://data.ordnancesurvey.co.uk/id/7000000000043527,http://data.ordnancesurvey.co.uk/ontology/admingeo/District,Lincolnshire,http://data.ordnancesurvey.co.uk/id/7000000000005942,http://data.ordnancesurvey.co.uk/ontology/admingeo/County,East Midlands,http://data.ordnancesurvey.co.uk/id/7000000000041423,England,http://data.ordnancesurvey.co.uk/id/country/england,,,
DN211YH,http://data.ordnancesurvey.co.uk/id/postcodeunit/DN211YH,DN21 1YH,,,,other,Postcode,482120,390749,3500,18000,,,,,,,Gainsborough,http://data.ordnancesurvey.co.uk/id/4000000074575425,http://www.ordnancesurvey.co.uk/xml/codelists/localtype.xml#town,West Lindsey,http://data.ordnancesurvey.co.uk/id/7000000000043527,http://data.ordnancesurvey.co.uk/ontology/admingeo/District,Lincolnshire,http://data.ordnancesurvey.co.uk/id/7000000000005942,http://data.ordnancesurvey.co.uk/ontology/admingeo/County,East Midlands,http://data.ordnancesurvey.co.uk/id/7000000000041423,England,http://data.ordnancesurvey.co.uk/id/country/england,,,
DN215DS,http://data.ordnancesurvey.co.uk/id/postcodeunit/DN215DS,DN21 5DS,,,,other,Postcode,490497,387266,3500,18000,,,,,,,,,,West Lindsey,http://data.ordnancesurvey.co.uk/id/7000000000043527,http://data.ordnancesurvey.co.uk/ontology/admingeo/District,Lincolnshire,http://data.ordnancesurvey.co.uk/id/7000000000005942,http://data.ordnancesurvey.co.uk/ontology/admingeo/County,East Midlands,http://data.ordnancesurvey.co.uk/id/7000000000041423,England,http://data.ordnancesurvey.co.uk/id/country/england,,,
DN212DY,http://data.ordnancesurvey.co.uk/id/postcodeunit/DN212DY,DN21 2DY,,,,other,Postcode,481498,389722,3500,18000,,,,,,,Gainsborough,http://data.ordnancesurvey.co.uk/id/4000000074575425,http://www.ordnancesurvey.co.uk/xml/codelists/localtype.xml#town,West Lindsey,http://data.ordnancesurvey.co.uk/id/7000000000043527,http://data.ordnancesurvey.co.uk/ontology/admingeo/District,Lincolnshire,http://data.ordnancesurvey.co.uk/id/7000000000005942,http://data.ordnancesurvey.co.uk/ontology/admingeo/County,East Midlands,http://data.ordnancesurvey.co.uk/id/7000000000041423,England,http://data.ordnancesurvey.co.uk/id/country/england,,,
DN211QF,http://data.ordnancesurvey.co.uk/id/postcodeunit/DN211QF,DN21 1QF,,,,other,Postcode,482381,391142,3500,18000,,,,,,,Gainsborough,http://data.ordnancesurvey.co.uk/id/4000000074575425,http://www.ordnancesurvey.co.uk/xml/codelists/localtype.xml#town,West Lindsey,http://data.ordnancesurvey.co.uk/id/7000000000043527,http://data.ordnancesurvey.co.uk/ontology/admingeo/District,Lincolnshire,http://data.ordnancesurvey.co.uk/id/7000000000005942,http://data.ordnancesurvey.co.uk/ontology/admingeo/County,East Midlands,http://data.ordnancesurvey.co.uk/id/7000000000041423,England,http://data.ordnancesurvey.co.uk/id/country/england,,,
DN211XQ,http://data.ordnancesurvey.co.uk/id/postcodeunit/DN211XQ,DN21 1XQ,,,,other,Postcode,482071,389339,3500,18000,,,,,,,Gainsborough,http://data.ordnancesurvey.co.uk/id/4000000074575425,http://www.ordnancesurvey.co.uk/xml/codelists/localtype.xml#town,West Lindsey,http://data.ordnancesurvey.co.uk/id/7000000000043527,http://data.ordnancesurvey.co.uk/ontology/admingeo/District,Lincolnshire,http://data.ordnancesurvey.co.uk/id/7000000000005942,http://data.ordnancesurvey.co.uk/ontology/admingeo/County,East Midlands,http://data.ordnancesurvey.co.uk/id/7000000000041423,England,http://data.ordnancesurvey.co.uk/id/country/england,,,
DN215EQ,http://data.ordnancesurvey.co.uk/id/postcodeunit/DN215EQ,DN21 5EQ,,,,other,Postcode,487327,391628,3500,18000,,,,,,,Corringham,http://data.ordnancesurvey.co.uk/id/4000000074575143,http://www.ordnancesurvey.co.uk/xml/codelists/localtype.xml#village,West Lindsey,http://data.ordnancesurvey.co.uk/id/7000000000043527,http://data.ordnancesurvey.co.uk/ontology/admingeo/District,Lincolnshire,http://data.ordnancesurvey.co.uk/id/7000000000005942,http://data.ordnancesurvey.co.uk/ontology/admingeo/County,East Midlands,http://data.ordnancesurvey.co.uk/id/7000000000041423,England,http://data.ordnancesurvey.co.uk/id/country/england,,,
DN213EE,http://data.ordnancesurvey.co.uk/id/postcodeunit/DN213EE,DN21 3EE,,,,other,Postcode,482690,397141,3500,18000,,,,,,,,,,West Lindsey,http://data.ordnancesurvey.co.uk/id/7000000000043527,http://data.ordnancesurvey.co.uk/ontology/admingeo/District,Lincolnshire,http://data.ordnancesurvey.co.uk/id/7000000000005942,http://data.ordnancesurvey.co.uk/ontology/admingeo/County,East Midlands,http://data.ordnancesurvey.co.uk/id/7000000000041423,England,http://data.ordnancesurvey.co.uk/id/country/england,,,
DN211AD,http://data.ordnancesurvey.co.uk/id/postcodeunit/DN211AD,DN21 1AD,,,,other,Postcode,481740,388705,3500,18000,,,,,,,Gainsborough,http://data.ordnancesurvey.co.uk/id/4000000074575425,http://www.ordnancesurvey.co.uk/xml/codelists/localtype.xml#town,West Lindsey,http://data.ordnancesurvey.co.uk/id/7000000000043527,http://data.ordnancesurvey.co.uk/ontology/admingeo/District,Lincolnshire,http://data.ordnancesurvey.co.uk/id/7000000000005942,http://data.ordnancesurvey.co.uk/ontology/admingeo/County,East Midlands,http://data.ordnancesurvey.co.uk/id/7000000000041423,England,http://data.ordnancesurvey.co.uk/id/country/england,,,
DN211BS,http://data.ordnancesurvey.co.uk/id/postcodeunit/DN211BS,DN21 1BS,,,,other,Postcode,481797,389228,3500,18000,,,,,,,Gainsborough,http://data.ordnancesurvey.co.uk/id/4000000074575425,http://www.ordnancesurvey.co.uk/xml/codelists/localtype.xml#town,West Lindsey,http://data.ordnancesurvey.co.uk/id/7000000000043527,http://data.ordnancesurvey.co.uk/ontology/admingeo/District,Lincolnshire,http://data.ordnancesurvey.co.uk/id/7000000000005942,http://data.ordnancesurvey.co.uk/ontology/admingeo/County,East Midlands,http://data.ordnancesurvey.co.uk/id/7000000000041423,England,http://data.ordnancesurvey.co.uk/id/country/england,,,
DN215QN,http://data.ordnancesurvey.co.uk/id/postcodeunit/DN215QN,DN21 5QN,,,,other,Postcode,486838,391059,3500,18000,,,,,,,Corringham,http://data.ordnancesurvey.co.uk/id/4000000074575143,http://www.ordnancesurvey.co.uk/xml/codelists/localtype.xml#village,West Lindsey,http://data.ordnancesurvey.co.uk/id/7000000000043527,http://data.ordnancesurvey.co.uk/ontology/admingeo/District,Lincolnshire,http://data.ordnancesurvey.co.uk/id/7000000000005942,http://data.ordnancesurvey.co.uk/ontology/admingeo/County,East Midlands,http://data.ordnancesurvey.co.uk/id/7000000000041423,England,http://data.ordnancesurvey.co.uk/id/country/england,,,
DN215AP,http://data.ordnancesurvey.co.uk/id/postcodeunit/DN215AP,DN21 5AP,,,,other,Postcode,483746,381737,3500,18000,,,,,,,Marton,http://data.ordnancesurvey.co.uk/id/4000000074577537,http://www.ordnancesurvey.co.uk/xml/codelists/localtype.xml#village,West Lindsey,http://data.ordnancesurvey.co.uk/id/7000000000043527,http://data.ordnancesurvey.co.uk/ontology/admingeo/District,Lincolnshire,http://data.ordnancesurvey.co.uk/id/7000000000005942,http://data.ordnancesurvey.co.uk/ontology/admingeo/County,East Midlands,http://data.ordnancesurvey.co.uk/id/7000000000041423,England,http://data.ordnancesurvey.co.uk/id/country/england,,,
DN212NY,http://data.ordnancesurvey.co.uk/id/postcodeunit/DN212NY,DN21 2NY,,,,other,Postcode,481059,390689,3500,18000,,,,,,,Gainsborough,http://data.ordnancesurvey.co.uk/id/4000000074575425,http://www.ordnancesurvey.co.uk/xml/codelists/localtype.xml#town,West Lindsey,http://data.ordnancesurvey.co.uk/id/7000000000043527,http://data.ordnancesurvey.co.uk/ontology/admingeo/District,Lincolnshire,http://data.ordnancesurvey.co.uk/id/7000000000005942,http://data.ordnancesurvey.co.uk/ontology/admingeo/County,East Midlands,http://data.ordnancesurvey.co.uk/id/7000000000041423,England,http://data.ordnancesurvey.co.uk/id/country/england,,,
DN214LJ,http://data.ordnancesurvey.co.uk/id/postcodeunit/DN214LJ,DN21 4LJ,,,,other,Postcode,494113,398879,3500,18000,,,,,,,Kirton in Lindsey,http://data.ordnancesurvey.co.uk/id/4000000074574884,http://www.ordnancesurvey.co.uk/xml/codelists/localtype.xml#town,,,,North Lincolnshire,http://data.ordnancesurvey.co.uk/id/7000000000025623,http://data.ordnancesurvey.co.uk/ontology/admingeo/UnitaryAuthority,Yorkshire and the Humber,http://data.ordnancesurvey.co.uk/id/7000000000041430,England,http://data.ordnancesurvey.co.uk/id/country/england,,,
DN212NU,http://data.ordnancesurvey.co.uk/id/postcodeunit/DN212NU,DN21 2NU,,,,other,Postcode,481042,390370,3500,18000,,,,,,,Gainsborough,http://data.ordnancesurvey.co.uk/id/4000000074575425,http://www.ordnancesurvey.co.uk/xml/codelists/localtype.xml#town,West Lindsey,http://data.ordnancesurvey.co.uk/id/7000000000043527,http://data.ordnancesurvey.co.uk/ontology/admingeo/District,Lincolnshire,http://data.ordnancesurvey.co.uk/id/7000000000005942,http://data.ordnancesurvey.co.uk/ontology/admingeo/County,East Midlands,http://data.ordnancesurvey.co.uk/id/7000000000041423,England,http://data.ordnancesurvey.co.uk/id/country/england,,,
DN211SY,http://data.ordnancesurvey.co.uk/id/postcodeunit/DN211SY,DN21 1SY,,,,other,Postcode,482946,389819,3500,18000,,,,,,,Gainsborough,http://data.ordnancesurvey.co.uk/id/4000000074575425,http://www.ordnancesurvey.co.uk/xml/codelists/localtype.xml#town,West Lindsey,http://data.ordnancesurvey.co.uk/id/7000000000043527,http://data.ordnancesurvey.co.uk/ontology/admingeo/District,Lincolnshire,http://data.ordnancesurvey.co.uk/id/7000000000005942,http://data.ordnancesurvey.co.uk/ontology/admingeo/County,East Midlands,http://data.ordnancesurvey.co.uk/id/7000000000041423,England,http://data.ordnancesurvey.co.uk/id/country/england,,,
DN211PB,http://data.ordnancesurvey.co.uk/id/postcodeunit/DN211PB,DN21 1PB,,,,other,Postcode,482818,390943,3500,18000,,,,,,,Gainsborough,http://data.ordnancesurvey.co.uk/id/4000000074575425,http://www.ordnancesurvey.co.uk/xml/codelists/localtype.xml#town,West Lindsey,http://data.ordnancesurvey.co.uk/id/7000000000043527,http://data.ordnancesurvey.co.uk/ontology/admingeo/District,Lincolnshire,http://data.ordnancesurvey.co.uk/id/7000000000005942,http://data.ordnancesurvey.co.uk/ontology/admingeo/County,East Midlands,http://data.ordnancesurvey.co.uk/id/7000000000041423,England,http://data.ordnancesurvey.co.uk/id/country/england,,,
DN211JT,http://data.ordnancesurvey.co.uk/id/postcodeunit/DN211JT,DN21 1JT,,,,other,Postcode,481575,389161,3500,18000,,,,,,,Gainsborough,http://data.ordnancesurvey.co.uk/id/4000000074575425,http://www.ordnancesurvey.co.uk/xml/codelists/localtype.xml#town,West Lindsey,http://data.ordnancesurvey.co.uk/id/7000000000043527,http://data.ordnancesurvey.co.uk/ontology/admingeo/District,Lincolnshire,http://data.ordnancesurvey.co.uk/id/7000000000005942,http://data.ordnancesurvey.co.uk/ontology/admingeo/County,East Midlands,http://data.ordnancesurvey.co.uk/id/7000000000041423,England,http://data.ordnancesurvey.co.uk/id/country/england,,,
DN214RG,http://data.ordnancesurvey.co.uk/id/postcodeunit/DN214RG,DN21 4RG,,,,other,Postcode,498323,399831,3500,18000,,,,,,,,,,,,,North Lincolnshire,http://data.ordnancesurvey.co.uk/id/7000000000025623,http://data.ordnancesurvey.co.uk/ontology/admingeo/UnitaryAuthority,Yorkshire and the Humber,http://data.ordnancesurvey.co.uk/id/7000000000041430,England,http://data.ordnancesurvey.co.uk/id/country/england,,,
LN82EY,http://data.ordnancesurvey.co.uk/id/postcodeunit/LN82EY,LN8 2EY,,,,other,Postcode,499935,391081,3500,18000,,,,,,,Glentham,http://data.ordnancesurvey.co.uk/id/4000000074550243,http://www.ordnancesurvey.co.uk/xml/codelists/localtype.xml#village,West Lindsey,http://data.ordnancesurvey.co.uk/id/7000000000043527,http://data.ordnancesurvey.co.uk/ontology/admingeo/District,Lincolnshire,http://data.ordnancesurvey.co.uk/id/7000000000005942,http://data.ordnancesurvey.co.uk/ontology/admingeo/County,East Midlands,http://data.ordnancesurvey.co.uk/id/7000000000041423,England,http://data.ordnancesurvey.co.uk/id/country/england,,,
DN214PH,http://data.ordnancesurvey.co.uk/id/postcodeunit/DN214PH,DN21 4PH,,,,other,Postcode,493548,398612,3500,18000,,,,,,,Kirton in Lindsey,http://data.ordnancesurvey.co.uk/id/4000000074574884,http://www.ordnancesurvey.co.uk/xml/codelists/localtype.xml#town,,,,North Lincolnshire,http://data.ordnancesurvey.co.uk/id/7000000000025623,http://data.ordnancesurvey.co.uk/ontology/admingeo/UnitaryAuthority,Yorkshire and the Humber,http://data.ordnancesurvey.co.uk/id/7000000000041430,England,http://data.ordnancesurvey.co.uk/id/country/england,,,
DN211UE,http://data.ordnancesurvey.co.uk/id/postcodeunit/DN211UE,DN21 1UE,,,,other,Postcode,482653,389486,3500,18000,,,,,,,Gainsborough,http://data.ordnancesurvey.co.uk/id/4000000074575425,http://www.ordnancesurvey.co.uk/xml/codelists/localtype.xml#town,West Lindsey,http://data.ordnancesurvey.co.uk/id/7000000000043527,http://data.ordnancesurvey.co.uk/ontology/admingeo/District,Lincolnshire,http://data.ordnancesurvey.co.uk/id/7000000000005942,http://data.ordnancesurvey.co.uk/ontology/admingeo/County,East Midlands,http://data.ordnancesurvey.co.uk/id/7000000000041423,England,http://data.ordnancesurvey.co.uk/id/country/england,,,
DN211ZS,http://data.ordnancesurvey.co.uk/id/postcodeunit/DN211ZS,DN21 1ZS,,,,other,Postcode,482738,390813,3500,18000,,,,,,,Gainsborough,http://data.ordnancesurvey.co.uk/id/4000000074575425,http://www.ordnancesurvey.co.uk/xml/codelists/localtype.xml#town,West Lindsey,http://data.ordnancesurvey.co.uk/id/7000000000043527,http://data.ordnancesurvey.co.uk/ontology/admingeo/District,Lincolnshire,http://data.ordnancesurvey.co.uk/id/7000000000005942,http://data.ordnancesurvey.co.uk/ontology/admingeo/County,East Midlands,http://data.ordnancesurvey.co.uk/id/7000000000041423,England,http://data.ordnancesurvey.co.uk/id/country/england,,,
DN212RA,http://data.ordnancesurvey.co.uk/id/postcodeunit/DN212RA,DN21 2RA,,,,other,Postcode,481472,390736,3500,18000,,,,,,,Gainsborough,http://data.ordnancesurvey.co.uk/id/4000000074575425,http://www.ordnancesurvey.co.uk/xml/codelists/localtype.xml#town,West Lindsey,http://data.ordnancesurvey.co.uk/id/7000000000043527,http://data.ordnancesurvey.co.uk/ontology/admingeo/District,Lincolnshire,http://data.ordnancesurvey.co.uk/id/7000000000005942,http://data.ordnancesurvey.co.uk/ontology/admingeo/County,East Midlands,http://data.ordnancesurvey.co.uk/id/7000000000041423,England,http://data.ordnancesurvey.co.uk/id/country/england,,,
DN213NE,http://data.ordnancesurvey.co.uk/id/postcodeunit/DN213NE,DN21 3NE,,,,other,Postcode,485003,394572,3500,18000,,,,,,,Blyton,http://data.ordnancesurvey.co.uk/id/4000000074575429,http://www.ordnancesurvey.co.uk/xml/codelists/localtype.xml#village,West Lindsey,http://data.ordnancesurvey.co.uk/id/7000000000043527,http://data.ordnancesurvey.co.uk/ontology/admingeo/District,Lincolnshire,http://data.ordnancesurvey.co.uk/id/7000000000005942,http://data.ordnancesurvey.co.uk/ontology/admingeo/County,East Midlands,http://data.ordnancesurvey.co.uk/id/7000000000041423,England,http://data.ordnancesurvey.co.uk/id/country/england,,,
LN12BZ,http://data.ordnancesurvey.co.uk/id/postcodeunit/LN12BZ,LN1 2BZ,,,,other,Postcode,488751,381225,3500,18000,,,,,,,Sturton by Stow,http://data.ordnancesurvey.co.uk/id/4000000074574600,http://www.ordnancesurvey.co.uk/xml/codelists/localtype.xml#village,West Lindsey,http://data.ordnancesurvey.co.uk/id/7000000000043527,http://data.ordnancesurvey.co.uk/ontology/admingeo/District,Lincolnshire,http://data.ordnancesurvey.co.uk/id/7000000000005942,http://data.ordnancesurvey.co.uk/ontology/admingeo/County,East Midlands,http://data.ordnancesurvey.co.uk/id/7000000000041423,England,http://data.ordnancesurvey.co.uk/id/country/england,,,
DN91RP,http://data.ordnancesurvey.co.uk/id/postcodeunit/DN91RP,DN9 1RP,,,,other,Postcode,481292,399668,3500,18000,,,,,,,Owston Ferry,http://data.ordnancesurvey.co.uk/id/4000000074575724,http://www.ordnancesurvey.co.uk/xml/codelists/localtype.xml#village,,,,North Lincolnshire,http://data.ordnancesurvey.co.uk/id/7000000000025623,http://data.ordnancesurvey.co.uk/ontology/admingeo/UnitaryAuthority,Yorkshire and the Humber,http://data.ordnancesurvey.co.uk/id/7000000000041430,England,http://data.ordnancesurvey.co.uk/id/country/england,,,
LN12WE,http://data.ordnancesurvey.co.uk/id/postcodeunit/LN12WE,LN1 2WE,,,,other,Postcode,495940,382915,3500,18000,,,,,,,,,,West Lindsey,http://data.ordnancesurvey.co.uk/id/7000000000043527,http://data.ordnancesurvey.co.uk/ontology/admingeo/District,Lincolnshire,http://data.ordnancesurvey.co.uk/id/7000000000005942,http://data.ordnancesurvey.co.uk/ontology/admingeo/County,East Midlands,http://data.ordnancesurvey.co.uk/id/7000000000041423,England,http://data.ordnancesurvey.co.uk/id/country/england,,,
DN215LT,http://data.ordnancesurvey.co.uk/id/postcodeunit/DN215LT,DN21 5LT,,,,other,Postcode,483026,384737,3500,18000,,,,,,,Knaith,http://data.ordnancesurvey.co.uk/id/4000000074578004,http://www.ordnancesurvey.co.uk/xml/codelists/localtype.xml#hamlet,West Lindsey,http://data.ordnancesurvey.co.uk/id/7000000000043527,http://data.ordnancesurvey.co.uk/ontology/admingeo/District,Lincolnshire,http://data.ordnancesurvey.co.uk/id/7000000000005942,http://data.ordnancesurvey.co.uk/ontology/admingeo/County,East Midlands,http://data.ordnancesurvey.co.uk/id/7000000000041423,England,http://data.ordnancesurvey.co.uk/id/country/england,,,
DN215DP,http://data.ordnancesurvey.co.uk/id/postcodeunit/DN215DP,DN21 5DP,,,,other,Postcode,492413,387206,3500,18000,,,,,,,,,,West Lindsey,http://data.ordnancesurvey.co.uk/id/7000000000043527,http://data.ordnancesurvey.co.uk/ontology/admingeo/District,Lincolnshire,http://data.ordnancesurvey.co.uk/id/7000000000005942,http://data.ordnancesurvey.co.uk/ontology/admingeo/County,East Midlands,http://data.ordnancesurvey.co.uk/id/7000000000041423,England,http://data.ordnancesurvey.co.uk/id/country/england,,,
DN213NR,http://data.ordnancesurvey.co.uk/id/postcodeunit/DN213NR,DN21 3NR,,,,other,Postcode,485342,393897,3500,18000,,,,,,,,,,West Lindsey,http://data.ordnancesurvey.co.uk/id/7000000000043527,http://data.ordnancesurvey.co.uk/ontology/admingeo/District,Lincolnshire,http://data.ordnancesurvey.co.uk/id/7000000000005942,http://data.ordnancesurvey.co.uk/ontology/admingeo/County,East Midlands,http://data.ordnancesurvey.co.uk/id/7000000000041423,England,http://data.ordnancesurvey.co.uk/id/country/england,,,
LN12XX,http://data.ordnancesurvey.co.uk/id/postcodeunit/LN12XX,LN1 2XX,,,,other,Postcode,494580,383533,3500,18000,,,,,,,Ingham,http://data.ordnancesurvey.co.uk/id/4000000074574875,http://www.ordnancesurvey.co.uk/xml/codelists/localtype.xml#village,West Lindsey,http://data.ordnancesurvey.co.uk/id/7000000000043527,http://data.ordnancesurvey.co.uk/ontology/admingeo/District,Lincolnshire,http://data.ordnancesurvey.co.uk/id/7000000000005942,http://data.ordnancesurvey.co.uk/ontology/admingeo/County,East Midlands,http://data.ordnancesurvey.co.uk/id/7000000000041423,England,http://data.ordnancesurvey.co.uk/id/country/england,,,
DN211PE,http://data.ordnancesurvey.co.uk/id/postcodeunit/DN211PE,DN21 1PE,,,,other,Postcode,482484,390381,3500,18000,,,,,,,Gainsborough,http://data.ordnancesurvey.co.uk/id/4000000074575425,http://www.ordnancesurvey.co.uk/xml/codelists/localtype.xml#town,West Lindsey,http://data.ordnancesurvey.co.uk/id/7000000000043527,http://data.ordnancesurvey.co.uk/ontology/admingeo/District,Lincolnshire,http://data.ordnancesurvey.co.uk/id/7000000000005942,http://data.ordnancesurvey.co.uk/ontology/admingeo/County,East Midlands,http://data.ordnancesurvey.co.uk/id/7000000000041423,England,http://data.ordnancesurvey.co.uk/id/country/england,,,
DN211ZD,http://data.ordnancesurvey.co.uk/id/postcodeunit/DN211ZD,DN21 1ZD,,,,other,Postcode,482858,388628,3500,18000,,,,,,,Gainsborough,http://data.ordnancesurvey.co.uk/id/4000000074575425,http://www.ordnancesurvey.co.uk/xml/codelists/localtype.xml#town,West Lindsey,http://data.ordnancesurvey.co.uk/id/7000000000043527,http://data.ordnancesurvey.co.uk/ontology/admingeo/District,Lincolnshire,http://data.ordnancesurvey.co.uk/id/7000000000005942,http://data.ordnancesurvey.co.uk/ontology/admingeo/County,East Midlands,http://data.ordnancesurvey.co.uk/id/7000000000041423,England,http://data.ordnancesurvey.co.uk/id/country/england,,,
DN211WF,http://data.ordnancesurvey.co.uk/id/postcodeunit/DN211WF,DN21 1WF,,,,other,Postcode,482636,390463,3500,18000,,,,,,,Gainsborough,http://data.ordnancesurvey.co.uk/id/4000000074575425,http://www.ordnancesurvey.co.uk/xml/codelists/localtype.xml#town,West Lindsey,http://data.ordnancesurvey.co.uk/id/7000000000043527,http://data.ordnancesurvey.co.uk/ontology/admingeo/District,Lincolnshire,http://data.ordnancesurvey.co.uk/id/7000000000005942,http://data.ordnancesurvey.co.uk/ontology/admingeo/County,East Midlands,http://data.ordnancesurvey.co.uk/id/7000000000041423,England,http://data.ordnancesurvey.co.uk/id/country/england,,,
DN211HQ,http://data.ordnancesurvey.co.uk/id/postcodeunit/DN211HQ,DN21 1HQ,,,,other,Postcode,482099,390160,3500,18000,,,,,,,Gainsborough,http://data.ordnancesurvey.co.uk/id/4000000074575425,http://www.ordnancesurvey.co.uk/xml/codelists/localtype.xml#town,West Lindsey,http://data.ordnancesurvey.co.uk/id/7000000000043527,http://data.ordnancesurvey.co.uk/ontology/admingeo/District,Lincolnshire,http://data.ordnancesurvey.co.uk/id/7000000000005942,http://data.ordnancesurvey.co.uk/ontology/admingeo/County,East Midlands,http://data.ordnancesurvey.co.uk/id/7000000000041423,England,http://data.ordnancesurvey.co.uk/id/country/england,,,
LN12DQ,http://data.ordnancesurvey.co.uk/id/postcodeunit/LN12DQ,LN1 2DQ,,,,other,Postcode,488360,382030,3500,18000,,,,,,,Stow,http://data.ordnancesurvey.co.uk/id/4000000074574878,http://www.ordnancesurvey.co.uk/xml/codelists/localtype.xml#village,West Lindsey,http://data.ordnancesurvey.co.uk/id/7000000000043527,http://data.ordnancesurvey.co.uk/ontology/admingeo/District,Lincolnshire,http://data.ordnancesurvey.co.uk/id/7000000000005942,http://data.ordnancesurvey.co.uk/ontology/admingeo/County,East Midlands,http://data.ordnancesurvey.co.uk/id/7000000000041423,England,http://data.ordnancesurvey.co.uk/id/country/england,,,
DN214FF,http://data.ordnancesurvey.co.uk/id/postcodeunit/DN214FF,DN21 4FF,,,,other,Postcode,493623,399142,3500,18000,,,,,,,Kirton in Lindsey,http://data.ordnancesurvey.co.uk/id/4000000074574884,http://www.ordnancesurvey.co.uk/xml/codelists/localtype.xml#town,,,,North Lincolnshire,http://data.ordnancesurvey.co.uk/id/7000000000025623,http://data.ordnancesurvey.co.uk/ontology/admingeo/UnitaryAuthority,Yorkshire and the Humber,http://data.ordnancesurvey.co.uk/id/7000000000041430,England,http://data.ordnancesurvey.co.uk/id/country/england,,,
DN215JB,http://data.ordnancesurvey.co.uk/id/postcodeunit/DN215JB,DN21 5JB,,,,other,Postcode,484242,387335,3500,18000,,,,,,,,,,West Lindsey,http://data.ordnancesurvey.co.uk/id/7000000000043527,http://data.ordnancesurvey.co.uk/ontology/admingeo/District,Lincolnshire,http://data.ordnancesurvey.co.uk/id/7000000000005942,http://data.ordnancesurvey.co.uk/ontology/admingeo/County,East Midlands,http://data.ordnancesurvey.co.uk/id/7000000000041423,England,http://data.ordnancesurvey.co.uk/id/country/england,,,
DN211NH,http://data.ordnancesurvey.co.uk/id/postcodeunit/DN211NH,DN21 1NH,,,,other,Postcode,482528,389082,3500,18000,,,,,,,Gainsborough,http://data.ordnancesurvey.co.uk/id/4000000074575425,http://www.ordnancesurvey.co.uk/xml/codelists/localtype.xml#town,West Lindsey,http://data.ordnancesurvey.co.uk/id/7000000000043527,http://data.ordnancesurvey.co.uk/ontology/admingeo/District,Lincolnshire,http://data.ordnancesurvey.co.uk/id/7000000000005942,http://data.ordnancesurvey.co.uk/ontology/admingeo/County,East Midlands,http://data.ordnancesurvey.co.uk/id/7000000000041423,England,http://data.ordnancesurvey.co.uk/id/country/england,,,
DN214TU,http://data.ordnancesurvey.co.uk/id/postcodeunit/DN214TU,DN21 4TU,,,,other,Postcode,498580,394766,3500,18000,,,,,,,Snitterby,http://data.ordnancesurvey.co.uk/id/4000000074574606,http://www.ordnancesurvey.co.uk/xml/codelists/localtype.xml#village,West Lindsey,http://data.ordnancesurvey.co.uk/id/7000000000043527,http://data.ordnancesurvey.co.uk/ontology/admingeo/District,Lincolnshire,http://data.ordnancesurvey.co.uk/id/7000000000005942,http://data.ordnancesurvey.co.uk/ontology/admingeo/County,East Midlands,http://data.ordnancesurvey.co.uk/id/7000000000041423,England,http://data.ordnancesurvey.co.uk/id/country/england,,,
DN212QE,http://data.ordnancesurvey.co.uk/id/postcodeunit/DN212QE,DN21 2QE,,,,other,Postcode,481519,390903,3500,18000,,,,,,,Gainsborough,http://data.ordnancesurvey.co.uk/id/4000000074575425,http://www.ordnancesurvey.co.uk/xml/codelists/localtype.xml#town,West Lindsey,http://data.ordnancesurvey.co.uk/id/7000000000043527,http://data.ordnancesurvey.co.uk/ontology/admingeo/District,Lincolnshire,http://data.ordnancesurvey.co.uk/id/7000000000005942,http://data.ordnancesurvey.co.uk/ontology/admingeo/County,East Midlands,http://data.ordnancesurvey.co.uk/id/7000000000041423,England,http://data.ordnancesurvey.co.uk/id/country/england,,,
DN211BB,http://data.ordnancesurvey.co.uk/id/postcodeunit/DN211BB,DN21 1BB,,,,other,Postcode,482146,387833,3500,18000,,,,,,,Gainsborough,http://data.ordnancesurvey.co.uk/id/4000000074575425,http://www.ordnancesurvey.co.uk/xml/codelists/localtype.xml#town,West Lindsey,http://data.ordnancesurvey.co.uk/id/7000000000043527,http://data.ordnancesurvey.co.uk/ontology/admingeo/District,Lincolnshire,http://data.ordnancesurvey.co.uk/id/7000000000005942,http://data.ordnancesurvey.co.uk/ontology/admingeo/County,East Midlands,http://data.ordnancesurvey.co.uk/id/7000000000041423,England,http://data.ordnancesurvey.co.uk/id/country/england,,,
DN214UW,http://data.ordnancesurvey.co.uk/id/postcodeunit/DN214UW,DN21 4UW,,,,other,Postcode,499819,396428,3500,18000,,,,,,,,,,West Lindsey,http://data.ordnancesurvey.co.uk/id/7000000000043527,http://data.ordnancesurvey.co.uk/ontology/admingeo/District,Lincolnshire,http://data.ordnancesurvey.co.uk/id/7000000000005942,http://data.ordnancesurvey.co.uk/ontology/admingeo/County,East Midlands,http://data.ordnancesurvey.co.uk/id/7000000000041423,England,http://data.ordnancesurvey.co.uk/id/country/england,,,
DN215HW,http://data.ordnancesurvey.co.uk/id/postcodeunit/DN215HW,DN21 5HW,,,,other,Postcode,482823,386691,3500,18000,,,,,,,Lea,http://data.ordnancesurvey.co.uk/id/4000000074578253,http://www.ordnancesurvey.co.uk/xml/codelists/localtype.xml#village,West Lindsey,http://data.ordnancesurvey.co.uk/id/7000000000043527,http://data.ordnancesurvey.co.uk/ontology/admingeo/District,Lincolnshire,http://data.ordnancesurvey.co.uk/id/7000000000005942,http://data.ordnancesurvey.co.uk/ontology/admingeo/County,East Midlands,http://data.ordnancesurvey.co.uk/id/7000000000041423,England,http://data.ordnancesurvey.co.uk/id/country/england,,,
DN213QH,http://data.ordnancesurvey.co.uk/id/postcodeunit/DN213QH,DN21 3QH,,,,other,Postcode,488754,398847,3500,18000,,,,,,,Scotton,http://data.ordnancesurvey.co.uk/id/4000000074575140,http://www.ordnancesurvey.co.uk/xml/codelists/localtype.xml#village,West Lindsey,http://data.ordnancesurvey.co.uk/id/7000000000043527,http://data.ordnancesurvey.co.uk/ontology/admingeo/District,Lincolnshire,http://data.ordnancesurvey.co.uk/id/7000000000005942,http://data.ordnancesurvey.co.uk/ontology/admingeo/County,East Midlands,http://data.ordnancesurvey.co.uk/id/7000000000041423,England,http://data.ordnancesurvey.co.uk/id/country/england,,,
DN215DG,http://data.ordnancesurvey.co.uk/id/postcodeunit/DN215DG,DN21 5DG,,,,other,Postcode,494550,388003,3500,18000,,,,,,,Glentworth,http://data.ordnancesurvey.co.uk/id/4000000074574337,http://www.ordnancesurvey.co.uk/xml/codelists/localtype.xml#village,West Lindsey,http://data.ordnancesurvey.co.uk/id/7000000000043527,http://data.ordnancesurvey.co.uk/ontology/admingeo/District,Lincolnshire,http://data.ordnancesurvey.co.uk/id/7000000000005942,http://data.ordnancesurvey.co.uk/ontology/admingeo/County,East Midlands,http://data.ordnancesurvey.co.uk/id/7000000000041423,England,http://data.ordnancesurvey.co.uk/id/country/england,,,
DN214PE,http://data.ordnancesurvey.co.uk/id/postcodeunit/DN214PE,DN21 4PE,,,,other,Postcode,493544,398541,3500,18000,,,,,,,Kirton in Lindsey,http://data.ordnancesurvey.co.uk/id/4000000074574884,http://www.ordnancesurvey.co.uk/xml/codelists/localtype.xml#town,,,,North Lincolnshire,http://data.ordnancesurvey.co.uk/id/7000000000025623,http://data.ordnancesurvey.co.uk/ontology/admingeo/UnitaryAuthority,Yorkshire and the Humber,http://data.ordnancesurvey.co.uk/id/7000000000041430,England,http://data.ordnancesurvey.co.uk/id/country/england,,,
DN215FP,http://data.ordnancesurvey.co.uk/id/postcodeunit/DN215FP,DN21 5FP,,,,other,Postcode,487041,386993,3500,18000,,,,,,,Upton,http://data.ordnancesurvey.co.uk/id/4000000074578003,http://www.ordnancesurvey.co.uk/xml/codelists/localtype.xml#village,West Lindsey,http://data.ordnancesurvey.co.uk/id/7000000000043527,http://data.ordnancesurvey.co.uk/ontology/admingeo/District,Lincolnshire,http://data.ordnancesurvey.co.uk/id/7000000000005942,http://data.ordnancesurvey.co.uk/ontology/admingeo/County,East Midlands,http://data.ordnancesurvey.co.uk/id/7000000000041423,England,http://data.ordnancesurvey.co.uk/id/country/england,,,
DN214AZ,http://data.ordnancesurvey.co.uk/id/postcodeunit/DN214AZ,DN21 4AZ,,,,other,Postcode,493096,399160,3500,18000,,,,,,,Kirton in Lindsey,http://data.ordnancesurvey.co.uk/id/4000000074574884,http://www.ordnancesurvey.co.uk/xml/codelists/localtype.xml#town,,,,North Lincolnshire,http://data.ordnancesurvey.co.uk/id/7000000000025623,http://data.ordnancesurvey.co.uk/ontology/admingeo/UnitaryAuthority,Yorkshire and the Humber,http://data.ordnancesurvey.co.uk/id/7000000000041430,England,http://data.ordnancesurvey.co.uk/id/country/england,,,
DN215RT,http://data.ordnancesurvey.co.uk/id/postcodeunit/DN215RT,DN21 5RT,,,,other,Postcode,492913,393336,3500,18000,,,,,,,Willoughton,http://data.ordnancesurvey.co.uk/id/4000000074574604,http://www.ordnancesurvey.co.uk/xml/codelists/localtype.xml#village,West Lindsey,http://data.ordnancesurvey.co.uk/id/7000000000043527,http://data.ordnancesurvey.co.uk/ontology/admingeo/District,Lincolnshire,http://data.ordnancesurvey.co.uk/id/7000000000005942,http://data.ordnancesurvey.co.uk/ontology/admingeo/County,East Midlands,http://data.ordnancesurvey.co.uk/id/7000000000041423,England,http://data.ordnancesurvey.co.uk/id/country/england,,,
DN211DW,http://data.ordnancesurvey.co.uk/id/postcodeunit/DN211DW,DN21 1DW,,,,other,Postcode,481835,388901,3500,18000,,,,,,,Gainsborough,http://data.ordnancesurvey.co.uk/id/4000000074575425,http://www.ordnancesurvey.co.uk/xml/codelists/localtype.xml#town,West Lindsey,http://data.ordnancesurvey.co.uk/id/7000000000043527,http://data.ordnancesurvey.co.uk/ontology/admingeo/District,Lincolnshire,http://data.ordnancesurvey.co.uk/id/7000000000005942,http://data.ordnancesurvey.co.uk/ontology/admingeo/County,East Midlands,http://data.ordnancesurvey.co.uk/id/7000000000041423,England,http://data.ordnancesurvey.co.uk/id/country/england,,,
DN214DW,http://data.ordnancesurvey.co.uk/id/postcodeunit/DN214DW,DN21 4DW,,,,other,Postcode,493559,398445,3500,18000,,,,,,,Kirton in Lindsey,http://data.ordnancesurvey.co.uk/id/4000000074574884,http://www.ordnancesurvey.co.uk/xml/codelists/localtype.xml#town,,,,North Lincolnshire,http://data.ordnancesurvey.co.uk/id/7000000000025623,http://data.ordnancesurvey.co.uk/ontology/admingeo/UnitaryAuthority,Yorkshire and the Humber,http://data.ordnancesurvey.co.uk/id/7000000000041430,England,http://data.ordnancesurvey.co.uk/id/country/england,,,
DN212BY,http://data.ordnancesurvey.co.uk/id/postcodeunit/DN212BY,DN21 2BY,,,,other,Postcode,481453,389875,3500,18000,,,,,,,Gainsborough,http://data.ordnancesurvey.co.uk/id/4000000074575425,http://www.ordnancesurvey.co.uk/xml/codelists/localtype.xml#town,West Lindsey,http://data.ordnancesurvey.co.uk/id/7000000000043527,http://data.ordnancesurvey.co.uk/ontology/admingeo/District,Lincolnshire,http://data.ordnancesurvey.co.uk/id/7000000000005942,http://data.ordnancesurvey.co.uk/ontology/admingeo/County,East Midlands,http://data.ordnancesurvey.co.uk/id/7000000000041423,England,http://data.ordnancesurvey.co.uk/id/country/england,,,
DN214DE,http://data.ordnancesurvey.co.uk/id/postcodeunit/DN214DE,DN21 4DE,,,,other,Postcode,493319,398614,3500,18000,,,,,,,Kirton in Lindsey,http://data.ordnancesurvey.co.uk/id/4000000074574884,http://www.ordnancesurvey.co.uk/xml/codelists/localtype.xml#town,,,,North Lincolnshire,http://data.ordnancesurvey.co.uk/id/7000000000025623,http://data.ordnancesurvey.co.uk/ontology/admingeo/UnitaryAuthority,Yorkshire and the Humber,http://data.ordnancesurvey.co.uk/id/7000000000041430,England,http://data.ordnancesurvey.co.uk/id/country/england,,,
DN211TP,http://data.ordnancesurvey.co.uk/id/postcodeunit/DN211TP,DN21 1TP,,,,other,Postcode,481979,391090,3500,18000,,,,,,,Gainsborough,http://data.ordnancesurvey.co.uk/id/4000000074575425,http://www.ordnancesurvey.co.uk/xml/codelists/localtype.xml#town,West Lindsey,http://data.ordnancesurvey.co.uk/id/7000000000043527,http://data.ordnancesurvey.co.uk/ontology/admingeo/District,Lincolnshire,http://data.ordnancesurvey.co.uk/id/7000000000005942,http://data.ordnancesurvey.co.uk/ontology/admingeo/County,East Midlands,http://data.ordnancesurvey.co.uk/id/7000000000041423,England,http://data.ordnancesurvey.co.uk/id/country/england,,,
DN211BW,http://data.ordnancesurvey.co.uk/id/postcodeunit/DN211BW,DN21 1BW,,,,other,Postcode,481746,389263,3500,18000,,,,,,,Gainsborough,http://data.ordnancesurvey.co.uk/id/4000000074575425,http://www.ordnancesurvey.co.uk/xml/codelists/localtype.xml#town,West Lindsey,http://data.ordnancesurvey.co.uk/id/7000000000043527,http://data.ordnancesurvey.co.uk/ontology/admingeo/District,Lincolnshire,http://data.ordnancesurvey.co.uk/id/7000000000005942,http://data.ordnancesurvey.co.uk/ontology/admingeo/County,East Midlands,http://data.ordnancesurvey.co.uk/id/7000000000041423,England,http://data.ordnancesurvey.co.uk/id/country/england,,,
DN211HH,http://data.ordnancesurvey.co.uk/id/postcodeunit/DN211HH,DN21 1HH,,,,other,Postcode,481927,390132,3500,18000,,,,,,,Gainsborough,http://data.ordnancesurvey.co.uk/id/4000000074575425,http://www.ordnancesurvey.co.uk/xml/codelists/localtype.xml#town,West Lindsey,http://data.ordnancesurvey.co.uk/id/7000000000043527,http://data.ordnancesurvey.co.uk/ontology/admingeo/District,Lincolnshire,http://data.ordnancesurvey.co.uk/id/7000000000005942,http://data.ordnancesurvey.co.uk/ontology/admingeo/County,East Midlands,http://data.ordnancesurvey.co.uk/id/7000000000041423,England,http://data.ordnancesurvey.co.uk/id/country/england,,,
DN213LJ,http://data.ordnancesurvey.co.uk/id/postcodeunit/DN213LJ,DN21 3LJ,,,,other,Postcode,484552,394274,3500,18000,,,,,,,Blyton,http://data.ordnancesurvey.co.uk/id/4000000074575429,http://www.ordnancesurvey.co.uk/xml/codelists/localtype.xml#village,West Lindsey,http://data.ordnancesurvey.co.uk/id/7000000000043527,http://data.ordnancesurvey.co.uk/ontology/admingeo/District,Lincolnshire,http://data.ordnancesurvey.co.uk/id/7000000000005942,http://data.ordnancesurvey.co.uk/ontology/admingeo/County,East Midlands,http://data.ordnancesurvey.co.uk/id/7000000000041423,England,http://data.ordnancesurvey.co.uk/id/country/england,,,
LN12ZP,http://data.ordnancesurvey.co.uk/id/postcodeunit/LN12ZP,LN1 2ZP,,,,other,Postcode,488912,381260,3500,18000,,,,,,,Sturton by Stow,http://data.ordnancesurvey.co.uk/id/4000000074574600,http://www.ordnancesurvey.co.uk/xml/codelists/localtype.xml#village,West Lindsey,http://data.ordnancesurvey.co.uk/id/7000000000043527,http://data.ordnancesurvey.co.uk/ontology/admingeo/District,Lincolnshire,http://data.ordnancesurvey.co.uk/id/7000000000005942,http://data.ordnancesurvey.co.uk/ontology/admingeo/County,East Midlands,http://data.ordnancesurvey.co.uk/id/7000000000041423,England,http://data.ordnancesurvey.co.uk/id/country/england,,,
DN215LS,http://data.ordnancesurvey.co.uk/id/postcodeunit/DN215LS,DN21 5LS,,,,other,Postcode,486843,386454,3500,18000,,,,,,,Upton,http://data.ordnancesurvey.co.uk/id/4000000074578003,http://www.ordnancesurvey.co.uk/xml/codelists/localtype.xml#village,West Lindsey,http://data.ordnancesurvey.co.uk/id/7000000000043527,http://data.ordnancesurvey.co.uk/ontology/admingeo/District,Lincolnshire,http://data.ordnancesurvey.co.uk/id/7000000000005942,http://data.ordnancesurvey.co.uk/ontology/admingeo/County,East Midlands,http://data.ordnancesurvey.co.uk/id/7000000000041423,England,http://data.ordnancesurvey.co.uk/id/country/england,,,
LN12XY,http://data.ordnancesurvey.co.uk/id/postcodeunit/LN12XY,LN1 2XY,,,,other,Postcode,494393,383566,3500,18000,,,,,,,Ingham,http://data.ordnancesurvey.co.uk/id/4000000074574875,http://www.ordnancesurvey.co.uk/xml/codelists/localtype.xml#village,West Lindsey,http://data.ordnancesurvey.co.uk/id/7000000000043527,http://data.ordnancesurvey.co.uk/ontology/admingeo/District,Lincolnshire,http://data.ordnancesurvey.co.uk/id/7000000000005942,http://data.ordnancesurvey.co.uk/ontology/admingeo/County,East Midlands,http://data.ordnancesurvey.co.uk/id/7000000000041423,England,http://data.ordnancesurvey.co.uk/id/country/england,,,
LN82FD,http://data.ordnancesurvey.co.uk/id/postcodeunit/LN82FD,LN8 2FD,,,,other,Postcode,499967,391010,3500,18000,,,,,,,Glentham,http://data.ordnancesurvey.co.uk/id/4000000074550243,http://www.ordnancesurvey.co.uk/xml/codelists/localtype.xml#village,West Lindsey,http://data.ordnancesurvey.co.uk/id/7000000000043527,http://data.ordnancesurvey.co.uk/ontology/admingeo/District,Lincolnshire,http://data.ordnancesurvey.co.uk/id/7000000000005942,http://data.ordnancesurvey.co.uk/ontology/admingeo/County,East Midlands,http://data.ordnancesurvey.co.uk/id/7000000000041423,England,http://data.ordnancesurvey.co.uk/id/country/england,,,
DN215PA,http://data.ordnancesurvey.co.uk/id/postcodeunit/DN215PA,DN21 5PA,,,,other,Postcode,487334,387732,3500,18000,,,,,,,,,,West Lindsey,http://data.ordnancesurvey.co.uk/id/7000000000043527,http://data.ordnancesurvey.co.uk/ontology/admingeo/District,Lincolnshire,http://data.ordnancesurvey.co.uk/id/7000000000005942,http://data.ordnancesurvey.co.uk/ontology/admingeo/County,East Midlands,http://data.ordnancesurvey.co.uk/id/7000000000041423,England,http://data.ordnancesurvey.co.uk/id/country/england,,,
DN213ER,http://data.ordnancesurvey.co.uk/id/postcodeunit/DN213ER,DN21 3ER,,,,other,Postcode,481309,393713,3500,18000,,,,,,,,,,West Lindsey,http://data.ordnancesurvey.co.uk/id/7000000000043527,http://data.ordnancesurvey.co.uk/ontology/admingeo/District,Lincolnshire,http://data.ordnancesurvey.co.uk/id/7000000000005942,http://data.ordnancesurvey.co.uk/ontology/admingeo/County,East Midlands,http://data.ordnancesurvey.co.uk/id/7000000000041423,England,http://data.ordnancesurvey.co.uk/id/country/england,,,
DN211JX,http://data.ordnancesurvey.co.uk/id/postcodeunit/DN211JX,DN21 1JX,,,,other,Postcode,482580,389514,3500,18000,,,,,,,Gainsborough,http://data.ordnancesurvey.co.uk/id/4000000074575425,http://www.ordnancesurvey.co.uk/xml/codelists/localtype.xml#town,West Lindsey,http://data.ordnancesurvey.co.uk/id/7000000000043527,http://data.ordnancesurvey.co.uk/ontology/admingeo/District,Lincolnshire,http://data.ordnancesurvey.co.uk/id/7000000000005942,http://data.ordnancesurvey.co.uk/ontology/admingeo/County,East Midlands,http://data.ordnancesurvey.co.uk/id/7000000000041423,England,http://data.ordnancesurvey.co.uk/id/country/england,,,
DN211LL,http://data.ordnancesurvey.co.uk/id/postcodeunit/DN211LL,DN21 1LL,,,,other,Postcode,481582,388976,3500,18000,,,,,,,Gainsborough,http://data.ordnancesurvey.co.uk/id/4000000074575425,http://www.ordnancesurvey.co.uk/xml/codelists/localtype.xml#town,West Lindsey,http://data.ordnancesurvey.co.uk/id/7000000000043527,http://data.ordnancesurvey.co.uk/ontology/admingeo/District,Lincolnshire,http://data.ordnancesurvey.co.uk/id/7000000000005942,http://data.ordnancesurvey.co.uk/ontology/admingeo/County,East Midlands,http://data.ordnancesurvey.co.uk/id/7000000000041423,England,http://data.ordnancesurvey.co.uk/id/country/england,,,
DN211JL,http://data.ordnancesurvey.co.uk/id/postcodeunit/DN211JL,DN21 1JL,,,,other,Postcode,481644,389299,3500,18000,,,,,,,Gainsborough,http://data.ordnancesurvey.co.uk/id/4000000074575425,http://www.ordnancesurvey.co.uk/xml/codelists/localtype.xml#town,West Lindsey,http://data.ordnancesurvey.co.uk/id/7000000000043527,http://data.ordnancesurvey.co.uk/ontology/admingeo/District,Lincolnshire,http://data.ordnancesurvey.co.uk/id/7000000000005942,http://data.ordnancesurvey.co.uk/ontology/admingeo/County,East Midlands,http://data.ordnancesurvey.co.uk/id/7000000000041423,England,http://data.ordnancesurvey.co.uk/id/country/england,,,
DN211GJ,http://data.ordnancesurvey.co.uk/id/postcodeunit/DN211GJ,DN21 1GJ,,,,other,Postcode,482861,390365,3500,18000,,,,,,,Gainsborough,http://data.ordnancesurvey.co.uk/id/4000000074575425,http://www.ordnancesurvey.co.uk/xml/codelists/localtype.xml#town,West Lindsey,http://data.ordnancesurvey.co.uk/id/7000000000043527,http://data.ordnancesurvey.co.uk/ontology/admingeo/District,Lincolnshire,http://data.ordnancesurvey.co.uk/id/7000000000005942,http://data.ordnancesurvey.co.uk/ontology/admingeo/County,East Midlands,http://data.ordnancesurvey.co.uk/id/7000000000041423,England,http://data.ordnancesurvey.co.uk/id/country/england,,,
DN213QE,http://data.ordnancesurvey.co.uk/id/postcodeunit/DN213QE,DN21 3QE,,,,other,Postcode,483505,399720,3500,18000,,,,,,,,,,West Lindsey,http://data.ordnancesurvey.co.uk/id/7000000000043527,http://data.ordnancesurvey.co.uk/ontology/admingeo/District,Lincolnshire,http://data.ordnancesurvey.co.uk/id/7000000000005942,http://data.ordnancesurvey.co.uk/ontology/admingeo/County,East Midlands,http://data.ordnancesurvey.co.uk/id/7000000000041423,England,http://data.ordnancesurvey.co.uk/id/country/england,,,
DN211GN,http://data.ordnancesurvey.co.uk/id/postcodeunit/DN211GN,DN21 1GN,,,,other,Postcode,482324,390277,3500,18000,,,,,,,Gainsborough,http://data.ordnancesurvey.co.uk/id/4000000074575425,http://www.ordnancesurvey.co.uk/xml/codelists/localtype.xml#town,West Lindsey,http://data.ordnancesurvey.co.uk/id/7000000000043527,http://data.ordnancesurvey.co.uk/ontology/admingeo/District,Lincolnshire,http://data.ordnancesurvey.co.uk/id/7000000000005942,http://data.ordnancesurvey.co.uk/ontology/admingeo/County,East Midlands,http://data.ordnancesurvey.co.uk/id/7000000000041423,England,http://data.ordnancesurvey.co.uk/id/country/england,,,
DN212AX,http://data.ordnancesurvey.co.uk/id/postcodeunit/DN212AX,DN21 2AX,,,,other,Postcode,481743,389998,3500,18000,,,,,,,Gainsborough,http://data.ordnancesurvey.co.uk/id/4000000074575425,http://www.ordnancesurvey.co.uk/xml/codelists/localtype.xml#town,West Lindsey,http://data.ordnancesurvey.co.uk/id/7000000000043527,http://data.ordnancesurvey.co.uk/ontology/admingeo/District,Lincolnshire,http://data.ordnancesurvey.co.uk/id/7000000000005942,http://data.ordnancesurvey.co.uk/ontology/admingeo/County,East Midlands,http://data.ordnancesurvey.co.uk/id/7000000000041423,England,http://data.ordnancesurvey.co.uk/id/country/england,,,
DN214LZ,http://data.ordnancesurvey.co.uk/id/postcodeunit/DN214LZ,DN21 4LZ,,,,other,Postcode,493722,398678,3500,18000,,,,,,,Kirton in Lindsey,http://data.ordnancesurvey.co.uk/id/4000000074574884,http://www.ordnancesurvey.co.uk/xml/codelists/localtype.xml#town,,,,North Lincolnshire,http://data.ordnancesurvey.co.uk/id/7000000000025623,http://data.ordnancesurvey.co.uk/ontology/admingeo/UnitaryAuthority,Yorkshire and the Humber,http://data.ordnancesurvey.co.uk/id/7000000000041430,England,http://data.ordnancesurvey.co.uk/id/country/england,,,
DN215SL,http://data.ordnancesurvey.co.uk/id/postcodeunit/DN215SL,DN21 5SL,,,,other,Postcode,493547,392392,3500,18000,,,,,,,,,,West Lindsey,http://data.ordnancesurvey.co.uk/id/7000000000043527,http://data.ordnancesurvey.co.uk/ontology/admingeo/District,Lincolnshire,http://data.ordnancesurvey.co.uk/id/7000000000005942,http://data.ordnancesurvey.co.uk/ontology/admingeo/County,East Midlands,http://data.ordnancesurvey.co.uk/id/7000000000041423,England,http://data.ordnancesurvey.co.uk/id/country/england,,,
DN212PJ,http://data.ordnancesurvey.co.uk/id/postcodeunit/DN212PJ,DN21 2PJ,,,,other,Postcode,480980,390367,3500,18000,,,,,,,Gainsborough,http://data.ordnancesurvey.co.uk/id/4000000074575425,http://www.ordnancesurvey.co.uk/xml/codelists/localtype.xml#town,West Lindsey,http://data.ordnancesurvey.co.uk/id/7000000000043527,http://data.ordnancesurvey.co.uk/ontology/admingeo/District,Lincolnshire,http://data.ordnancesurvey.co.uk/id/7000000000005942,http://data.ordnancesurvey.co.uk/ontology/admingeo/County,East Midlands,http://data.ordnancesurvey.co.uk/id/7000000000041423,England,http://data.ordnancesurvey.co.uk/id/country/england,,,
DN211WL,http://data.ordnancesurvey.co.uk/id/postcodeunit/DN211WL,DN21 1WL,,,,other,Postcode,482587,390232,3500,18000,,,,,,,Gainsborough,http://data.ordnancesurvey.co.uk/id/4000000074575425,http://www.ordnancesurvey.co.uk/xml/codelists/localtype.xml#town,West Lindsey,http://data.ordnancesurvey.co.uk/id/7000000000043527,http://data.ordnancesurvey.co.uk/ontology/admingeo/District,Lincolnshire,http://data.ordnancesurvey.co.uk/id/7000000000005942,http://data.ordnancesurvey.co.uk/ontology/admingeo/County,East Midlands,http://data.ordnancesurvey.co.uk/id/7000000000041423,England,http://data.ordnancesurvey.co.uk/id/country/england,,,
DN211RJ,http://data.ordnancesurvey.co.uk/id/postcodeunit/DN211RJ,DN21 1RJ,,,,other,Postcode,482941,390101,3500,18000,,,,,,,Gainsborough,http://data.ordnancesurvey.co.uk/id/4000000074575425,http://www.ordnancesurvey.co.uk/xml/codelists/localtype.xml#town,West Lindsey,http://data.ordnancesurvey.co.uk/id/7000000000043527,http://data.ordnancesurvey.co.uk/ontology/admingeo/District,Lincolnshire,http://data.ordnancesurvey.co.uk/id/7000000000005942,http://data.ordnancesurvey.co.uk/ontology/admingeo/County,East Midlands,http://data.ordnancesurvey.co.uk/id/7000000000041423,England,http://data.ordnancesurvey.co.uk/id/country/england,,,
DN212AE,http://data.ordnancesurvey.co.uk/id/postcodeunit/DN212AE,DN21 2AE,,,,other,Postcode,481419,389671,3500,18000,,,,,,,Gainsborough,http://data.ordnancesurvey.co.uk/id/4000000074575425,http://www.ordnancesurvey.co.uk/xml/codelists/localtype.xml#town,West Lindsey,http://data.ordnancesurvey.co.uk/id/7000000000043527,http://data.ordnancesurvey.co.uk/ontology/admingeo/District,Lincolnshire,http://data.ordnancesurvey.co.uk/id/7000000000005942,http://data.ordnancesurvey.co.uk/ontology/admingeo/County,East Midlands,http://data.ordnancesurvey.co.uk/id/7000000000041423,England,http://data.ordnancesurvey.co.uk/id/country/england,,,
DN215UY,http://data.ordnancesurvey.co.uk/id/postcodeunit/DN215UY,DN21 5UY,,,,other,Postcode,493603,389944,3500,18000,,,,,,,Harpswell,http://data.ordnancesurvey.co.uk/id/4000000074574341,http://www.ordnancesurvey.co.uk/xml/codelists/localtype.xml#hamlet,West Lindsey,http://data.ordnancesurvey.co.uk/id/7000000000043527,http://data.ordnancesurvey.co.uk/ontology/admingeo/District,Lincolnshire,http://data.ordnancesurvey.co.uk/id/7000000000005942,http://data.ordnancesurvey.co.uk/ontology/admingeo/County,East Midlands,http://data.ordnancesurvey.co.uk/id/7000000000041423,England,http://data.ordnancesurvey.co.uk/id/country/england,,,
DN212NF,http://data.ordnancesurvey.co.uk/id/postcodeunit/DN212NF,DN21 2NF,,,,other,Postcode,481261,389994,3500,18000,,,,,,,Gainsborough,http://data.ordnancesurvey.co.uk/id/4000000074575425,http://www.ordnancesurvey.co.uk/xml/codelists/localtype.xml#town,West Lindsey,http://data.ordnancesurvey.co.uk/id/7000000000043527,http://data.ordnancesurvey.co.uk/ontology/admingeo/District,Lincolnshire,http://data.ordnancesurvey.co.uk/id/7000000000005942,http://data.ordnancesurvey.co.uk/ontology/admingeo/County,East Midlands,http://data.ordnancesurvey.co.uk/id/7000000000041423,England,http://data.ordnancesurvey.co.uk/id/country/england,,,
DN213BL,http://data.ordnancesurvey.co.uk/id/postcodeunit/DN213BL,DN21 3BL,,,,other,Postcode,480675,391574,3500,18000,,,,,,,Gainsborough,http://data.ordnancesurvey.co.uk/id/4000000074575425,http://www.ordnancesurvey.co.uk/xml/codelists/localtype.xml#town,West Lindsey,http://data.ordnancesurvey.co.uk/id/7000000000043527,http://data.ordnancesurvey.co.uk/ontology/admingeo/District,Lincolnshire,http://data.ordnancesurvey.co.uk/id/7000000000005942,http://data.ordnancesurvey.co.uk/ontology/admingeo/County,East Midlands,http://data.ordnancesurvey.co.uk/id/7000000000041423,England,http://data.ordnancesurvey.co.uk/id/country/england,,,
DN211HA,http://data.ordnancesurvey.co.uk/id/postcodeunit/DN211HA,DN21 1HA,,,,other,Postcode,481818,390529,3500,18000,,,,,,,Gainsborough,http://data.ordnancesurvey.co.uk/id/4000000074575425,http://www.ordnancesurvey.co.uk/xml/codelists/localtype.xml#town,West Lindsey,http://data.ordnancesurvey.co.uk/id/7000000000043527,http://data.ordnancesurvey.co.uk/ontology/admingeo/District,Lincolnshire,http://data.ordnancesurvey.co.uk/id/7000000000005942,http://data.ordnancesurvey.co.uk/ontology/admingeo/County,East Midlands,http://data.ordnancesurvey.co.uk/id/7000000000041423,England,http://data.ordnancesurvey.co.uk/id/country/england,,,
DN211AJ,http://data.ordnancesurvey.co.uk/id/postcodeunit/DN211AJ,DN21 1AJ,,,,other,Postcode,481944,388330,3500,18000,,,,,,,Gainsborough,http://data.ordnancesurvey.co.uk/id/4000000074575425,http://www.ordnancesurvey.co.uk/xml/codelists/localtype.xml#town,West Lindsey,http://data.ordnancesurvey.co.uk/id/7000000000043527,http://data.ordnancesurvey.co.uk/ontology/admingeo/District,Lincolnshire,http://data.ordnancesurvey.co.uk/id/7000000000005942,http://data.ordnancesurvey.co.uk/ontology/admingeo/County,East Midlands,http://data.ordnancesurvey.co.uk/id/7000000000041423,England,http://data.ordnancesurvey.co.uk/id/country/england,,,
DN211JD,http://data.ordnancesurvey.co.uk/id/postcodeunit/DN211JD,DN21 1JD,,,,other,Postcode,481702,389350,3500,18000,,,,,,,Gainsborough,http://data.ordnancesurvey.co.uk/id/4000000074575425,http://www.ordnancesurvey.co.uk/xml/codelists/localtype.xml#town,West Lindsey,http://data.ordnancesurvey.co.uk/id/7000000000043527,http://data.ordnancesurvey.co.uk/ontology/admingeo/District,Lincolnshire,http://data.ordnancesurvey.co.uk/id/7000000000005942,http://data.ordnancesurvey.co.uk/ontology/admingeo/County,East Midlands,http://data.ordnancesurvey.co.uk/id/7000000000041423,England,http://data.ordnancesurvey.co.uk/id/country/england,,,
DN215DD,http://data.ordnancesurvey.co.uk/id/postcodeunit/DN215DD,DN21 5DD,,,,other,Postcode,494706,388386,3500,18000,,,,,,,Glentworth,http://data.ordnancesurvey.co.uk/id/4000000074574337,http://www.ordnancesurvey.co.uk/xml/codelists/localtype.xml#village,West Lindsey,http://data.ordnancesurvey.co.uk/id/7000000000043527,http://data.ordnancesurvey.co.uk/ontology/admingeo/District,Lincolnshire,http://data.ordnancesurvey.co.uk/id/7000000000005942,http://data.ordnancesurvey.co.uk/ontology/admingeo/County,East Midlands,http://data.ordnancesurvey.co.uk/id/7000000000041423,England,http://data.ordnancesurvey.co.uk/id/country/england,,,
DN211SA,http://data.ordnancesurvey.co.uk/id/postcodeunit/DN211SA,DN21 1SA,,,,other,Postcode,483121,389083,3500,18000,,,,,,,Gainsborough,http://data.ordnancesurvey.co.uk/id/4000000074575425,http://www.ordnancesurvey.co.uk/xml/codelists/localtype.xml#town,West Lindsey,http://data.ordnancesurvey.co.uk/id/7000000000043527,http://data.ordnancesurvey.co.uk/ontology/admingeo/District,Lincolnshire,http://data.ordnancesurvey.co.uk/id/7000000000005942,http://data.ordnancesurvey.co.uk/ontology/admingeo/County,East Midlands,http://data.ordnancesurvey.co.uk/id/7000000000041423,England,http://data.ordnancesurvey.co.uk/id/country/england,,,
DN214UB,http://data.ordnancesurvey.co.uk/id/postcodeunit/DN214UB,DN21 4UB,,,,other,Postcode,496383,394031,3500,18000,,,,,,,,,,West Lindsey,http://data.ordnancesurvey.co.uk/id/7000000000043527,http://data.ordnancesurvey.co.uk/ontology/admingeo/District,Lincolnshire,http://data.ordnancesurvey.co.uk/id/7000000000005942,http://data.ordnancesurvey.co.uk/ontology/admingeo/County,East Midlands,http://data.ordnancesurvey.co.uk/id/7000000000041423,England,http://data.ordnancesurvey.co.uk/id/country/england,,,
DN214EY,http://data.ordnancesurvey.co.uk/id/postcodeunit/DN214EY,DN21 4EY,,,,other,Postcode,493401,395104,3500,18000,,,,,,,,,,West Lindsey,http://data.ordnancesurvey.co.uk/id/7000000000043527,http://data.ordnancesurvey.co.uk/ontology/admingeo/District,Lincolnshire,http://data.ordnancesurvey.co.uk/id/7000000000005942,http://data.ordnancesurvey.co.uk/ontology/admingeo/County,East Midlands,http://data.ordnancesurvey.co.uk/id/7000000000041423,England,http://data.ordnancesurvey.co.uk/id/country/england,,,
DN213LZ,http://data.ordnancesurvey.co.uk/id/postcodeunit/DN213LZ,DN21 3LZ,,,,other,Postcode,484989,394811,3500,18000,,,,,,,Blyton,http://data.ordnancesurvey.co.uk/id/4000000074575429,http://www.ordnancesurvey.co.uk/xml/codelists/localtype.xml#village,West Lindsey,http://data.ordnancesurvey.co.uk/id/7000000000043527,http://data.ordnancesurvey.co.uk/ontology/admingeo/District,Lincolnshire,http://data.ordnancesurvey.co.uk/id/7000000000005942,http://data.ordnancesurvey.co.uk/ontology/admingeo/County,East Midlands,http://data.ordnancesurvey.co.uk/id/7000000000041423,England,http://data.ordnancesurvey.co.uk/id/country/england,,,
DN211GS,http://data.ordnancesurvey.co.uk/id/postcodeunit/DN211GS,DN21 1GS,,,,other,Postcode,482157,388221,3500,18000,,,,,,,Gainsborough,http://data.ordnancesurvey.co.uk/id/4000000074575425,http://www.ordnancesurvey.co.uk/xml/codelists/localtype.xml#town,West Lindsey,http://data.ordnancesurvey.co.uk/id/7000000000043527,http://data.ordnancesurvey.co.uk/ontology/admingeo/District,Lincolnshire,http://data.ordnancesurvey.co.uk/id/7000000000005942,http://data.ordnancesurvey.co.uk/ontology/admingeo/County,East Midlands,http://data.ordnancesurvey.co.uk/id/7000000000041423,England,http://data.ordnancesurvey.co.uk/id/country/england,,,
LN23PY,http://data.ordnancesurvey.co.uk/id/postcodeunit/LN23PY,LN2 3PY,,,,other,Postcode,499526,380164,3500,18000,,,,,,,,,,West Lindsey,http://data.ordnancesurvey.co.uk/id/7000000000043527,http://data.ordnancesurvey.co.uk/ontology/admingeo/District,Lincolnshire,http://data.ordnancesurvey.co.uk/id/7000000000005942,http://data.ordnancesurvey.co.uk/ontology/admingeo/County,East Midlands,http://data.ordnancesurvey.co.uk/id/7000000000041423,England,http://data.ordnancesurvey.co.uk/id/country/england,,,
DN213AX,http://data.ordnancesurvey.co.uk/id/postcodeunit/DN213AX,DN21 3AX,,,,other,Postcode,480978,391672,3500,18000,,,,,,,Gainsborough,http://data.ordnancesurvey.co.uk/id/4000000074575425,http://www.ordnancesurvey.co.uk/xml/codelists/localtype.xml#town,West Lindsey,http://data.ordnancesurvey.co.uk/id/7000000000043527,http://data.ordnancesurvey.co.uk/ontology/admingeo/District,Lincolnshire,http://data.ordnancesurvey.co.uk/id/7000000000005942,http://data.ordnancesurvey.co.uk/ontology/admingeo/County,East Midlands,http://data.ordnancesurvey.co.uk/id/7000000000041423,England,http://data.ordnancesurvey.co.uk/id/country/england,,,
DN213BP,http://data.ordnancesurvey.co.uk/id/postcodeunit/DN213BP,DN21 3BP,,,,other,Postcode,480894,392082,3500,18000,,,,,,,Gainsborough,http://data.ordnancesurvey.co.uk/id/4000000074575425,http://www.ordnancesurvey.co.uk/xml/codelists/localtype.xml#town,West Lindsey,http://data.ordnancesurvey.co.uk/id/7000000000043527,http://data.ordnancesurvey.co.uk/ontology/admingeo/District,Lincolnshire,http://data.ordnancesurvey.co.uk/id/7000000000005942,http://data.ordnancesurvey.co.uk/ontology/admingeo/County,East Midlands,http://data.ordnancesurvey.co.uk/id/7000000000041423,England,http://data.ordnancesurvey.co.uk/id/country/england,,,
DN215NN,http://data.ordnancesurvey.co.uk/id/postcodeunit/DN215NN,DN21 5NN,,,,other,Postcode,486824,386922,3500,18000,,,,,,,Upton,http://data.ordnancesurvey.co.uk/id/4000000074578003,http://www.ordnancesurvey.co.uk/xml/codelists/localtype.xml#village,West Lindsey,http://data.ordnancesurvey.co.uk/id/7000000000043527,http://data.ordnancesurvey.co.uk/ontology/admingeo/District,Lincolnshire,http://data.ordnancesurvey.co.uk/id/7000000000005942,http://data.ordnancesurvey.co.uk/ontology/admingeo/County,East Midlands,http://data.ordnancesurvey.co.uk/id/7000000000041423,England,http://data.ordnancesurvey.co.uk/id/country/england,,,
DN212LF,http://data.ordnancesurvey.co.uk/id/postcodeunit/DN212LF,DN21 2LF,,,,other,Postcode,481244,390140,3500,18000,,,,,,,Gainsborough,http://data.ordnancesurvey.co.uk/id/4000000074575425,http://www.ordnancesurvey.co.uk/xml/codelists/localtype.xml#town,West Lindsey,http://data.ordnancesurvey.co.uk/id/7000000000043527,http://data.ordnancesurvey.co.uk/ontology/admingeo/District,Lincolnshire,http://data.ordnancesurvey.co.uk/id/7000000000005942,http://data.ordnancesurvey.co.uk/ontology/admingeo/County,East Midlands,http://data.ordnancesurvey.co.uk/id/7000000000041423,England,http://data.ordnancesurvey.co.uk/id/country/england,,,
DN212JA,http://data.ordnancesurvey.co.uk/id/postcodeunit/DN212JA,DN21 2JA,,,,other,Postcode,481629,390256,3500,18000,,,,,,,Gainsborough,http://data.ordnancesurvey.co.uk/id/4000000074575425,http://www.ordnancesurvey.co.uk/xml/codelists/localtype.xml#town,West Lindsey,http://data.ordnancesurvey.co.uk/id/7000000000043527,http://data.ordnancesurvey.co.uk/ontology/admingeo/District,Lincolnshire,http://data.ordnancesurvey.co.uk/id/7000000000005942,http://data.ordnancesurvey.co.uk/ontology/admingeo/County,East Midlands,http://data.ordnancesurvey.co.uk/id/7000000000041423,England,http://data.ordnancesurvey.co.uk/id/country/england,,,
DN213BW,http://data.ordnancesurvey.co.uk/id/postcodeunit/DN213BW,DN21 3BW,,,,other,Postcode,480978,391996,3500,18000,,,,,,,Gainsborough,http://data.ordnancesurvey.co.uk/id/4000000074575425,http://www.ordnancesurvey.co.uk/xml/codelists/localtype.xml#town,West Lindsey,http://data.ordnancesurvey.co.uk/id/7000000000043527,http://data.ordnancesurvey.co.uk/ontology/admingeo/District,Lincolnshire,http://data.ordnancesurvey.co.uk/id/7000000000005942,http://data.ordnancesurvey.co.uk/ontology/admingeo/County,East Midlands,http://data.ordnancesurvey.co.uk/id/7000000000041423,England,http://data.ordnancesurvey.co.uk/id/country/england,,,
DN212AB,http://data.ordnancesurvey.co.uk/id/postcodeunit/DN212AB,DN21 2AB,,,,other,Postcode,481766,389518,3500,18000,,,,,,,Gainsborough,http://data.ordnancesurvey.co.uk/id/4000000074575425,http://www.ordnancesurvey.co.uk/xml/codelists/localtype.xml#town,West Lindsey,http://data.ordnancesurvey.co.uk/id/7000000000043527,http://data.ordnancesurvey.co.uk/ontology/admingeo/District,Lincolnshire,http://data.ordnancesurvey.co.uk/id/7000000000005942,http://data.ordnancesurvey.co.uk/ontology/admingeo/County,East Midlands,http://data.ordnancesurvey.co.uk/id/7000000000041423,England,http://data.ordnancesurvey.co.uk/id/country/england,,,
DN215UL,http://data.ordnancesurvey.co.uk/id/postcodeunit/DN215UL,DN21 5UL,,,,other,Postcode,492947,391055,3500,18000,,,,,,,Hemswell,http://data.ordnancesurvey.co.uk/id/4000000074574603,http://www.ordnancesurvey.co.uk/xml/codelists/localtype.xml#village,West Lindsey,http://data.ordnancesurvey.co.uk/id/7000000000043527,http://data.ordnancesurvey.co.uk/ontology/admingeo/District,Lincolnshire,http://data.ordnancesurvey.co.uk/id/7000000000005942,http://data.ordnancesurvey.co.uk/ontology/admingeo/County,East Midlands,http://data.ordnancesurvey.co.uk/id/7000000000041423,England,http://data.ordnancesurvey.co.uk/id/country/england,,,
DN211GZ,http://data.ordnancesurvey.co.uk/id/postcodeunit/DN211GZ,DN21 1GZ,,,,other,Postcode,482084,391084,3500,18000,,,,,,,Gainsborough,http://data.ordnancesurvey.co.uk/id/4000000074575425,http://www.ordnancesurvey.co.uk/xml/codelists/localtype.xml#town,West Lindsey,http://data.ordnancesurvey.co.uk/id/7000000000043527,http://data.ordnancesurvey.co.uk/ontology/admingeo/District,Lincolnshire,http://data.ordnancesurvey.co.uk/id/7000000000005942,http://data.ordnancesurvey.co.uk/ontology/admingeo/County,East Midlands,http://data.ordnancesurvey.co.uk/id/7000000000041423,England,http://data.ordnancesurvey.co.uk/id/country/england,,,
DN211SN,http://data.ordnancesurvey.co.uk/id/postcodeunit/DN211SN,DN21 1SN,,,,other,Postcode,482534,389827,3500,18000,,,,,,,Gainsborough,http://data.ordnancesurvey.co.uk/id/4000000074575425,http://www.ordnancesurvey.co.uk/xml/codelists/localtype.xml#town,West Lindsey,http://data.ordnancesurvey.co.uk/id/7000000000043527,http://data.ordnancesurvey.co.uk/ontology/admingeo/District,Lincolnshire,http://data.ordnancesurvey.co.uk/id/7000000000005942,http://data.ordnancesurvey.co.uk/ontology/admingeo/County,East Midlands,http://data.ordnancesurvey.co.uk/id/7000000000041423,England,http://data.ordnancesurvey.co.uk/id/country/england,,,
DN211NA,http://data.ordnancesurvey.co.uk/id/postcodeunit/DN211NA,DN21 1NA,,,,other,Postcode,481710,388648,3500,18000,,,,,,,Gainsborough,http://data.ordnancesurvey.co.uk/id/4000000074575425,http://www.ordnancesurvey.co.uk/xml/codelists/localtype.xml#town,West Lindsey,http://data.ordnancesurvey.co.uk/id/7000000000043527,http://data.ordnancesurvey.co.uk/ontology/admingeo/District,Lincolnshire,http://data.ordnancesurvey.co.uk/id/7000000000005942,http://data.ordnancesurvey.co.uk/ontology/admingeo/County,East Midlands,http://data.ordnancesurvey.co.uk/id/7000000000041423,England,http://data.ordnancesurvey.co.uk/id/country/england,,,
DN215WT,http://data.ordnancesurvey.co.uk/id/postcodeunit/DN215WT,DN21 5WT,,,,other,Postcode,481607,390035,3500,18000,,,,,,,Gainsborough,http://data.ordnancesurvey.co.uk/id/4000000074575425,http://www.ordnancesurvey.co.uk/xml/codelists/localtype.xml#town,West Lindsey,http://data.ordnancesurvey.co.uk/id/7000000000043527,http://data.ordnancesurvey.co.uk/ontology/admingeo/District,Lincolnshire,http://data.ordnancesurvey.co.uk/id/7000000000005942,http://data.ordnancesurvey.co.uk/ontology/admingeo/County,East Midlands,http://data.ordnancesurvey.co.uk/id/7000000000041423,England,http://data.ordnancesurvey.co.uk/id/country/england,,,
DN215SD,http://data.ordnancesurvey.co.uk/id/postcodeunit/DN215SD,DN21 5SD,,,,other,Postcode,493140,393380,3500,18000,,,,,,,Willoughton,http://data.ordnancesurvey.co.uk/id/4000000074574604,http://www.ordnancesurvey.co.uk/xml/codelists/localtype.xml#village,West Lindsey,http://data.ordnancesurvey.co.uk/id/7000000000043527,http://data.ordnancesurvey.co.uk/ontology/admingeo/District,Lincolnshire,http://data.ordnancesurvey.co.uk/id/7000000000005942,http://data.ordnancesurvey.co.uk/ontology/admingeo/County,East Midlands,http://data.ordnancesurvey.co.uk/id/7000000000041423,England,http://data.ordnancesurvey.co.uk/id/country/england,,,
DN211NL,http://data.ordnancesurvey.co.uk/id/postcodeunit/DN211NL,DN21 1NL,,,,other,Postcode,482584,389113,3500,18000,,,,,,,Gainsborough,http://data.ordnancesurvey.co.uk/id/4000000074575425,http://www.ordnancesurvey.co.uk/xml/codelists/localtype.xml#town,West Lindsey,http://data.ordnancesurvey.co.uk/id/7000000000043527,http://data.ordnancesurvey.co.uk/ontology/admingeo/District,Lincolnshire,http://data.ordnancesurvey.co.uk/id/7000000000005942,http://data.ordnancesurvey.co.uk/ontology/admingeo/County,East Midlands,http://data.ordnancesurvey.co.uk/id/7000000000041423,England,http://data.ordnancesurvey.co.uk/id/country/england,,,
LN12YH,http://data.ordnancesurvey.co.uk/id/postcodeunit/LN12YH,LN1 2YH,,,,other,Postcode,495701,382143,3500,18000,,,,,,,,,,West Lindsey,http://data.ordnancesurvey.co.uk/id/7000000000043527,http://data.ordnancesurvey.co.uk/ontology/admingeo/District,Lincolnshire,http://data.ordnancesurvey.co.uk/id/7000000000005942,http://data.ordnancesurvey.co.uk/ontology/admingeo/County,East Midlands,http://data.ordnancesurvey.co.uk/id/7000000000041423,England,http://data.ordnancesurvey.co.uk/id/country/england,,,
DN212HS,http://data.ordnancesurvey.co.uk/id/postcodeunit/DN212HS,DN21 2HS,,,,other,Postcode,481570,390087,3500,18000,,,,,,,Gainsborough,http://data.ordnancesurvey.co.uk/id/4000000074575425,http://www.ordnancesurvey.co.uk/xml/codelists/localtype.xml#town,West Lindsey,http://data.ordnancesurvey.co.uk/id/7000000000043527,http://data.ordnancesurvey.co.uk/ontology/admingeo/District,Lincolnshire,http://data.ordnancesurvey.co.uk/id/7000000000005942,http://data.ordnancesurvey.co.uk/ontology/admingeo/County,East Midlands,http://data.ordnancesurvey.co.uk/id/7000000000041423,England,http://data.ordnancesurvey.co.uk/id/country/england,,,
DN215BW,http://data.ordnancesurvey.co.uk/id/postcodeunit/DN215BW,DN21 5BW,,,,other,Postcode,494538,385772,3500,18000,,,,,,,Fillingham,http://data.ordnancesurvey.co.uk/id/4000000074574877,http://www.ordnancesurvey.co.uk/xml/codelists/localtype.xml#village,West Lindsey,http://data.ordnancesurvey.co.uk/id/7000000000043527,http://data.ordnancesurvey.co.uk/ontology/admingeo/District,Lincolnshire,http://data.ordnancesurvey.co.uk/id/7000000000005942,http://data.ordnancesurvey.co.uk/ontology/admingeo/County,East Midlands,http://data.ordnancesurvey.co.uk/id/7000000000041423,England,http://data.ordnancesurvey.co.uk/id/country/england,,,
LN12XS,http://data.ordnancesurvey.co.uk/id/postcodeunit/LN12XS,LN1 2XS,,,,other,Postcode,494765,383422,3500,18000,,,,,,,Ingham,http://data.ordnancesurvey.co.uk/id/4000000074574875,http://www.ordnancesurvey.co.uk/xml/codelists/localtype.xml#village,West Lindsey,http://data.ordnancesurvey.co.uk/id/7000000000043527,http://data.ordnancesurvey.co.uk/ontology/admingeo/District,Lincolnshire,http://data.ordnancesurvey.co.uk/id/7000000000005942,http://data.ordnancesurvey.co.uk/ontology/admingeo/County,East Midlands,http://data.ordnancesurvey.co.uk/id/7000000000041423,England,http://data.ordnancesurvey.co.uk/id/country/england,,,
DN211YS,http://data.ordnancesurvey.co.uk/id/postcodeunit/DN211YS,DN21 1YS,,,,other,Postcode,482808,389162,3500,18000,,,,,,,Gainsborough,http://data.ordnancesurvey.co.uk/id/4000000074575425,http://www.ordnancesurvey.co.uk/xml/codelists/localtype.xml#town,West Lindsey,http://data.ordnancesurvey.co.uk/id/7000000000043527,http://data.ordnancesurvey.co.uk/ontology/admingeo/District,Lincolnshire,http://data.ordnancesurvey.co.uk/id/7000000000005942,http://data.ordnancesurvey.co.uk/ontology/admingeo/County,East Midlands,http://data.ordnancesurvey.co.uk/id/7000000000041423,England,http://data.ordnancesurvey.co.uk/id/country/england,,,
DN211FS,http://data.ordnancesurvey.co.uk/id/postcodeunit/DN211FS,DN21 1FS,,,,other,Postcode,482282,388344,3500,18000,,,,,,,Gainsborough,http://data.ordnancesurvey.co.uk/id/4000000074575425,http://www.ordnancesurvey.co.uk/xml/codelists/localtype.xml#town,West Lindsey,http://data.ordnancesurvey.co.uk/id/7000000000043527,http://data.ordnancesurvey.co.uk/ontology/admingeo/District,Lincolnshire,http://data.ordnancesurvey.co.uk/id/7000000000005942,http://data.ordnancesurvey.co.uk/ontology/admingeo/County,East Midlands,http://data.ordnancesurvey.co.uk/id/7000000000041423,England,http://data.ordnancesurvey.co.uk/id/country/england,,,
DN213NS,http://data.ordnancesurvey.co.uk/id/postcodeunit/DN213NS,DN21 3NS,,,,other,Postcode,485626,393801,3500,18000,,,,,,,,,,West Lindsey,http://data.ordnancesurvey.co.uk/id/7000000000043527,http://data.ordnancesurvey.co.uk/ontology/admingeo/District,Lincolnshire,http://data.ordnancesurvey.co.uk/id/7000000000005942,http://data.ordnancesurvey.co.uk/ontology/admingeo/County,East Midlands,http://data.ordnancesurvey.co.uk/id/7000000000041423,England,http://data.ordnancesurvey.co.uk/id/country/england,,,
DN215NZ,http://data.ordnancesurvey.co.uk/id/postcodeunit/DN215NZ,DN21 5NZ,,,,other,Postcode,487142,387398,3500,18000,,,,,,,,,,West Lindsey,http://data.ordnancesurvey.co.uk/id/7000000000043527,http://data.ordnancesurvey.co.uk/ontology/admingeo/District,Lincolnshire,http://data.ordnancesurvey.co.uk/id/7000000000005942,http://data.ordnancesurvey.co.uk/ontology/admingeo/County,East Midlands,http://data.ordnancesurvey.co.uk/id/7000000000041423,England,http://data.ordnancesurvey.co.uk/id/country/england,,,
DN211YE,http://data.ordnancesurvey.co.uk/id/postcodeunit/DN211YE,DN21 1YE,,,,other,Postcode,482238,390741,3500,18000,,,,,,,Gainsborough,http://data.ordnancesurvey.co.uk/id/4000000074575425,http://www.ordnancesurvey.co.uk/xml/codelists/localtype.xml#town,West Lindsey,http://data.ordnancesurvey.co.uk/id/7000000000043527,http://data.ordnancesurvey.co.uk/ontology/admingeo/District,Lincolnshire,http://data.ordnancesurvey.co.uk/id/7000000000005942,http://data.ordnancesurvey.co.uk/ontology/admingeo/County,East Midlands,http://data.ordnancesurvey.co.uk/id/7000000000041423,England,http://data.ordnancesurvey.co.uk/id/country/england,,,
DN211RU,http://data.ordnancesurvey.co.uk/id/postcodeunit/DN211RU,DN21 1RU,,,,other,Postcode,482595,390126,3500,18000,,,,,,,Gainsborough,http://data.ordnancesurvey.co.uk/id/4000000074575425,http://www.ordnancesurvey.co.uk/xml/codelists/localtype.xml#town,West Lindsey,http://data.ordnancesurvey.co.uk/id/7000000000043527,http://data.ordnancesurvey.co.uk/ontology/admingeo/District,Lincolnshire,http://data.ordnancesurvey.co.uk/id/7000000000005942,http://data.ordnancesurvey.co.uk/ontology/admingeo/County,East Midlands,http://data.ordnancesurvey.co.uk/id/7000000000041423,England,http://data.ordnancesurvey.co.uk/id/country/england,,,
DN211SZ,http://data.ordnancesurvey.co.uk/id/postcodeunit/DN211SZ,DN21 1SZ,,,,other,Postcode,482849,389816,3500,18000,,,,,,,Gainsborough,http://data.ordnancesurvey.co.uk/id/4000000074575425,http://www.ordnancesurvey.co.uk/xml/codelists/localtype.xml#town,West Lindsey,http://data.ordnancesurvey.co.uk/id/7000000000043527,http://data.ordnancesurvey.co.uk/ontology/admingeo/District,Lincolnshire,http://data.ordnancesurvey.co.uk/id/7000000000005942,http://data.ordnancesurvey.co.uk/ontology/admingeo/County,East Midlands,http://data.ordnancesurvey.co.uk/id/7000000000041423,England,http://data.ordnancesurvey.co.uk/id/country/england,,,
DN214LD,http://data.ordnancesurvey.co.uk/id/postcodeunit/DN214LD,DN21 4LD,,,,other,Postcode,494701,399905,3500,18000,,,,,,,,,,,,,North Lincolnshire,http://data.ordnancesurvey.co.uk/id/7000000000025623,http://data.ordnancesurvey.co.uk/ontology/admingeo/UnitaryAuthority,Yorkshire and the Humber,http://data.ordnancesurvey.co.uk/id/7000000000041430,England,http://data.ordnancesurvey.co.uk/id/country/england,,,
DN211ZE,http://data.ordnancesurvey.co.uk/id/postcodeunit/DN211ZE,DN21 1ZE,,,,other,Postcode,482928,388641,3500,18000,,,,,,,Gainsborough,http://data.ordnancesurvey.co.uk/id/4000000074575425,http://www.ordnancesurvey.co.uk/xml/codelists/localtype.xml#town,West Lindsey,http://data.ordnancesurvey.co.uk/id/7000000000043527,http://data.ordnancesurvey.co.uk/ontology/admingeo/District,Lincolnshire,http://data.ordnancesurvey.co.uk/id/7000000000005942,http://data.ordnancesurvey.co.uk/ontology/admingeo/County,East Midlands,http://data.ordnancesurvey.co.uk/id/7000000000041423,England,http://data.ordnancesurvey.co.uk/id/country/england,,,
DN213AJ,http://data.ordnancesurvey.co.uk/id/postcodeunit/DN213AJ,DN21 3AJ,,,,other,Postcode,480909,391883,3500,18000,,,,,,,Gainsborough,http://data.ordnancesurvey.co.uk/id/4000000074575425,http://www.ordnancesurvey.co.uk/xml/codelists/localtype.xml#town,West Lindsey,http://data.ordnancesurvey.co.uk/id/7000000000043527,http://data.ordnancesurvey.co.uk/ontology/admingeo/District,Lincolnshire,http://data.ordnancesurvey.co.uk/id/7000000000005942,http://data.ordnancesurvey.co.uk/ontology/admingeo/County,East Midlands,http://data.ordnancesurvey.co.uk/id/7000000000041423,England,http://data.ordnancesurvey.co.uk/id/country/england,,,
DN211YY,http://data.ordnancesurvey.co.uk/id/postcodeunit/DN211YY,DN21 1YY,,,,other,Postcode,483105,389154,3500,18000,,,,,,,Gainsborough,http://data.ordnancesurvey.co.uk/id/4000000074575425,http://www.ordnancesurvey.co.uk/xml/codelists/localtype.xml#town,West Lindsey,http://data.ordnancesurvey.co.uk/id/7000000000043527,http://data.ordnancesurvey.co.uk/ontology/admingeo/District,Lincolnshire,http://data.ordnancesurvey.co.uk/id/7000000000005942,http://data.ordnancesurvey.co.uk/ontology/admingeo/County,East Midlands,http://data.ordnancesurvey.co.uk/id/7000000000041423,England,http://data.ordnancesurvey.co.uk/id/country/england,,,
DN211NT,http://data.ordnancesurvey.co.uk/id/postcodeunit/DN211NT,DN21 1NT,,,,other,Postcode,482532,389148,3500,18000,,,,,,,Gainsborough,http://data.ordnancesurvey.co.uk/id/4000000074575425,http://www.ordnancesurvey.co.uk/xml/codelists/localtype.xml#town,West Lindsey,http://data.ordnancesurvey.co.uk/id/7000000000043527,http://data.ordnancesurvey.co.uk/ontology/admingeo/District,Lincolnshire,http://data.ordnancesurvey.co.uk/id/7000000000005942,http://data.ordnancesurvey.co.uk/ontology/admingeo/County,East Midlands,http://data.ordnancesurvey.co.uk/id/7000000000041423,England,http://data.ordnancesurvey.co.uk/id/country/england,,,
DN211GY,http://data.ordnancesurvey.co.uk/id/postcodeunit/DN211GY,DN21 1GY,,,,other,Postcode,482039,390999,3500,18000,,,,,,,Gainsborough,http://data.ordnancesurvey.co.uk/id/4000000074575425,http://www.ordnancesurvey.co.uk/xml/codelists/localtype.xml#town,West Lindsey,http://data.ordnancesurvey.co.uk/id/7000000000043527,http://data.ordnancesurvey.co.uk/ontology/admingeo/District,Lincolnshire,http://data.ordnancesurvey.co.uk/id/7000000000005942,http://data.ordnancesurvey.co.uk/ontology/admingeo/County,East Midlands,http://data.ordnancesurvey.co.uk/id/7000000000041423,England,http://data.ordnancesurvey.co.uk/id/country/england,,,
DN211AL,http://data.ordnancesurvey.co.uk/id/postcodeunit/DN211AL,DN21 1AL,,,,other,Postcode,482004,388265,3500,18000,,,,,,,Gainsborough,http://data.ordnancesurvey.co.uk/id/4000000074575425,http://www.ordnancesurvey.co.uk/xml/codelists/localtype.xml#town,West Lindsey,http://data.ordnancesurvey.co.uk/id/7000000000043527,http://data.ordnancesurvey.co.uk/ontology/admingeo/District,Lincolnshire,http://data.ordnancesurvey.co.uk/id/7000000000005942,http://data.ordnancesurvey.co.uk/ontology/admingeo/County,East Midlands,http://data.ordnancesurvey.co.uk/id/7000000000041423,England,http://data.ordnancesurvey.co.uk/id/country/england,,,
DN211SQ,http://data.ordnancesurvey.co.uk/id/postcodeunit/DN211SQ,DN21 1SQ,,,,other,Postcode,482911,389306,3500,18000,,,,,,,Gainsborough,http://data.ordnancesurvey.co.uk/id/4000000074575425,http://www.ordnancesurvey.co.uk/xml/codelists/localtype.xml#town,West Lindsey,http://data.ordnancesurvey.co.uk/id/7000000000043527,http://data.ordnancesurvey.co.uk/ontology/admingeo/District,Lincolnshire,http://data.ordnancesurvey.co.uk/id/7000000000005942,http://data.ordnancesurvey.co.uk/ontology/admingeo/County,East Midlands,http://data.ordnancesurvey.co.uk/id/7000000000041423,England,http://data.ordnancesurvey.co.uk/id/country/england,,,
DN213AH,http://data.ordnancesurvey.co.uk/id/postcodeunit/DN213AH,DN21 3AH,,,,other,Postcode,480760,391707,3500,18000,,,,,,,Gainsborough,http://data.ordnancesurvey.co.uk/id/4000000074575425,http://www.ordnancesurvey.co.uk/xml/codelists/localtype.xml#town,West Lindsey,http://data.ordnancesurvey.co.uk/id/7000000000043527,http://data.ordnancesurvey.co.uk/ontology/admingeo/District,Lincolnshire,http://data.ordnancesurvey.co.uk/id/7000000000005942,http://data.ordnancesurvey.co.uk/ontology/admingeo/County,East Midlands,http://data.ordnancesurvey.co.uk/id/7000000000041423,England,http://data.ordnancesurvey.co.uk/id/country/england,,,
DN213NG,http://data.ordnancesurvey.co.uk/id/postcodeunit/DN213NG,DN21 3NG,,,,other,Postcode,485128,394568,3500,18000,,,,,,,Blyton,http://data.ordnancesurvey.co.uk/id/4000000074575429,http://www.ordnancesurvey.co.uk/xml/codelists/localtype.xml#village,West Lindsey,http://data.ordnancesurvey.co.uk/id/7000000000043527,http://data.ordnancesurvey.co.uk/ontology/admingeo/District,Lincolnshire,http://data.ordnancesurvey.co.uk/id/7000000000005942,http://data.ordnancesurvey.co.uk/ontology/admingeo/County,East Midlands,http://data.ordnancesurvey.co.uk/id/7000000000041423,England,http://data.ordnancesurvey.co.uk/id/country/england,,,
DN212JJ,http://data.ordnancesurvey.co.uk/id/postcodeunit/DN212JJ,DN21 2JJ,,,,other,Postcode,481490,389962,3500,18000,,,,,,,Gainsborough,http://data.ordnancesurvey.co.uk/id/4000000074575425,http://www.ordnancesurvey.co.uk/xml/codelists/localtype.xml#town,West Lindsey,http://data.ordnancesurvey.co.uk/id/7000000000043527,http://data.ordnancesurvey.co.uk/ontology/admingeo/District,Lincolnshire,http://data.ordnancesurvey.co.uk/id/7000000000005942,http://data.ordnancesurvey.co.uk/ontology/admingeo/County,East Midlands,http://data.ordnancesurvey.co.uk/id/7000000000041423,England,http://data.ordnancesurvey.co.uk/id/country/england,,,
DN214PZ,http://data.ordnancesurvey.co.uk/id/postcodeunit/DN214PZ,DN21 4PZ,,,,other,Postcode,494633,397986,3500,18000,,,,,,,Kirton in Lindsey,http://data.ordnancesurvey.co.uk/id/4000000074574884,http://www.ordnancesurvey.co.uk/xml/codelists/localtype.xml#town,,,,North Lincolnshire,http://data.ordnancesurvey.co.uk/id/7000000000025623,http://data.ordnancesurvey.co.uk/ontology/admingeo/UnitaryAuthority,Yorkshire and the Humber,http://data.ordnancesurvey.co.uk/id/7000000000041430,England,http://data.ordnancesurvey.co.uk/id/country/england,,,
DN215ER,http://data.ordnancesurvey.co.uk/id/postcodeunit/DN215ER,DN21 5ER,,,,other,Postcode,483489,386352,3500,18000,,,,,,,Lea,http://data.ordnancesurvey.co.uk/id/4000000074578253,http://www.ordnancesurvey.co.uk/xml/codelists/localtype.xml#village,West Lindsey,http://data.ordnancesurvey.co.uk/id/7000000000043527,http://data.ordnancesurvey.co.uk/ontology/admingeo/District,Lincolnshire,http://data.ordnancesurvey.co.uk/id/7000000000005942,http://data.ordnancesurvey.co.uk/ontology/admingeo/County,East Midlands,http://data.ordnancesurvey.co.uk/id/7000000000041423,England,http://data.ordnancesurvey.co.uk/id/country/england,,,
LN12AZ,http://data.ordnancesurvey.co.uk/id/postcodeunit/LN12AZ,LN1 2AZ,,,,other,Postcode,488861,380456,3500,18000,,,,,,,Sturton by Stow,http://data.ordnancesurvey.co.uk/id/4000000074574600,http://www.ordnancesurvey.co.uk/xml/codelists/localtype.xml#village,West Lindsey,http://data.ordnancesurvey.co.uk/id/7000000000043527,http://data.ordnancesurvey.co.uk/ontology/admingeo/District,Lincolnshire,http://data.ordnancesurvey.co.uk/id/7000000000005942,http://data.ordnancesurvey.co.uk/ontology/admingeo/County,East Midlands,http://data.ordnancesurvey.co.uk/id/7000000000041423,England,http://data.ordnancesurvey.co.uk/id/country/england,,,
DN215HP,http://data.ordnancesurvey.co.uk/id/postcodeunit/DN215HP,DN21 5HP,,,,other,Postcode,482724,386785,3500,18000,,,,,,,Lea,http://data.ordnancesurvey.co.uk/id/4000000074578253,http://www.ordnancesurvey.co.uk/xml/codelists/localtype.xml#village,West Lindsey,http://data.ordnancesurvey.co.uk/id/7000000000043527,http://data.ordnancesurvey.co.uk/ontology/admingeo/District,Lincolnshire,http://data.ordnancesurvey.co.uk/id/7000000000005942,http://data.ordnancesurvey.co.uk/ontology/admingeo/County,East Midlands,http://data.ordnancesurvey.co.uk/id/7000000000041423,England,http://data.ordnancesurvey.co.uk/id/country/england,,,
DN212HR,http://data.ordnancesurvey.co.uk/id/postcodeunit/DN212HR,DN21 2HR,,,,other,Postcode,481607,390035,3500,18000,,,,,,,Gainsborough,http://data.ordnancesurvey.co.uk/id/4000000074575425,http://www.ordnancesurvey.co.uk/xml/codelists/localtype.xml#town,West Lindsey,http://data.ordnancesurvey.co.uk/id/7000000000043527,http://data.ordnancesurvey.co.uk/ontology/admingeo/District,Lincolnshire,http://data.ordnancesurvey.co.uk/id/7000000000005942,http://data.ordnancesurvey.co.uk/ontology/admingeo/County,East Midlands,http://data.ordnancesurvey.co.uk/id/7000000000041423,England,http://data.ordnancesurvey.co.uk/id/country/england,,,
DN214TY,http://data.ordnancesurvey.co.uk/id/postcodeunit/DN214TY,DN21 4TY,,,,other,Postcode,498524,394658,3500,18000,,,,,,,Snitterby,http://data.ordnancesurvey.co.uk/id/4000000074574606,http://www.ordnancesurvey.co.uk/xml/codelists/localtype.xml#village,West Lindsey,http://data.ordnancesurvey.co.uk/id/7000000000043527,http://data.ordnancesurvey.co.uk/ontology/admingeo/District,Lincolnshire,http://data.ordnancesurvey.co.uk/id/7000000000005942,http://data.ordnancesurvey.co.uk/ontology/admingeo/County,East Midlands,http://data.ordnancesurvey.co.uk/id/7000000000041423,England,http://data.ordnancesurvey.co.uk/id/country/england,,,
DN213DA,http://data.ordnancesurvey.co.uk/id/postcodeunit/DN213DA,DN21 3DA,,,,other,Postcode,480550,392232,3500,18000,,,,,,,Gainsborough,http://data.ordnancesurvey.co.uk/id/4000000074575425,http://www.ordnancesurvey.co.uk/xml/codelists/localtype.xml#town,West Lindsey,http://data.ordnancesurvey.co.uk/id/7000000000043527,http://data.ordnancesurvey.co.uk/ontology/admingeo/District,Lincolnshire,http://data.ordnancesurvey.co.uk/id/7000000000005942,http://data.ordnancesurvey.co.uk/ontology/admingeo/County,East Midlands,http://data.ordnancesurvey.co.uk/id/7000000000041423,England,http://data.ordnancesurvey.co.uk/id/country/england,,,
DN214SB,http://data.ordnancesurvey.co.uk/id/postcodeunit/DN214SB,DN21 4SB,,,,other,Postcode,498152,396095,3500,18000,,,,,,,Waddingham,http://data.ordnancesurvey.co.uk/id/4000000074574880,http://www.ordnancesurvey.co.uk/xml/codelists/localtype.xml#village,West Lindsey,http://data.ordnancesurvey.co.uk/id/7000000000043527,http://data.ordnancesurvey.co.uk/ontology/admingeo/District,Lincolnshire,http://data.ordnancesurvey.co.uk/id/7000000000005942,http://data.ordnancesurvey.co.uk/ontology/admingeo/County,East Midlands,http://data.ordnancesurvey.co.uk/id/7000000000041423,England,http://data.ordnancesurvey.co.uk/id/country/england,,,
DN211GR,http://data.ordnancesurvey.co.uk/id/postcodeunit/DN211GR,DN21 1GR,,,,other,Postcode,482077,388386,3500,18000,,,,,,,Gainsborough,http://data.ordnancesurvey.co.uk/id/4000000074575425,http://www.ordnancesurvey.co.uk/xml/codelists/localtype.xml#town,West Lindsey,http://data.ordnancesurvey.co.uk/id/7000000000043527,http://data.ordnancesurvey.co.uk/ontology/admingeo/District,Lincolnshire,http://data.ordnancesurvey.co.uk/id/7000000000005942,http://data.ordnancesurvey.co.uk/ontology/admingeo/County,East Midlands,http://data.ordnancesurvey.co.uk/id/7000000000041423,England,http://data.ordnancesurvey.co.uk/id/country/england,,,
DN211ZP,http://data.ordnancesurvey.co.uk/id/postcodeunit/DN211ZP,DN21 1ZP,,,,other,Postcode,482627,390850,3500,18000,,,,,,,Gainsborough,http://data.ordnancesurvey.co.uk/id/4000000074575425,http://www.ordnancesurvey.co.uk/xml/codelists/localtype.xml#town,West Lindsey,http://data.ordnancesurvey.co.uk/id/7000000000043527,http://data.ordnancesurvey.co.uk/ontology/admingeo/District,Lincolnshire,http://data.ordnancesurvey.co.uk/id/7000000000005942,http://data.ordnancesurvey.co.uk/ontology/admingeo/County,East Midlands,http://data.ordnancesurvey.co.uk/id/7000000000041423,England,http://data.ordnancesurvey.co.uk/id/country/england,,,
DN215JD,http://data.ordnancesurvey.co.uk/id/postcodeunit/DN215JD,DN21 5JD,,,,other,Postcode,482846,386459,3500,18000,,,,,,,Lea,http://data.ordnancesurvey.co.uk/id/4000000074578253,http://www.ordnancesurvey.co.uk/xml/codelists/localtype.xml#village,West Lindsey,http://data.ordnancesurvey.co.uk/id/7000000000043527,http://data.ordnancesurvey.co.uk/ontology/admingeo/District,Lincolnshire,http://data.ordnancesurvey.co.uk/id/7000000000005942,http://data.ordnancesurvey.co.uk/ontology/admingeo/County,East Midlands,http://data.ordnancesurvey.co.uk/id/7000000000041423,England,http://data.ordnancesurvey.co.uk/id/country/england,,,
DN212DB,http://data.ordnancesurvey.co.uk/id/postcodeunit/DN212DB,DN21 2DB,,,,other,Postcode,481443,389911,3500,18000,,,,,,,Gainsborough,http://data.ordnancesurvey.co.uk/id/4000000074575425,http://www.ordnancesurvey.co.uk/xml/codelists/localtype.xml#town,West Lindsey,http://data.ordnancesurvey.co.uk/id/7000000000043527,http://data.ordnancesurvey.co.uk/ontology/admingeo/District,Lincolnshire,http://data.ordnancesurvey.co.uk/id/7000000000005942,http://data.ordnancesurvey.co.uk/ontology/admingeo/County,East Midlands,http://data.ordnancesurvey.co.uk/id/7000000000041423,England,http://data.ordnancesurvey.co.uk/id/country/england,,,
LN23PR,http://data.ordnancesurvey.co.uk/id/postcodeunit/LN23PR,LN2 3PR,,,,other,Postcode,497346,382111,3500,18000,,,,,,,,,,West Lindsey,http://data.ordnancesurvey.co.uk/id/7000000000043527,http://data.ordnancesurvey.co.uk/ontology/admingeo/District,Lincolnshire,http://data.ordnancesurvey.co.uk/id/7000000000005942,http://data.ordnancesurvey.co.uk/ontology/admingeo/County,East Midlands,http://data.ordnancesurvey.co.uk/id/7000000000041423,England,http://data.ordnancesurvey.co.uk/id/country/england,,,
DN212TN,http://data.ordnancesurvey.co.uk/id/postcodeunit/DN212TN,DN21 2TN,,,,other,Postcode,480984,391284,3500,18000,,,,,,,Gainsborough,http://data.ordnancesurvey.co.uk/id/4000000074575425,http://www.ordnancesurvey.co.uk/xml/codelists/localtype.xml#town,West Lindsey,http://data.ordnancesurvey.co.uk/id/7000000000043527,http://data.ordnancesurvey.co.uk/ontology/admingeo/District,Lincolnshire,http://data.ordnancesurvey.co.uk/id/7000000000005942,http://data.ordnancesurvey.co.uk/ontology/admingeo/County,East Midlands,http://data.ordnancesurvey.co.uk/id/7000000000041423,England,http://data.ordnancesurvey.co.uk/id/country/england,,,
DN213ET,http://data.ordnancesurvey.co.uk/id/postcodeunit/DN213ET,DN21 3ET,,,,other,Postcode,480738,392857,3500,18000,,,,,,,,,,West Lindsey,http://data.ordnancesurvey.co.uk/id/7000000000043527,http://data.ordnancesurvey.co.uk/ontology/admingeo/District,Lincolnshire,http://data.ordnancesurvey.co.uk/id/7000000000005942,http://data.ordnancesurvey.co.uk/ontology/admingeo/County,East Midlands,http://data.ordnancesurvey.co.uk/id/7000000000041423,England,http://data.ordnancesurvey.co.uk/id/country/england,,,
DN212JW,http://data.ordnancesurvey.co.uk/id/postcodeunit/DN212JW,DN21 2JW,,,,other,Postcode,481485,390015,3500,18000,,,,,,,Gainsborough,http://data.ordnancesurvey.co.uk/id/4000000074575425,http://www.ordnancesurvey.co.uk/xml/codelists/localtype.xml#town,West Lindsey,http://data.ordnancesurvey.co.uk/id/7000000000043527,http://data.ordnancesurvey.co.uk/ontology/admingeo/District,Lincolnshire,http://data.ordnancesurvey.co.uk/id/7000000000005942,http://data.ordnancesurvey.co.uk/ontology/admingeo/County,East Midlands,http://data.ordnancesurvey.co.uk/id/7000000000041423,England,http://data.ordnancesurvey.co.uk/id/country/england,,,
DN215NU,http://data.ordnancesurvey.co.uk/id/postcodeunit/DN215NU,DN21 5NU,,,,other,Postcode,486940,386627,3500,18000,,,,,,,Upton,http://data.ordnancesurvey.co.uk/id/4000000074578003,http://www.ordnancesurvey.co.uk/xml/codelists/localtype.xml#village,West Lindsey,http://data.ordnancesurvey.co.uk/id/7000000000043527,http://data.ordnancesurvey.co.uk/ontology/admingeo/District,Lincolnshire,http://data.ordnancesurvey.co.uk/id/7000000000005942,http://data.ordnancesurvey.co.uk/ontology/admingeo/County,East Midlands,http://data.ordnancesurvey.co.uk/id/7000000000041423,England,http://data.ordnancesurvey.co.uk/id/country/england,,,
DN215PL,http://data.ordnancesurvey.co.uk/id/postcodeunit/DN215PL,DN21 5PL,,,,other,Postcode,482848,385516,3500,18000,,,,,,,,,,West Lindsey,http://data.ordnancesurvey.co.uk/id/7000000000043527,http://data.ordnancesurvey.co.uk/ontology/admingeo/District,Lincolnshire,http://data.ordnancesurvey.co.uk/id/7000000000005942,http://data.ordnancesurvey.co.uk/ontology/admingeo/County,East Midlands,http://data.ordnancesurvey.co.uk/id/7000000000041423,England,http://data.ordnancesurvey.co.uk/id/country/england,,,
DN212PA,http://data.ordnancesurvey.co.uk/id/postcodeunit/DN212PA,DN21 2PA,,,,other,Postcode,481116,390696,3500,18000,,,,,,,Gainsborough,http://data.ordnancesurvey.co.uk/id/4000000074575425,http://www.ordnancesurvey.co.uk/xml/codelists/localtype.xml#town,West Lindsey,http://data.ordnancesurvey.co.uk/id/7000000000043527,http://data.ordnancesurvey.co.uk/ontology/admingeo/District,Lincolnshire,http://data.ordnancesurvey.co.uk/id/7000000000005942,http://data.ordnancesurvey.co.uk/ontology/admingeo/County,East Midlands,http://data.ordnancesurvey.co.uk/id/7000000000041423,England,http://data.ordnancesurvey.co.uk/id/country/england,,,
DN212HA,http://data.ordnancesurvey.co.uk/id/postcodeunit/DN212HA,DN21 2HA,,,,other,Postcode,481786,389696,3500,18000,,,,,,,Gainsborough,http://data.ordnancesurvey.co.uk/id/4000000074575425,http://www.ordnancesurvey.co.uk/xml/codelists/localtype.xml#town,West Lindsey,http://data.ordnancesurvey.co.uk/id/7000000000043527,http://data.ordnancesurvey.co.uk/ontology/admingeo/District,Lincolnshire,http://data.ordnancesurvey.co.uk/id/7000000000005942,http://data.ordnancesurvey.co.uk/ontology/admingeo/County,East Midlands,http://data.ordnancesurvey.co.uk/id/7000000000041423,England,http://data.ordnancesurvey.co.uk/id/country/england,,,
DN212PB,http://data.ordnancesurvey.co.uk/id/postcodeunit/DN212PB,DN21 2PB,,,,other,Postcode,481098,390730,3500,18000,,,,,,,Gainsborough,http://data.ordnancesurvey.co.uk/id/4000000074575425,http://www.ordnancesurvey.co.uk/xml/codelists/localtype.xml#town,West Lindsey,http://data.ordnancesurvey.co.uk/id/7000000000043527,http://data.ordnancesurvey.co.uk/ontology/admingeo/District,Lincolnshire,http://data.ordnancesurvey.co.uk/id/7000000000005942,http://data.ordnancesurvey.co.uk/ontology/admingeo/County,East Midlands,http://data.ordnancesurvey.co.uk/id/7000000000041423,England,http://data.ordnancesurvey.co.uk/id/country/england,,,
DN213LR,http://data.ordnancesurvey.co.uk/id/postcodeunit/DN213LR,DN21 3LR,,,,other,Postcode,484862,394406,3500,18000,,,,,,,Blyton,http://data.ordnancesurvey.co.uk/id/4000000074575429,http://www.ordnancesurvey.co.uk/xml/codelists/localtype.xml#village,West Lindsey,http://data.ordnancesurvey.co.uk/id/7000000000043527,http://data.ordnancesurvey.co.uk/ontology/admingeo/District,Lincolnshire,http://data.ordnancesurvey.co.uk/id/7000000000005942,http://data.ordnancesurvey.co.uk/ontology/admingeo/County,East Midlands,http://data.ordnancesurvey.co.uk/id/7000000000041423,England,http://data.ordnancesurvey.co.uk/id/country/england,,,
DN214BA,http://data.ordnancesurvey.co.uk/id/postcodeunit/DN214BA,DN21 4BA,,,,other,Postcode,493578,398878,3500,18000,,,,,,,Kirton in Lindsey,http://data.ordnancesurvey.co.uk/id/4000000074574884,http://www.ordnancesurvey.co.uk/xml/codelists/localtype.xml#town,,,,North Lincolnshire,http://data.ordnancesurvey.co.uk/id/7000000000025623,http://data.ordnancesurvey.co.uk/ontology/admingeo/UnitaryAuthority,Yorkshire and the Humber,http://data.ordnancesurvey.co.uk/id/7000000000041430,England,http://data.ordnancesurvey.co.uk/id/country/england,,,
DN215AU,http://data.ordnancesurvey.co.uk/id/postcodeunit/DN215AU,DN21 5AU,,,,other,Postcode,484439,381807,3500,18000,,,,,,,Marton,http://data.ordnancesurvey.co.uk/id/4000000074577537,http://www.ordnancesurvey.co.uk/xml/codelists/localtype.xml#village,West Lindsey,http://data.ordnancesurvey.co.uk/id/7000000000043527,http://data.ordnancesurvey.co.uk/ontology/admingeo/District,Lincolnshire,http://data.ordnancesurvey.co.uk/id/7000000000005942,http://data.ordnancesurvey.co.uk/ontology/admingeo/County,East Midlands,http://data.ordnancesurvey.co.uk/id/7000000000041423,England,http://data.ordnancesurvey.co.uk/id/country/england,,,
DN215FE,http://data.ordnancesurvey.co.uk/id/postcodeunit/DN215FE,DN21 5FE,,,,other,Postcode,487359,384533,3500,18000,,,,,,,Willingham by Stow,http://data.ordnancesurvey.co.uk/id/4000000074575139,http://www.ordnancesurvey.co.uk/xml/codelists/localtype.xml#village,West Lindsey,http://data.ordnancesurvey.co.uk/id/7000000000043527,http://data.ordnancesurvey.co.uk/ontology/admingeo/District,Lincolnshire,http://data.ordnancesurvey.co.uk/id/7000000000005942,http://data.ordnancesurvey.co.uk/ontology/admingeo/County,East Midlands,http://data.ordnancesurvey.co.uk/id/7000000000041423,England,http://data.ordnancesurvey.co.uk/id/country/england,,,
DN211NZ,http://data.ordnancesurvey.co.uk/id/postcodeunit/DN211NZ,DN21 1NZ,,,,other,Postcode,482278,389892,3500,18000,,,,,,,Gainsborough,http://data.ordnancesurvey.co.uk/id/4000000074575425,http://www.ordnancesurvey.co.uk/xml/codelists/localtype.xml#town,West Lindsey,http://data.ordnancesurvey.co.uk/id/7000000000043527,http://data.ordnancesurvey.co.uk/ontology/admingeo/District,Lincolnshire,http://data.ordnancesurvey.co.uk/id/7000000000005942,http://data.ordnancesurvey.co.uk/ontology/admingeo/County,East Midlands,http://data.ordnancesurvey.co.uk/id/7000000000041423,England,http://data.ordnancesurvey.co.uk/id/country/england,,,
DN212HW,http://data.ordnancesurvey.co.uk/id/postcodeunit/DN212HW,DN21 2HW,,,,other,Postcode,481580,390204,3500,18000,,,,,,,Gainsborough,http://data.ordnancesurvey.co.uk/id/4000000074575425,http://www.ordnancesurvey.co.uk/xml/codelists/localtype.xml#town,West Lindsey,http://data.ordnancesurvey.co.uk/id/7000000000043527,http://data.ordnancesurvey.co.uk/ontology/admingeo/District,Lincolnshire,http://data.ordnancesurvey.co.uk/id/7000000000005942,http://data.ordnancesurvey.co.uk/ontology/admingeo/County,East Midlands,http://data.ordnancesurvey.co.uk/id/7000000000041423,England,http://data.ordnancesurvey.co.uk/id/country/england,,,
DN211JZ,http://data.ordnancesurvey.co.uk/id/postcodeunit/DN211JZ,DN21 1JZ,,,,other,Postcode,481645,389024,3500,18000,,,,,,,Gainsborough,http://data.ordnancesurvey.co.uk/id/4000000074575425,http://www.ordnancesurvey.co.uk/xml/codelists/localtype.xml#town,West Lindsey,http://data.ordnancesurvey.co.uk/id/7000000000043527,http://data.ordnancesurvey.co.uk/ontology/admingeo/District,Lincolnshire,http://data.ordnancesurvey.co.uk/id/7000000000005942,http://data.ordnancesurvey.co.uk/ontology/admingeo/County,East Midlands,http://data.ordnancesurvey.co.uk/id/7000000000041423,England,http://data.ordnancesurvey.co.uk/id/country/england,,,
DN214PW,http://data.ordnancesurvey.co.uk/id/postcodeunit/DN214PW,DN21 4PW,,,,other,Postcode,493370,398675,3500,18000,,,,,,,Kirton in Lindsey,http://data.ordnancesurvey.co.uk/id/4000000074574884,http://www.ordnancesurvey.co.uk/xml/codelists/localtype.xml#town,,,,North Lincolnshire,http://data.ordnancesurvey.co.uk/id/7000000000025623,http://data.ordnancesurvey.co.uk/ontology/admingeo/UnitaryAuthority,Yorkshire and the Humber,http://data.ordnancesurvey.co.uk/id/7000000000041430,England,http://data.ordnancesurvey.co.uk/id/country/england,,,
DN215HU,http://data.ordnancesurvey.co.uk/id/postcodeunit/DN215HU,DN21 5HU,,,,other,Postcode,483002,386980,3500,18000,,,,,,,Lea,http://data.ordnancesurvey.co.uk/id/4000000074578253,http://www.ordnancesurvey.co.uk/xml/codelists/localtype.xml#village,West Lindsey,http://data.ordnancesurvey.co.uk/id/7000000000043527,http://data.ordnancesurvey.co.uk/ontology/admingeo/District,Lincolnshire,http://data.ordnancesurvey.co.uk/id/7000000000005942,http://data.ordnancesurvey.co.uk/ontology/admingeo/County,East Midlands,http://data.ordnancesurvey.co.uk/id/7000000000041423,England,http://data.ordnancesurvey.co.uk/id/country/england,,,
DN211EU,http://data.ordnancesurvey.co.uk/id/postcodeunit/DN211EU,DN21 1EU,,,,other,Postcode,481940,390518,3500,18000,,,,,,,Gainsborough,http://data.ordnancesurvey.co.uk/id/4000000074575425,http://www.ordnancesurvey.co.uk/xml/codelists/localtype.xml#town,West Lindsey,http://data.ordnancesurvey.co.uk/id/7000000000043527,http://data.ordnancesurvey.co.uk/ontology/admingeo/District,Lincolnshire,http://data.ordnancesurvey.co.uk/id/7000000000005942,http://data.ordnancesurvey.co.uk/ontology/admingeo/County,East Midlands,http://data.ordnancesurvey.co.uk/id/7000000000041423,England,http://data.ordnancesurvey.co.uk/id/country/england,,,
DN212AQ,http://data.ordnancesurvey.co.uk/id/postcodeunit/DN212AQ,DN21 2AQ,,,,other,Postcode,481460,389511,3500,18000,,,,,,,Gainsborough,http://data.ordnancesurvey.co.uk/id/4000000074575425,http://www.ordnancesurvey.co.uk/xml/codelists/localtype.xml#town,West Lindsey,http://data.ordnancesurvey.co.uk/id/7000000000043527,http://data.ordnancesurvey.co.uk/ontology/admingeo/District,Lincolnshire,http://data.ordnancesurvey.co.uk/id/7000000000005942,http://data.ordnancesurvey.co.uk/ontology/admingeo/County,East Midlands,http://data.ordnancesurvey.co.uk/id/7000000000041423,England,http://data.ordnancesurvey.co.uk/id/country/england,,,
LN12YE,http://data.ordnancesurvey.co.uk/id/postcodeunit/LN12YE,LN1 2YE,,,,other,Postcode,495055,383473,3500,18000,,,,,,,Ingham,http://data.ordnancesurvey.co.uk/id/4000000074574875,http://www.ordnancesurvey.co.uk/xml/codelists/localtype.xml#village,West Lindsey,http://data.ordnancesurvey.co.uk/id/7000000000043527,http://data.ordnancesurvey.co.uk/ontology/admingeo/District,Lincolnshire,http://data.ordnancesurvey.co.uk/id/7000000000005942,http://data.ordnancesurvey.co.uk/ontology/admingeo/County,East Midlands,http://data.ordnancesurvey.co.uk/id/7000000000041423,England,http://data.ordnancesurvey.co.uk/id/country/england,,,
DN212DL,http://data.ordnancesurvey.co.uk/id/postcodeunit/DN212DL,DN21 2DL,,,,other,Postcode,481368,389765,3500,18000,,,,,,,Gainsborough,http://data.ordnancesurvey.co.uk/id/4000000074575425,http://www.ordnancesurvey.co.uk/xml/codelists/localtype.xml#town,West Lindsey,http://data.ordnancesurvey.co.uk/id/7000000000043527,http://data.ordnancesurvey.co.uk/ontology/admingeo/District,Lincolnshire,http://data.ordnancesurvey.co.uk/id/7000000000005942,http://data.ordnancesurvey.co.uk/ontology/admingeo/County,East Midlands,http://data.ordnancesurvey.co.uk/id/7000000000041423,England,http://data.ordnancesurvey.co.uk/id/country/england,,,
LN12AL,http://data.ordnancesurvey.co.uk/id/postcodeunit/LN12AL,LN1 2AL,,,,other,Postcode,485724,381434,3500,18000,,,,,,,,,,West Lindsey,http://data.ordnancesurvey.co.uk/id/7000000000043527,http://data.ordnancesurvey.co.uk/ontology/admingeo/District,Lincolnshire,http://data.ordnancesurvey.co.uk/id/7000000000005942,http://data.ordnancesurvey.co.uk/ontology/admingeo/County,East Midlands,http://data.ordnancesurvey.co.uk/id/7000000000041423,England,http://data.ordnancesurvey.co.uk/id/country/england,,,
DN215TQ,http://data.ordnancesurvey.co.uk/id/postcodeunit/DN215TQ,DN21 5TQ,,,,other,Postcode,494987,389481,3500,18000,,,,,,,Hemswell Cliff,http://data.ordnancesurvey.co.uk/id/4000000074574338,http://www.ordnancesurvey.co.uk/xml/codelists/localtype.xml#village,West Lindsey,http://data.ordnancesurvey.co.uk/id/7000000000043527,http://data.ordnancesurvey.co.uk/ontology/admingeo/District,Lincolnshire,http://data.ordnancesurvey.co.uk/id/7000000000005942,http://data.ordnancesurvey.co.uk/ontology/admingeo/County,East Midlands,http://data.ordnancesurvey.co.uk/id/7000000000041423,England,http://data.ordnancesurvey.co.uk/id/country/england,,,
LN12AH,http://data.ordnancesurvey.co.uk/id/postcodeunit/LN12AH,LN1 2AH,,,,other,Postcode,487478,380844,3500,18000,,,,,,,,,,West Lindsey,http://data.ordnancesurvey.co.uk/id/7000000000043527,http://data.ordnancesurvey.co.uk/ontology/admingeo/District,Lincolnshire,http://data.ordnancesurvey.co.uk/id/7000000000005942,http://data.ordnancesurvey.co.uk/ontology/admingeo/County,East Midlands,http://data.ordnancesurvey.co.uk/id/7000000000041423,England,http://data.ordnancesurvey.co.uk/id/country/england,,,
DN214BD,http://data.ordnancesurvey.co.uk/id/postcodeunit/DN214BD,DN21 4BD,,,,other,Postcode,493319,399443,3500,18000,,,,,,,Kirton in Lindsey,http://data.ordnancesurvey.co.uk/id/4000000074574884,http://www.ordnancesurvey.co.uk/xml/codelists/localtype.xml#town,,,,North Lincolnshire,http://data.ordnancesurvey.co.uk/id/7000000000025623,http://data.ordnancesurvey.co.uk/ontology/admingeo/UnitaryAuthority,Yorkshire and the Humber,http://data.ordnancesurvey.co.uk/id/7000000000041430,England,http://data.ordnancesurvey.co.uk/id/country/england,,,
DN212JP,http://data.ordnancesurvey.co.uk/id/postcodeunit/DN212JP,DN21 2JP,,,,other,Postcode,481489,390254,3500,18000,,,,,,,Gainsborough,http://data.ordnancesurvey.co.uk/id/4000000074575425,http://www.ordnancesurvey.co.uk/xml/codelists/localtype.xml#town,West Lindsey,http://data.ordnancesurvey.co.uk/id/7000000000043527,http://data.ordnancesurvey.co.uk/ontology/admingeo/District,Lincolnshire,http://data.ordnancesurvey.co.uk/id/7000000000005942,http://data.ordnancesurvey.co.uk/ontology/admingeo/County,East Midlands,http://data.ordnancesurvey.co.uk/id/7000000000041423,England,http://data.ordnancesurvey.co.uk/id/country/england,,,
DN215NB,http://data.ordnancesurvey.co.uk/id/postcodeunit/DN215NB,DN21 5NB,,,,other,Postcode,487262,385876,3500,18000,,,,,,,Kexby,http://data.ordnancesurvey.co.uk/id/4000000074577769,http://www.ordnancesurvey.co.uk/xml/codelists/localtype.xml#village,West Lindsey,http://data.ordnancesurvey.co.uk/id/7000000000043527,http://data.ordnancesurvey.co.uk/ontology/admingeo/District,Lincolnshire,http://data.ordnancesurvey.co.uk/id/7000000000005942,http://data.ordnancesurvey.co.uk/ontology/admingeo/County,East Midlands,http://data.ordnancesurvey.co.uk/id/7000000000041423,England,http://data.ordnancesurvey.co.uk/id/country/england,,,
DN212QA,http://data.ordnancesurvey.co.uk/id/postcodeunit/DN212QA,DN21 2QA,,,,other,Postcode,481018,390270,3500,18000,,,,,,,Gainsborough,http://data.ordnancesurvey.co.uk/id/4000000074575425,http://www.ordnancesurvey.co.uk/xml/codelists/localtype.xml#town,West Lindsey,http://data.ordnancesurvey.co.uk/id/7000000000043527,http://data.ordnancesurvey.co.uk/ontology/admingeo/District,Lincolnshire,http://data.ordnancesurvey.co.uk/id/7000000000005942,http://data.ordnancesurvey.co.uk/ontology/admingeo/County,East Midlands,http://data.ordnancesurvey.co.uk/id/7000000000041423,England,http://data.ordnancesurvey.co.uk/id/country/england,,,
DN211UD,http://data.ordnancesurvey.co.uk/id/postcodeunit/DN211UD,DN21 1UD,,,,other,Postcode,482662,389578,3500,18000,,,,,,,Gainsborough,http://data.ordnancesurvey.co.uk/id/4000000074575425,http://www.ordnancesurvey.co.uk/xml/codelists/localtype.xml#town,West Lindsey,http://data.ordnancesurvey.co.uk/id/7000000000043527,http://data.ordnancesurvey.co.uk/ontology/admingeo/District,Lincolnshire,http://data.ordnancesurvey.co.uk/id/7000000000005942,http://data.ordnancesurvey.co.uk/ontology/admingeo/County,East Midlands,http://data.ordnancesurvey.co.uk/id/7000000000041423,England,http://data.ordnancesurvey.co.uk/id/country/england,,,
DN211SP,http://data.ordnancesurvey.co.uk/id/postcodeunit/DN211SP,DN21 1SP,,,,other,Postcode,482745,389600,3500,18000,,,,,,,Gainsborough,http://data.ordnancesurvey.co.uk/id/4000000074575425,http://www.ordnancesurvey.co.uk/xml/codelists/localtype.xml#town,West Lindsey,http://data.ordnancesurvey.co.uk/id/7000000000043527,http://data.ordnancesurvey.co.uk/ontology/admingeo/District,Lincolnshire,http://data.ordnancesurvey.co.uk/id/7000000000005942,http://data.ordnancesurvey.co.uk/ontology/admingeo/County,East Midlands,http://data.ordnancesurvey.co.uk/id/7000000000041423,England,http://data.ordnancesurvey.co.uk/id/country/england,,,
DN214EL,http://data.ordnancesurvey.co.uk/id/postcodeunit/DN214EL,DN21 4EL,,,,other,Postcode,493492,397914,3500,18000,,,,,,,Kirton in Lindsey,http://data.ordnancesurvey.co.uk/id/4000000074574884,http://www.ordnancesurvey.co.uk/xml/codelists/localtype.xml#town,,,,North Lincolnshire,http://data.ordnancesurvey.co.uk/id/7000000000025623,http://data.ordnancesurvey.co.uk/ontology/admingeo/UnitaryAuthority,Yorkshire and the Humber,http://data.ordnancesurvey.co.uk/id/7000000000041430,England,http://data.ordnancesurvey.co.uk/id/country/england,,,
DN215HN,http://data.ordnancesurvey.co.uk/id/postcodeunit/DN215HN,DN21 5HN,,,,other,Postcode,482849,386572,3500,18000,,,,,,,Lea,http://data.ordnancesurvey.co.uk/id/4000000074578253,http://www.ordnancesurvey.co.uk/xml/codelists/localtype.xml#village,West Lindsey,http://data.ordnancesurvey.co.uk/id/7000000000043527,http://data.ordnancesurvey.co.uk/ontology/admingeo/District,Lincolnshire,http://data.ordnancesurvey.co.uk/id/7000000000005942,http://data.ordnancesurvey.co.uk/ontology/admingeo/County,East Midlands,http://data.ordnancesurvey.co.uk/id/7000000000041423,England,http://data.ordnancesurvey.co.uk/id/country/england,,,
DN214DX,http://data.ordnancesurvey.co.uk/id/postcodeunit/DN214DX,DN21 4DX,,,,other,Postcode,493894,398357,3500,18000,,,,,,,Kirton in Lindsey,http://data.ordnancesurvey.co.uk/id/4000000074574884,http://www.ordnancesurvey.co.uk/xml/codelists/localtype.xml#town,,,,North Lincolnshire,http://data.ordnancesurvey.co.uk/id/7000000000025623,http://data.ordnancesurvey.co.uk/ontology/admingeo/UnitaryAuthority,Yorkshire and the Humber,http://data.ordnancesurvey.co.uk/id/7000000000041430,England,http://data.ordnancesurvey.co.uk/id/country/england,,,
DN215PE,http://data.ordnancesurvey.co.uk/id/postcodeunit/DN215PE,DN21 5PE,,,,other,Postcode,482961,384707,3500,18000,,,,,,,Knaith,http://data.ordnancesurvey.co.uk/id/4000000074578004,http://www.ordnancesurvey.co.uk/xml/codelists/localtype.xml#hamlet,West Lindsey,http://data.ordnancesurvey.co.uk/id/7000000000043527,http://data.ordnancesurvey.co.uk/ontology/admingeo/District,Lincolnshire,http://data.ordnancesurvey.co.uk/id/7000000000005942,http://data.ordnancesurvey.co.uk/ontology/admingeo/County,East Midlands,http://data.ordnancesurvey.co.uk/id/7000000000041423,England,http://data.ordnancesurvey.co.uk/id/country/england,,,
DN211HD,http://data.ordnancesurvey.co.uk/id/postcodeunit/DN211HD,DN21 1HD,,,,other,Postcode,481847,390349,3500,18000,,,,,,,Gainsborough,http://data.ordnancesurvey.co.uk/id/4000000074575425,http://www.ordnancesurvey.co.uk/xml/codelists/localtype.xml#town,West Lindsey,http://data.ordnancesurvey.co.uk/id/7000000000043527,http://data.ordnancesurvey.co.uk/ontology/admingeo/District,Lincolnshire,http://data.ordnancesurvey.co.uk/id/7000000000005942,http://data.ordnancesurvey.co.uk/ontology/admingeo/County,East Midlands,http://data.ordnancesurvey.co.uk/id/7000000000041423,England,http://data.ordnancesurvey.co.uk/id/country/england,,,
DN211NB,http://data.ordnancesurvey.co.uk/id/postcodeunit/DN211NB,DN21 1NB,,,,other,Postcode,482425,391077,3500,18000,,,,,,,Gainsborough,http://data.ordnancesurvey.co.uk/id/4000000074575425,http://www.ordnancesurvey.co.uk/xml/codelists/localtype.xml#town,West Lindsey,http://data.ordnancesurvey.co.uk/id/7000000000043527,http://data.ordnancesurvey.co.uk/ontology/admingeo/District,Lincolnshire,http://data.ordnancesurvey.co.uk/id/7000000000005942,http://data.ordnancesurvey.co.uk/ontology/admingeo/County,East Midlands,http://data.ordnancesurvey.co.uk/id/7000000000041423,England,http://data.ordnancesurvey.co.uk/id/country/england,,,
DN214BU,http://data.ordnancesurvey.co.uk/id/postcodeunit/DN214BU,DN21 4BU,,,,other,Postcode,493340,398872,3500,18000,,,,,,,Kirton in Lindsey,http://data.ordnancesurvey.co.uk/id/4000000074574884,http://www.ordnancesurvey.co.uk/xml/codelists/localtype.xml#town,,,,North Lincolnshire,http://data.ordnancesurvey.co.uk/id/7000000000025623,http://data.ordnancesurvey.co.uk/ontology/admingeo/UnitaryAuthority,Yorkshire and the Humber,http://data.ordnancesurvey.co.uk/id/7000000000041430,England,http://data.ordnancesurvey.co.uk/id/country/england,,,
DN211AA,http://data.ordnancesurvey.co.uk/id/postcodeunit/DN211AA,DN21 1AA,,,,other,Postcode,481665,388789,3500,18000,,,,,,,Gainsborough,http://data.ordnancesurvey.co.uk/id/4000000074575425,http://www.ordnancesurvey.co.uk/xml/codelists/localtype.xml#town,West Lindsey,http://data.ordnancesurvey.co.uk/id/7000000000043527,http://data.ordnancesurvey.co.uk/ontology/admingeo/District,Lincolnshire,http://data.ordnancesurvey.co.uk/id/7000000000005942,http://data.ordnancesurvey.co.uk/ontology/admingeo/County,East Midlands,http://data.ordnancesurvey.co.uk/id/7000000000041423,England,http://data.ordnancesurvey.co.uk/id/country/england,,,
DN220HB,http://data.ordnancesurvey.co.uk/id/postcodeunit/DN220HB,DN22 0HB,,,,other,Postcode,481481,383079,3500,18000,,,,,,,,,,Bassetlaw,http://data.ordnancesurvey.co.uk/id/7000000000008122,http://data.ordnancesurvey.co.uk/ontology/admingeo/District,Nottinghamshire,http://data.ordnancesurvey.co.uk/id/7000000000008127,http://data.ordnancesurvey.co.uk/ontology/admingeo/County,East Midlands,http://data.ordnancesurvey.co.uk/id/7000000000041423,England,http://data.ordnancesurvey.co.uk/id/country/england,,,
DN213NT,http://data.ordnancesurvey.co.uk/id/postcodeunit/DN213NT,DN21 3NT,,,,other,Postcode,486529,394200,3500,18000,,,,,,,,,,West Lindsey,http://data.ordnancesurvey.co.uk/id/7000000000043527,http://data.ordnancesurvey.co.uk/ontology/admingeo/District,Lincolnshire,http://data.ordnancesurvey.co.uk/id/7000000000005942,http://data.ordnancesurvey.co.uk/ontology/admingeo/County,East Midlands,http://data.ordnancesurvey.co.uk/id/7000000000041423,England,http://data.ordnancesurvey.co.uk/id/country/england,,,
DN91RR,http://data.ordnancesurvey.co.uk/id/postcodeunit/DN91RR,DN9 1RR,,,,other,Postcode,481437,399359,3500,18000,,,,,,,Owston Ferry,http://data.ordnancesurvey.co.uk/id/4000000074575724,http://www.ordnancesurvey.co.uk/xml/codelists/localtype.xml#village,,,,North Lincolnshire,http://data.ordnancesurvey.co.uk/id/7000000000025623,http://data.ordnancesurvey.co.uk/ontology/admingeo/UnitaryAuthority,Yorkshire and the Humber,http://data.ordnancesurvey.co.uk/id/7000000000041430,England,http://data.ordnancesurvey.co.uk/id/country/england,,,
DN211PW,http://data.ordnancesurvey.co.uk/id/postcodeunit/DN211PW,DN21 1PW,,,,other,Postcode,482620,388653,3500,18000,,,,,,,Gainsborough,http://data.ordnancesurvey.co.uk/id/4000000074575425,http://www.ordnancesurvey.co.uk/xml/codelists/localtype.xml#town,West Lindsey,http://data.ordnancesurvey.co.uk/id/7000000000043527,http://data.ordnancesurvey.co.uk/ontology/admingeo/District,Lincolnshire,http://data.ordnancesurvey.co.uk/id/7000000000005942,http://data.ordnancesurvey.co.uk/ontology/admingeo/County,East Midlands,http://data.ordnancesurvey.co.uk/id/7000000000041423,England,http://data.ordnancesurvey.co.uk/id/country/england,,,
DN215RP,http://data.ordnancesurvey.co.uk/id/postcodeunit/DN215RP,DN21 5RP,,,,other,Postcode,487343,392947,3500,18000,,,,,,,Aisby,http://data.ordnancesurvey.co.uk/id/4000000074575144,http://www.ordnancesurvey.co.uk/xml/codelists/localtype.xml#hamlet,West Lindsey,http://data.ordnancesurvey.co.uk/id/7000000000043527,http://data.ordnancesurvey.co.uk/ontology/admingeo/District,Lincolnshire,http://data.ordnancesurvey.co.uk/id/7000000000005942,http://data.ordnancesurvey.co.uk/ontology/admingeo/County,East Midlands,http://data.ordnancesurvey.co.uk/id/7000000000041423,England,http://data.ordnancesurvey.co.uk/id/country/england,,,
DN211TB,http://data.ordnancesurvey.co.uk/id/postcodeunit/DN211TB,DN21 1TB,,,,other,Postcode,482716,389797,3500,18000,,,,,,,Gainsborough,http://data.ordnancesurvey.co.uk/id/4000000074575425,http://www.ordnancesurvey.co.uk/xml/codelists/localtype.xml#town,West Lindsey,http://data.ordnancesurvey.co.uk/id/7000000000043527,http://data.ordnancesurvey.co.uk/ontology/admingeo/District,Lincolnshire,http://data.ordnancesurvey.co.uk/id/7000000000005942,http://data.ordnancesurvey.co.uk/ontology/admingeo/County,East Midlands,http://data.ordnancesurvey.co.uk/id/7000000000041423,England,http://data.ordnancesurvey.co.uk/id/country/england,,,
LN12BY,http://data.ordnancesurvey.co.uk/id/postcodeunit/LN12BY,LN1 2BY,,,,other,Postcode,489042,381003,3500,18000,,,,,,,Sturton by Stow,http://data.ordnancesurvey.co.uk/id/4000000074574600,http://www.ordnancesurvey.co.uk/xml/codelists/localtype.xml#village,West Lindsey,http://data.ordnancesurvey.co.uk/id/7000000000043527,http://data.ordnancesurvey.co.uk/ontology/admingeo/District,Lincolnshire,http://data.ordnancesurvey.co.uk/id/7000000000005942,http://data.ordnancesurvey.co.uk/ontology/admingeo/County,East Midlands,http://data.ordnancesurvey.co.uk/id/7000000000041423,England,http://data.ordnancesurvey.co.uk/id/country/england,,,
DN215HF,http://data.ordnancesurvey.co.uk/id/postcodeunit/DN215HF,DN21 5HF,,,,other,Postcode,483101,386753,3500,18000,,,,,,,Lea,http://data.ordnancesurvey.co.uk/id/4000000074578253,http://www.ordnancesurvey.co.uk/xml/codelists/localtype.xml#village,West Lindsey,http://data.ordnancesurvey.co.uk/id/7000000000043527,http://data.ordnancesurvey.co.uk/ontology/admingeo/District,Lincolnshire,http://data.ordnancesurvey.co.uk/id/7000000000005942,http://data.ordnancesurvey.co.uk/ontology/admingeo/County,East Midlands,http://data.ordnancesurvey.co.uk/id/7000000000041423,England,http://data.ordnancesurvey.co.uk/id/country/england,,,
DN212JD,http://data.ordnancesurvey.co.uk/id/postcodeunit/DN212JD,DN21 2JD,,,,other,Postcode,481728,390250,3500,18000,,,,,,,Gainsborough,http://data.ordnancesurvey.co.uk/id/4000000074575425,http://www.ordnancesurvey.co.uk/xml/codelists/localtype.xml#town,West Lindsey,http://data.ordnancesurvey.co.uk/id/7000000000043527,http://data.ordnancesurvey.co.uk/ontology/admingeo/District,Lincolnshire,http://data.ordnancesurvey.co.uk/id/7000000000005942,http://data.ordnancesurvey.co.uk/ontology/admingeo/County,East Midlands,http://data.ordnancesurvey.co.uk/id/7000000000041423,England,http://data.ordnancesurvey.co.uk/id/country/england,,,
LN12SH,http://data.ordnancesurvey.co.uk/id/postcodeunit/LN12SH,LN1 2SH,,,,other,Postcode,494721,382132,3500,18000,,,,,,,Cammeringham,http://data.ordnancesurvey.co.uk/id/4000000074574873,http://www.ordnancesurvey.co.uk/xml/codelists/localtype.xml#village,West Lindsey,http://data.ordnancesurvey.co.uk/id/7000000000043527,http://data.ordnancesurvey.co.uk/ontology/admingeo/District,Lincolnshire,http://data.ordnancesurvey.co.uk/id/7000000000005942,http://data.ordnancesurvey.co.uk/ontology/admingeo/County,East Midlands,http://data.ordnancesurvey.co.uk/id/7000000000041423,England,http://data.ordnancesurvey.co.uk/id/country/england,,,
LN12XT,http://data.ordnancesurvey.co.uk/id/postcodeunit/LN12XT,LN1 2XT,,,,other,Postcode,494609,383501,3500,18000,,,,,,,Ingham,http://data.ordnancesurvey.co.uk/id/4000000074574875,http://www.ordnancesurvey.co.uk/xml/codelists/localtype.xml#village,West Lindsey,http://data.ordnancesurvey.co.uk/id/7000000000043527,http://data.ordnancesurvey.co.uk/ontology/admingeo/District,Lincolnshire,http://data.ordnancesurvey.co.uk/id/7000000000005942,http://data.ordnancesurvey.co.uk/ontology/admingeo/County,East Midlands,http://data.ordnancesurvey.co.uk/id/7000000000041423,England,http://data.ordnancesurvey.co.uk/id/country/england,,,
DN211LJ,http://data.ordnancesurvey.co.uk/id/postcodeunit/DN211LJ,DN21 1LJ,,,,other,Postcode,481585,389210,3500,18000,,,,,,,Gainsborough,http://data.ordnancesurvey.co.uk/id/4000000074575425,http://www.ordnancesurvey.co.uk/xml/codelists/localtype.xml#town,West Lindsey,http://data.ordnancesurvey.co.uk/id/7000000000043527,http://data.ordnancesurvey.co.uk/ontology/admingeo/District,Lincolnshire,http://data.ordnancesurvey.co.uk/id/7000000000005942,http://data.ordnancesurvey.co.uk/ontology/admingeo/County,East Midlands,http://data.ordnancesurvey.co.uk/id/7000000000041423,England,http://data.ordnancesurvey.co.uk/id/country/england,,,
DN211FW,http://data.ordnancesurvey.co.uk/id/postcodeunit/DN211FW,DN21 1FW,,,,other,Postcode,482815,390680,3500,18000,,,,,,,Gainsborough,http://data.ordnancesurvey.co.uk/id/4000000074575425,http://www.ordnancesurvey.co.uk/xml/codelists/localtype.xml#town,West Lindsey,http://data.ordnancesurvey.co.uk/id/7000000000043527,http://data.ordnancesurvey.co.uk/ontology/admingeo/District,Lincolnshire,http://data.ordnancesurvey.co.uk/id/7000000000005942,http://data.ordnancesurvey.co.uk/ontology/admingeo/County,East Midlands,http://data.ordnancesurvey.co.uk/id/7000000000041423,England,http://data.ordnancesurvey.co.uk/id/country/england,,,
DN215SS,http://data.ordnancesurvey.co.uk/id/postcodeunit/DN215SS,DN21 5SS,,,,other,Postcode,483713,382062,3500,18000,,,,,,,Marton,http://data.ordnancesurvey.co.uk/id/4000000074577537,http://www.ordnancesurvey.co.uk/xml/codelists/localtype.xml#village,West Lindsey,http://data.ordnancesurvey.co.uk/id/7000000000043527,http://data.ordnancesurvey.co.uk/ontology/admingeo/District,Lincolnshire,http://data.ordnancesurvey.co.uk/id/7000000000005942,http://data.ordnancesurvey.co.uk/ontology/admingeo/County,East Midlands,http://data.ordnancesurvey.co.uk/id/7000000000041423,England,http://data.ordnancesurvey.co.uk/id/country/england,,,
DN212NX,http://data.ordnancesurvey.co.uk/id/postcodeunit/DN212NX,DN21 2NX,,,,other,Postcode,481014,390586,3500,18000,,,,,,,Gainsborough,http://data.ordnancesurvey.co.uk/id/4000000074575425,http://www.ordnancesurvey.co.uk/xml/codelists/localtype.xml#town,West Lindsey,http://data.ordnancesurvey.co.uk/id/7000000000043527,http://data.ordnancesurvey.co.uk/ontology/admingeo/District,Lincolnshire,http://data.ordnancesurvey.co.uk/id/7000000000005942,http://data.ordnancesurvey.co.uk/ontology/admingeo/County,East Midlands,http://data.ordnancesurvey.co.uk/id/7000000000041423,England,http://data.ordnancesurvey.co.uk/id/country/england,,,
DN214BL,http://data.ordnancesurvey.co.uk/id/postcodeunit/DN214BL,DN21 4BL,,,,other,Postcode,493192,398965,3500,18000,,,,,,,Kirton in Lindsey,http://data.ordnancesurvey.co.uk/id/4000000074574884,http://www.ordnancesurvey.co.uk/xml/codelists/localtype.xml#town,,,,North Lincolnshire,http://data.ordnancesurvey.co.uk/id/7000000000025623,http://data.ordnancesurvey.co.uk/ontology/admingeo/UnitaryAuthority,Yorkshire and the Humber,http://data.ordnancesurvey.co.uk/id/7000000000041430,England,http://data.ordnancesurvey.co.uk/id/country/england,,,
DN211JJ,http://data.ordnancesurvey.co.uk/id/postcodeunit/DN211JJ,DN21 1JJ,,,,other,Postcode,481574,389354,3500,18000,,,,,,,Gainsborough,http://data.ordnancesurvey.co.uk/id/4000000074575425,http://www.ordnancesurvey.co.uk/xml/codelists/localtype.xml#town,West Lindsey,http://data.ordnancesurvey.co.uk/id/7000000000043527,http://data.ordnancesurvey.co.uk/ontology/admingeo/District,Lincolnshire,http://data.ordnancesurvey.co.uk/id/7000000000005942,http://data.ordnancesurvey.co.uk/ontology/admingeo/County,East Midlands,http://data.ordnancesurvey.co.uk/id/7000000000041423,England,http://data.ordnancesurvey.co.uk/id/country/england,,,
DN212LQ,http://data.ordnancesurvey.co.uk/id/postcodeunit/DN212LQ,DN21 2LQ,,,,other,Postcode,481304,390157,3500,18000,,,,,,,Gainsborough,http://data.ordnancesurvey.co.uk/id/4000000074575425,http://www.ordnancesurvey.co.uk/xml/codelists/localtype.xml#town,West Lindsey,http://data.ordnancesurvey.co.uk/id/7000000000043527,http://data.ordnancesurvey.co.uk/ontology/admingeo/District,Lincolnshire,http://data.ordnancesurvey.co.uk/id/7000000000005942,http://data.ordnancesurvey.co.uk/ontology/admingeo/County,East Midlands,http://data.ordnancesurvey.co.uk/id/7000000000041423,England,http://data.ordnancesurvey.co.uk/id/country/england,,,
DN215XP,http://data.ordnancesurvey.co.uk/id/postcodeunit/DN215XP,DN21 5XP,,,,other,Postcode,495202,389857,3500,18000,,,,,,,Hemswell Cliff,http://data.ordnancesurvey.co.uk/id/4000000074574338,http://www.ordnancesurvey.co.uk/xml/codelists/localtype.xml#village,West Lindsey,http://data.ordnancesurvey.co.uk/id/7000000000043527,http://data.ordnancesurvey.co.uk/ontology/admingeo/District,Lincolnshire,http://data.ordnancesurvey.co.uk/id/7000000000005942,http://data.ordnancesurvey.co.uk/ontology/admingeo/County,East Midlands,http://data.ordnancesurvey.co.uk/id/7000000000041423,England,http://data.ordnancesurvey.co.uk/id/country/england,,,
DN212EF,http://data.ordnancesurvey.co.uk/id/postcodeunit/DN212EF,DN21 2EF,,,,other,Postcode,481646,389618,3500,18000,,,,,,,Gainsborough,http://data.ordnancesurvey.co.uk/id/4000000074575425,http://www.ordnancesurvey.co.uk/xml/codelists/localtype.xml#town,West Lindsey,http://data.ordnancesurvey.co.uk/id/7000000000043527,http://data.ordnancesurvey.co.uk/ontology/admingeo/District,Lincolnshire,http://data.ordnancesurvey.co.uk/id/7000000000005942,http://data.ordnancesurvey.co.uk/ontology/admingeo/County,East Midlands,http://data.ordnancesurvey.co.uk/id/7000000000041423,England,http://data.ordnancesurvey.co.uk/id/country/england,,,
DN213ES,http://data.ordnancesurvey.co.uk/id/postcodeunit/DN213ES,DN21 3ES,,,,other,Postcode,480700,393314,3500,18000,,,,,,,,,,West Lindsey,http://data.ordnancesurvey.co.uk/id/7000000000043527,http://data.ordnancesurvey.co.uk/ontology/admingeo/District,Lincolnshire,http://data.ordnancesurvey.co.uk/id/7000000000005942,http://data.ordnancesurvey.co.uk/ontology/admingeo/County,East Midlands,http://data.ordnancesurvey.co.uk/id/7000000000041423,England,http://data.ordnancesurvey.co.uk/id/country/england,,,
DN214HL,http://data.ordnancesurvey.co.uk/id/postcodeunit/DN214HL,DN21 4HL,,,,other,Postcode,493430,395748,3500,18000,,,,,,,Grayingham,http://data.ordnancesurvey.co.uk/id/4000000074574883,http://www.ordnancesurvey.co.uk/xml/codelists/localtype.xml#village,West Lindsey,http://data.ordnancesurvey.co.uk/id/7000000000043527,http://data.ordnancesurvey.co.uk/ontology/admingeo/District,Lincolnshire,http://data.ordnancesurvey.co.uk/id/7000000000005942,http://data.ordnancesurvey.co.uk/ontology/admingeo/County,East Midlands,http://data.ordnancesurvey.co.uk/id/7000000000041423,England,http://data.ordnancesurvey.co.uk/id/country/england,,,
DN213EL,http://data.ordnancesurvey.co.uk/id/postcodeunit/DN213EL,DN21 3EL,,,,other,Postcode,482576,394804,3500,18000,,,,,,,,,,West Lindsey,http://data.ordnancesurvey.co.uk/id/7000000000043527,http://data.ordnancesurvey.co.uk/ontology/admingeo/District,Lincolnshire,http://data.ordnancesurvey.co.uk/id/7000000000005942,http://data.ordnancesurvey.co.uk/ontology/admingeo/County,East Midlands,http://data.ordnancesurvey.co.uk/id/7000000000041423,England,http://data.ordnancesurvey.co.uk/id/country/england,,,
DN215LA,http://data.ordnancesurvey.co.uk/id/postcodeunit/DN215LA,DN21 5LA,,,,other,Postcode,487619,384547,3500,18000,,,,,,,Willingham by Stow,http://data.ordnancesurvey.co.uk/id/4000000074575139,http://www.ordnancesurvey.co.uk/xml/codelists/localtype.xml#village,West Lindsey,http://data.ordnancesurvey.co.uk/id/7000000000043527,http://data.ordnancesurvey.co.uk/ontology/admingeo/District,Lincolnshire,http://data.ordnancesurvey.co.uk/id/7000000000005942,http://data.ordnancesurvey.co.uk/ontology/admingeo/County,East Midlands,http://data.ordnancesurvey.co.uk/id/7000000000041423,England,http://data.ordnancesurvey.co.uk/id/country/england,,,
DN215RQ,http://data.ordnancesurvey.co.uk/id/postcodeunit/DN215RQ,DN21 5RQ,,,,other,Postcode,489622,390824,3500,18000,,,,,,,,,,West Lindsey,http://data.ordnancesurvey.co.uk/id/7000000000043527,http://data.ordnancesurvey.co.uk/ontology/admingeo/District,Lincolnshire,http://data.ordnancesurvey.co.uk/id/7000000000005942,http://data.ordnancesurvey.co.uk/ontology/admingeo/County,East Midlands,http://data.ordnancesurvey.co.uk/id/7000000000041423,England,http://data.ordnancesurvey.co.uk/id/country/england,,,
DN211WS,http://data.ordnancesurvey.co.uk/id/postcodeunit/DN211WS,DN21 1WS,,,,other,Postcode,482254,389047,3500,18000,,,,,,,Gainsborough,http://data.ordnancesurvey.co.uk/id/4000000074575425,http://www.ordnancesurvey.co.uk/xml/codelists/localtype.xml#town,West Lindsey,http://data.ordnancesurvey.co.uk/id/7000000000043527,http://data.ordnancesurvey.co.uk/ontology/admingeo/District,Lincolnshire,http://data.ordnancesurvey.co.uk/id/7000000000005942,http://data.ordnancesurvey.co.uk/ontology/admingeo/County,East Midlands,http://data.ordnancesurvey.co.uk/id/7000000000041423,England,http://data.ordnancesurvey.co.uk/id/country/england,,,
DN215NS,http://data.ordnancesurvey.co.uk/id/postcodeunit/DN215NS,DN21 5NS,,,,other,Postcode,486960,386696,3500,18000,,,,,,,Upton,http://data.ordnancesurvey.co.uk/id/4000000074578003,http://www.ordnancesurvey.co.uk/xml/codelists/localtype.xml#village,West Lindsey,http://data.ordnancesurvey.co.uk/id/7000000000043527,http://data.ordnancesurvey.co.uk/ontology/admingeo/District,Lincolnshire,http://data.ordnancesurvey.co.uk/id/7000000000005942,http://data.ordnancesurvey.co.uk/ontology/admingeo/County,East Midlands,http://data.ordnancesurvey.co.uk/id/7000000000041423,England,http://data.ordnancesurvey.co.uk/id/country/england,,,
DN211QZ,http://data.ordnancesurvey.co.uk/id/postcodeunit/DN211QZ,DN21 1QZ,,,,other,Postcode,482421,390023,3500,18000,,,,,,,Gainsborough,http://data.ordnancesurvey.co.uk/id/4000000074575425,http://www.ordnancesurvey.co.uk/xml/codelists/localtype.xml#town,West Lindsey,http://data.ordnancesurvey.co.uk/id/7000000000043527,http://data.ordnancesurvey.co.uk/ontology/admingeo/District,Lincolnshire,http://data.ordnancesurvey.co.uk/id/7000000000005942,http://data.ordnancesurvey.co.uk/ontology/admingeo/County,East Midlands,http://data.ordnancesurvey.co.uk/id/7000000000041423,England,http://data.ordnancesurvey.co.uk/id/country/england,,,
DN211FF,http://data.ordnancesurvey.co.uk/id/postcodeunit/DN211FF,DN21 1FF,,,,other,Postcode,482581,390556,3500,18000,,,,,,,Gainsborough,http://data.ordnancesurvey.co.uk/id/4000000074575425,http://www.ordnancesurvey.co.uk/xml/codelists/localtype.xml#town,West Lindsey,http://data.ordnancesurvey.co.uk/id/7000000000043527,http://data.ordnancesurvey.co.uk/ontology/admingeo/District,Lincolnshire,http://data.ordnancesurvey.co.uk/id/7000000000005942,http://data.ordnancesurvey.co.uk/ontology/admingeo/County,East Midlands,http://data.ordnancesurvey.co.uk/id/7000000000041423,England,http://data.ordnancesurvey.co.uk/id/country/england,,,
DN211TN,http://data.ordnancesurvey.co.uk/id/postcodeunit/DN211TN,DN21 1TN,,,,other,Postcode,482434,389873,3500,18000,,,,,,,Gainsborough,http://data.ordnancesurvey.co.uk/id/4000000074575425,http://www.ordnancesurvey.co.uk/xml/codelists/localtype.xml#town,West Lindsey,http://data.ordnancesurvey.co.uk/id/7000000000043527,http://data.ordnancesurvey.co.uk/ontology/admingeo/District,Lincolnshire,http://data.ordnancesurvey.co.uk/id/7000000000005942,http://data.ordnancesurvey.co.uk/ontology/admingeo/County,East Midlands,http://data.ordnancesurvey.co.uk/id/7000000000041423,England,http://data.ordnancesurvey.co.uk/id/country/england,,,
DN215NE,http://data.ordnancesurvey.co.uk/id/postcodeunit/DN215NE,DN21 5NE,,,,other,Postcode,487089,385764,3500,18000,,,,,,,Kexby,http://data.ordnancesurvey.co.uk/id/4000000074577769,http://www.ordnancesurvey.co.uk/xml/codelists/localtype.xml#village,West Lindsey,http://data.ordnancesurvey.co.uk/id/7000000000043527,http://data.ordnancesurvey.co.uk/ontology/admingeo/District,Lincolnshire,http://data.ordnancesurvey.co.uk/id/7000000000005942,http://data.ordnancesurvey.co.uk/ontology/admingeo/County,East Midlands,http://data.ordnancesurvey.co.uk/id/7000000000041423,England,http://data.ordnancesurvey.co.uk/id/country/england,,,
DN215SQ,http://data.ordnancesurvey.co.uk/id/postcodeunit/DN215SQ,DN21 5SQ,,,,other,Postcode,493197,392913,3500,18000,,,,,,,Willoughton,http://data.ordnancesurvey.co.uk/id/4000000074574604,http://www.ordnancesurvey.co.uk/xml/codelists/localtype.xml#village,West Lindsey,http://data.ordnancesurvey.co.uk/id/7000000000043527,http://data.ordnancesurvey.co.uk/ontology/admingeo/District,Lincolnshire,http://data.ordnancesurvey.co.uk/id/7000000000005942,http://data.ordnancesurvey.co.uk/ontology/admingeo/County,East Midlands,http://data.ordnancesurvey.co.uk/id/7000000000041423,England,http://data.ordnancesurvey.co.uk/id/country/england,,,
DN215XB,http://data.ordnancesurvey.co.uk/id/postcodeunit/DN215XB,DN21 5XB,,,,other,Postcode,490107,388376,3500,18000,,,,,,,,,,West Lindsey,http://data.ordnancesurvey.co.uk/id/7000000000043527,http://data.ordnancesurvey.co.uk/ontology/admingeo/District,Lincolnshire,http://data.ordnancesurvey.co.uk/id/7000000000005942,http://data.ordnancesurvey.co.uk/ontology/admingeo/County,East Midlands,http://data.ordnancesurvey.co.uk/id/7000000000041423,England,http://data.ordnancesurvey.co.uk/id/country/england,,,
DN213GT,http://data.ordnancesurvey.co.uk/id/postcodeunit/DN213GT,DN21 3GT,,,,other,Postcode,484584,397555,3500,18000,,,,,,,Laughton,http://data.ordnancesurvey.co.uk/id/4000000074575722,http://www.ordnancesurvey.co.uk/xml/codelists/localtype.xml#village,West Lindsey,http://data.ordnancesurvey.co.uk/id/7000000000043527,http://data.ordnancesurvey.co.uk/ontology/admingeo/District,Lincolnshire,http://data.ordnancesurvey.co.uk/id/7000000000005942,http://data.ordnancesurvey.co.uk/ontology/admingeo/County,East Midlands,http://data.ordnancesurvey.co.uk/id/7000000000041423,England,http://data.ordnancesurvey.co.uk/id/country/england,,,
LN23PL,http://data.ordnancesurvey.co.uk/id/postcodeunit/LN23PL,LN2 3PL,,,,other,Postcode,499110,383092,3500,18000,,,,,,,,,,West Lindsey,http://data.ordnancesurvey.co.uk/id/7000000000043527,http://data.ordnancesurvey.co.uk/ontology/admingeo/District,Lincolnshire,http://data.ordnancesurvey.co.uk/id/7000000000005942,http://data.ordnancesurvey.co.uk/ontology/admingeo/County,East Midlands,http://data.ordnancesurvey.co.uk/id/7000000000041423,England,http://data.ordnancesurvey.co.uk/id/country/england,,,
DN215AR,http://data.ordnancesurvey.co.uk/id/postcodeunit/DN215AR,DN21 5AR,,,,other,Postcode,483766,381703,3500,18000,,,,,,,Marton,http://data.ordnancesurvey.co.uk/id/4000000074577537,http://www.ordnancesurvey.co.uk/xml/codelists/localtype.xml#village,West Lindsey,http://data.ordnancesurvey.co.uk/id/7000000000043527,http://data.ordnancesurvey.co.uk/ontology/admingeo/District,Lincolnshire,http://data.ordnancesurvey.co.uk/id/7000000000005942,http://data.ordnancesurvey.co.uk/ontology/admingeo/County,East Midlands,http://data.ordnancesurvey.co.uk/id/7000000000041423,England,http://data.ordnancesurvey.co.uk/id/country/england,,,
LN12SN,http://data.ordnancesurvey.co.uk/id/postcodeunit/LN12SN,LN1 2SN,,,,other,Postcode,494795,382010,3500,18000,,,,,,,Cammeringham,http://data.ordnancesurvey.co.uk/id/4000000074574873,http://www.ordnancesurvey.co.uk/xml/codelists/localtype.xml#village,West Lindsey,http://data.ordnancesurvey.co.uk/id/7000000000043527,http://data.ordnancesurvey.co.uk/ontology/admingeo/District,Lincolnshire,http://data.ordnancesurvey.co.uk/id/7000000000005942,http://data.ordnancesurvey.co.uk/ontology/admingeo/County,East Midlands,http://data.ordnancesurvey.co.uk/id/7000000000041423,England,http://data.ordnancesurvey.co.uk/id/country/england,,,
DN214PA,http://data.ordnancesurvey.co.uk/id/postcodeunit/DN214PA,DN21 4PA,,,,other,Postcode,493613,398579,3500,18000,,,,,,,Kirton in Lindsey,http://data.ordnancesurvey.co.uk/id/4000000074574884,http://www.ordnancesurvey.co.uk/xml/codelists/localtype.xml#town,,,,North Lincolnshire,http://data.ordnancesurvey.co.uk/id/7000000000025623,http://data.ordnancesurvey.co.uk/ontology/admingeo/UnitaryAuthority,Yorkshire and the Humber,http://data.ordnancesurvey.co.uk/id/7000000000041430,England,http://data.ordnancesurvey.co.uk/id/country/england,,,
LN12XP,http://data.ordnancesurvey.co.uk/id/postcodeunit/LN12XP,LN1 2XP,,,,other,Postcode,494941,383477,3500,18000,,,,,,,Ingham,http://data.ordnancesurvey.co.uk/id/4000000074574875,http://www.ordnancesurvey.co.uk/xml/codelists/localtype.xml#village,West Lindsey,http://data.ordnancesurvey.co.uk/id/7000000000043527,http://data.ordnancesurvey.co.uk/ontology/admingeo/District,Lincolnshire,http://data.ordnancesurvey.co.uk/id/7000000000005942,http://data.ordnancesurvey.co.uk/ontology/admingeo/County,East Midlands,http://data.ordnancesurvey.co.uk/id/7000000000041423,England,http://data.ordnancesurvey.co.uk/id/country/england,,,
DN213DB,http://data.ordnancesurvey.co.uk/id/postcodeunit/DN213DB,DN21 3DB,,,,other,Postcode,480256,392458,3500,18000,,,,,,,Gainsborough,http://data.ordnancesurvey.co.uk/id/4000000074575425,http://www.ordnancesurvey.co.uk/xml/codelists/localtype.xml#town,West Lindsey,http://data.ordnancesurvey.co.uk/id/7000000000043527,http://data.ordnancesurvey.co.uk/ontology/admingeo/District,Lincolnshire,http://data.ordnancesurvey.co.uk/id/7000000000005942,http://data.ordnancesurvey.co.uk/ontology/admingeo/County,East Midlands,http://data.ordnancesurvey.co.uk/id/7000000000041423,England,http://data.ordnancesurvey.co.uk/id/country/england,,,
DN212BP,http://data.ordnancesurvey.co.uk/id/postcodeunit/DN212BP,DN21 2BP,,,,other,Postcode,481534,389872,3500,18000,,,,,,,Gainsborough,http://data.ordnancesurvey.co.uk/id/4000000074575425,http://www.ordnancesurvey.co.uk/xml/codelists/localtype.xml#town,West Lindsey,http://data.ordnancesurvey.co.uk/id/7000000000043527,http://data.ordnancesurvey.co.uk/ontology/admingeo/District,Lincolnshire,http://data.ordnancesurvey.co.uk/id/7000000000005942,http://data.ordnancesurvey.co.uk/ontology/admingeo/County,East Midlands,http://data.ordnancesurvey.co.uk/id/7000000000041423,England,http://data.ordnancesurvey.co.uk/id/country/england,,,
DN214BP,http://data.ordnancesurvey.co.uk/id/postcodeunit/DN214BP,DN21 4BP,,,,other,Postcode,493160,399083,3500,18000,,,,,,,Kirton in Lindsey,http://data.ordnancesurvey.co.uk/id/4000000074574884,http://www.ordnancesurvey.co.uk/xml/codelists/localtype.xml#town,,,,North Lincolnshire,http://data.ordnancesurvey.co.uk/id/7000000000025623,http://data.ordnancesurvey.co.uk/ontology/admingeo/UnitaryAuthority,Yorkshire and the Humber,http://data.ordnancesurvey.co.uk/id/7000000000041430,England,http://data.ordnancesurvey.co.uk/id/country/england,,,
DN211XZ,http://data.ordnancesurvey.co.uk/id/postcodeunit/DN211XZ,DN21 1XZ,,,,other,Postcode,483094,390432,3500,18000,,,,,,,Gainsborough,http://data.ordnancesurvey.co.uk/id/4000000074575425,http://www.ordnancesurvey.co.uk/xml/codelists/localtype.xml#town,West Lindsey,http://data.ordnancesurvey.co.uk/id/7000000000043527,http://data.ordnancesurvey.co.uk/ontology/admingeo/District,Lincolnshire,http://data.ordnancesurvey.co.uk/id/7000000000005942,http://data.ordnancesurvey.co.uk/ontology/admingeo/County,East Midlands,http://data.ordnancesurvey.co.uk/id/7000000000041423,England,http://data.ordnancesurvey.co.uk/id/country/england,,,
DN214NH,http://data.ordnancesurvey.co.uk/id/postcodeunit/DN214NH,DN21 4NH,,,,other,Postcode,493841,398926,3500,18000,,,,,,,Kirton in Lindsey,http://data.ordnancesurvey.co.uk/id/4000000074574884,http://www.ordnancesurvey.co.uk/xml/codelists/localtype.xml#town,,,,North Lincolnshire,http://data.ordnancesurvey.co.uk/id/7000000000025623,http://data.ordnancesurvey.co.uk/ontology/admingeo/UnitaryAuthority,Yorkshire and the Humber,http://data.ordnancesurvey.co.uk/id/7000000000041430,England,http://data.ordnancesurvey.co.uk/id/country/england,,,
DN215QZ,http://data.ordnancesurvey.co.uk/id/postcodeunit/DN215QZ,DN21 5QZ,,,,other,Postcode,487044,391593,3500,18000,,,,,,,Corringham,http://data.ordnancesurvey.co.uk/id/4000000074575143,http://www.ordnancesurvey.co.uk/xml/codelists/localtype.xml#village,West Lindsey,http://data.ordnancesurvey.co.uk/id/7000000000043527,http://data.ordnancesurvey.co.uk/ontology/admingeo/District,Lincolnshire,http://data.ordnancesurvey.co.uk/id/7000000000005942,http://data.ordnancesurvey.co.uk/ontology/admingeo/County,East Midlands,http://data.ordnancesurvey.co.uk/id/7000000000041423,England,http://data.ordnancesurvey.co.uk/id/country/england,,,
DN211TS,http://data.ordnancesurvey.co.uk/id/postcodeunit/DN211TS,DN21 1TS,,,,other,Postcode,482941,389119,3500,18000,,,,,,,Gainsborough,http://data.ordnancesurvey.co.uk/id/4000000074575425,http://www.ordnancesurvey.co.uk/xml/codelists/localtype.xml#town,West Lindsey,http://data.ordnancesurvey.co.uk/id/7000000000043527,http://data.ordnancesurvey.co.uk/ontology/admingeo/District,Lincolnshire,http://data.ordnancesurvey.co.uk/id/7000000000005942,http://data.ordnancesurvey.co.uk/ontology/admingeo/County,East Midlands,http://data.ordnancesurvey.co.uk/id/7000000000041423,England,http://data.ordnancesurvey.co.uk/id/country/england,,,
DN213EP,http://data.ordnancesurvey.co.uk/id/postcodeunit/DN213EP,DN21 3EP,,,,other,Postcode,481359,394589,3500,18000,,,,,,,,,,West Lindsey,http://data.ordnancesurvey.co.uk/id/7000000000043527,http://data.ordnancesurvey.co.uk/ontology/admingeo/District,Lincolnshire,http://data.ordnancesurvey.co.uk/id/7000000000005942,http://data.ordnancesurvey.co.uk/ontology/admingeo/County,East Midlands,http://data.ordnancesurvey.co.uk/id/7000000000041423,England,http://data.ordnancesurvey.co.uk/id/country/england,,,
DN214EW,http://data.ordnancesurvey.co.uk/id/postcodeunit/DN214EW,DN21 4EW,,,,other,Postcode,493467,396795,3500,18000,,,,,,,,,,,,,North Lincolnshire,http://data.ordnancesurvey.co.uk/id/7000000000025623,http://data.ordnancesurvey.co.uk/ontology/admingeo/UnitaryAuthority,Yorkshire and the Humber,http://data.ordnancesurvey.co.uk/id/7000000000041430,England,http://data.ordnancesurvey.co.uk/id/country/england,,,
DN215LN,http://data.ordnancesurvey.co.uk/id/postcodeunit/DN215LN,DN21 5LN,,,,other,Postcode,489854,385078,3500,18000,,,,,,,,,,West Lindsey,http://data.ordnancesurvey.co.uk/id/7000000000043527,http://data.ordnancesurvey.co.uk/ontology/admingeo/District,Lincolnshire,http://data.ordnancesurvey.co.uk/id/7000000000005942,http://data.ordnancesurvey.co.uk/ontology/admingeo/County,East Midlands,http://data.ordnancesurvey.co.uk/id/7000000000041423,England,http://data.ordnancesurvey.co.uk/id/country/england,,,
DN211GA,http://data.ordnancesurvey.co.uk/id/postcodeunit/DN211GA,DN21 1GA,,,,other,Postcode,482795,388999,3500,18000,,,,,,,Gainsborough,http://data.ordnancesurvey.co.uk/id/4000000074575425,http://www.ordnancesurvey.co.uk/xml/codelists/localtype.xml#town,West Lindsey,http://data.ordnancesurvey.co.uk/id/7000000000043527,http://data.ordnancesurvey.co.uk/ontology/admingeo/District,Lincolnshire,http://data.ordnancesurvey.co.uk/id/7000000000005942,http://data.ordnancesurvey.co.uk/ontology/admingeo/County,East Midlands,http://data.ordnancesurvey.co.uk/id/7000000000041423,England,http://data.ordnancesurvey.co.uk/id/country/england,,,
DN214PS,http://data.ordnancesurvey.co.uk/id/postcodeunit/DN214PS,DN21 4PS,,,,other,Postcode,494594,398243,3500,18000,,,,,,,Kirton in Lindsey,http://data.ordnancesurvey.co.uk/id/4000000074574884,http://www.ordnancesurvey.co.uk/xml/codelists/localtype.xml#town,,,,North Lincolnshire,http://data.ordnancesurvey.co.uk/id/7000000000025623,http://data.ordnancesurvey.co.uk/ontology/admingeo/UnitaryAuthority,Yorkshire and the Humber,http://data.ordnancesurvey.co.uk/id/7000000000041430,England,http://data.ordnancesurvey.co.uk/id/country/england,,,
DN214EH,http://data.ordnancesurvey.co.uk/id/postcodeunit/DN214EH,DN21 4EH,,,,other,Postcode,493447,398177,3500,18000,,,,,,,Kirton in Lindsey,http://data.ordnancesurvey.co.uk/id/4000000074574884,http://www.ordnancesurvey.co.uk/xml/codelists/localtype.xml#town,,,,North Lincolnshire,http://data.ordnancesurvey.co.uk/id/7000000000025623,http://data.ordnancesurvey.co.uk/ontology/admingeo/UnitaryAuthority,Yorkshire and the Humber,http://data.ordnancesurvey.co.uk/id/7000000000041430,England,http://data.ordnancesurvey.co.uk/id/country/england,,,
LN82DJ,http://data.ordnancesurvey.co.uk/id/postcodeunit/LN82DJ,LN8 2DJ,,,,other,Postcode,497931,385628,3500,18000,,,,,,,,,,West Lindsey,http://data.ordnancesurvey.co.uk/id/7000000000043527,http://data.ordnancesurvey.co.uk/ontology/admingeo/District,Lincolnshire,http://data.ordnancesurvey.co.uk/id/7000000000005942,http://data.ordnancesurvey.co.uk/ontology/admingeo/County,East Midlands,http://data.ordnancesurvey.co.uk/id/7000000000041423,England,http://data.ordnancesurvey.co.uk/id/country/england,,,
DN211PL,http://data.ordnancesurvey.co.uk/id/postcodeunit/DN211PL,DN21 1PL,,,,other,Postcode,482776,388805,3500,18000,,,,,,,Gainsborough,http://data.ordnancesurvey.co.uk/id/4000000074575425,http://www.ordnancesurvey.co.uk/xml/codelists/localtype.xml#town,West Lindsey,http://data.ordnancesurvey.co.uk/id/7000000000043527,http://data.ordnancesurvey.co.uk/ontology/admingeo/District,Lincolnshire,http://data.ordnancesurvey.co.uk/id/7000000000005942,http://data.ordnancesurvey.co.uk/ontology/admingeo/County,East Midlands,http://data.ordnancesurvey.co.uk/id/7000000000041423,England,http://data.ordnancesurvey.co.uk/id/country/england,,,
LN82BL,http://data.ordnancesurvey.co.uk/id/postcodeunit/LN82BL,LN8 2BL,,,,other,Postcode,498422,390938,3500,18000,,,,,,,,,,West Lindsey,http://data.ordnancesurvey.co.uk/id/7000000000043527,http://data.ordnancesurvey.co.uk/ontology/admingeo/District,Lincolnshire,http://data.ordnancesurvey.co.uk/id/7000000000005942,http://data.ordnancesurvey.co.uk/ontology/admingeo/County,East Midlands,http://data.ordnancesurvey.co.uk/id/7000000000041423,England,http://data.ordnancesurvey.co.uk/id/country/england,,,
DN215JJ,http://data.ordnancesurvey.co.uk/id/postcodeunit/DN215JJ,DN21 5JJ,,,,other,Postcode,482440,387367,3500,18000,,,,,,,Lea,http://data.ordnancesurvey.co.uk/id/4000000074578253,http://www.ordnancesurvey.co.uk/xml/codelists/localtype.xml#village,West Lindsey,http://data.ordnancesurvey.co.uk/id/7000000000043527,http://data.ordnancesurvey.co.uk/ontology/admingeo/District,Lincolnshire,http://data.ordnancesurvey.co.uk/id/7000000000005942,http://data.ordnancesurvey.co.uk/ontology/admingeo/County,East Midlands,http://data.ordnancesurvey.co.uk/id/7000000000041423,England,http://data.ordnancesurvey.co.uk/id/country/england,,,
DN211WN,http://data.ordnancesurvey.co.uk/id/postcodeunit/DN211WN,DN21 1WN,,,,other,Postcode,482286,389106,3500,18000,,,,,,,Gainsborough,http://data.ordnancesurvey.co.uk/id/4000000074575425,http://www.ordnancesurvey.co.uk/xml/codelists/localtype.xml#town,West Lindsey,http://data.ordnancesurvey.co.uk/id/7000000000043527,http://data.ordnancesurvey.co.uk/ontology/admingeo/District,Lincolnshire,http://data.ordnancesurvey.co.uk/id/7000000000005942,http://data.ordnancesurvey.co.uk/ontology/admingeo/County,East Midlands,http://data.ordnancesurvey.co.uk/id/7000000000041423,England,http://data.ordnancesurvey.co.uk/id/country/england,,,
DN211WT,http://data.ordnancesurvey.co.uk/id/postcodeunit/DN211WT,DN21 1WT,,,,other,Postcode,482354,389063,3500,18000,,,,,,,Gainsborough,http://data.ordnancesurvey.co.uk/id/4000000074575425,http://www.ordnancesurvey.co.uk/xml/codelists/localtype.xml#town,West Lindsey,http://data.ordnancesurvey.co.uk/id/7000000000043527,http://data.ordnancesurvey.co.uk/ontology/admingeo/District,Lincolnshire,http://data.ordnancesurvey.co.uk/id/7000000000005942,http://data.ordnancesurvey.co.uk/ontology/admingeo/County,East Midlands,http://data.ordnancesurvey.co.uk/id/7000000000041423,England,http://data.ordnancesurvey.co.uk/id/country/england,,,
DN215NJ,http://data.ordnancesurvey.co.uk/id/postcodeunit/DN215NJ,DN21 5NJ,,,,other,Postcode,486523,386699,3500,18000,,,,,,,Upton,http://data.ordnancesurvey.co.uk/id/4000000074578003,http://www.ordnancesurvey.co.uk/xml/codelists/localtype.xml#village,West Lindsey,http://data.ordnancesurvey.co.uk/id/7000000000043527,http://data.ordnancesurvey.co.uk/ontology/admingeo/District,Lincolnshire,http://data.ordnancesurvey.co.uk/id/7000000000005942,http://data.ordnancesurvey.co.uk/ontology/admingeo/County,East Midlands,http://data.ordnancesurvey.co.uk/id/7000000000041423,England,http://data.ordnancesurvey.co.uk/id/country/england,,,
LN12DA,http://data.ordnancesurvey.co.uk/id/postcodeunit/LN12DA,LN1 2DA,,,,other,Postcode,488258,381847,3500,18000,,,,,,,Stow,http://data.ordnancesurvey.co.uk/id/4000000074574878,http://www.ordnancesurvey.co.uk/xml/codelists/localtype.xml#village,West Lindsey,http://data.ordnancesurvey.co.uk/id/7000000000043527,http://data.ordnancesurvey.co.uk/ontology/admingeo/District,Lincolnshire,http://data.ordnancesurvey.co.uk/id/7000000000005942,http://data.ordnancesurvey.co.uk/ontology/admingeo/County,East Midlands,http://data.ordnancesurvey.co.uk/id/7000000000041423,England,http://data.ordnancesurvey.co.uk/id/country/england,,,
LN12AT,http://data.ordnancesurvey.co.uk/id/postcodeunit/LN12AT,LN1 2AT,,,,other,Postcode,488951,380604,3500,18000,,,,,,,Sturton by Stow,http://data.ordnancesurvey.co.uk/id/4000000074574600,http://www.ordnancesurvey.co.uk/xml/codelists/localtype.xml#village,West Lindsey,http://data.ordnancesurvey.co.uk/id/7000000000043527,http://data.ordnancesurvey.co.uk/ontology/admingeo/District,Lincolnshire,http://data.ordnancesurvey.co.uk/id/7000000000005942,http://data.ordnancesurvey.co.uk/ontology/admingeo/County,East Midlands,http://data.ordnancesurvey.co.uk/id/7000000000041423,England,http://data.ordnancesurvey.co.uk/id/country/england,,,
LN16BE,http://data.ordnancesurvey.co.uk/id/postcodeunit/LN16BE,LN1 6BE,,,,other,Postcode,489254,380181,3500,18000,,,,,,,Sturton by Stow,http://data.ordnancesurvey.co.uk/id/4000000074574600,http://www.ordnancesurvey.co.uk/xml/codelists/localtype.xml#village,West Lindsey,http://data.ordnancesurvey.co.uk/id/7000000000043527,http://data.ordnancesurvey.co.uk/ontology/admingeo/District,Lincolnshire,http://data.ordnancesurvey.co.uk/id/7000000000005942,http://data.ordnancesurvey.co.uk/ontology/admingeo/County,East Midlands,http://data.ordnancesurvey.co.uk/id/7000000000041423,England,http://data.ordnancesurvey.co.uk/id/country/england,,,
DN214BB,http://data.ordnancesurvey.co.uk/id/postcodeunit/DN214BB,DN21 4BB,,,,other,Postcode,493381,399044,3500,18000,,,,,,,Kirton in Lindsey,http://data.ordnancesurvey.co.uk/id/4000000074574884,http://www.ordnancesurvey.co.uk/xml/codelists/localtype.xml#town,,,,North Lincolnshire,http://data.ordnancesurvey.co.uk/id/7000000000025623,http://data.ordnancesurvey.co.uk/ontology/admingeo/UnitaryAuthority,Yorkshire and the Humber,http://data.ordnancesurvey.co.uk/id/7000000000041430,England,http://data.ordnancesurvey.co.uk/id/country/england,,,
DN215NQ,http://data.ordnancesurvey.co.uk/id/postcodeunit/DN215NQ,DN21 5NQ,,,,other,Postcode,486856,386645,3500,18000,,,,,,,Upton,http://data.ordnancesurvey.co.uk/id/4000000074578003,http://www.ordnancesurvey.co.uk/xml/codelists/localtype.xml#village,West Lindsey,http://data.ordnancesurvey.co.uk/id/7000000000043527,http://data.ordnancesurvey.co.uk/ontology/admingeo/District,Lincolnshire,http://data.ordnancesurvey.co.uk/id/7000000000005942,http://data.ordnancesurvey.co.uk/ontology/admingeo/County,East Midlands,http://data.ordnancesurvey.co.uk/id/7000000000041423,England,http://data.ordnancesurvey.co.uk/id/country/england,,,
LN82AX,http://data.ordnancesurvey.co.uk/id/postcodeunit/LN82AX,LN8 2AX,,,,other,Postcode,497028,391020,3500,18000,,,,,,,,,,West Lindsey,http://data.ordnancesurvey.co.uk/id/7000000000043527,http://data.ordnancesurvey.co.uk/ontology/admingeo/District,Lincolnshire,http://data.ordnancesurvey.co.uk/id/7000000000005942,http://data.ordnancesurvey.co.uk/ontology/admingeo/County,East Midlands,http://data.ordnancesurvey.co.uk/id/7000000000041423,England,http://data.ordnancesurvey.co.uk/id/country/england,,,
LN82AU,http://data.ordnancesurvey.co.uk/id/postcodeunit/LN82AU,LN8 2AU,,,,other,Postcode,496627,390027,3500,18000,,,,,,,Spital in the Street,http://data.ordnancesurvey.co.uk/id/4000000074333386,http://www.ordnancesurvey.co.uk/xml/codelists/localtype.xml#hamlet,West Lindsey,http://data.ordnancesurvey.co.uk/id/7000000000043527,http://data.ordnancesurvey.co.uk/ontology/admingeo/District,Lincolnshire,http://data.ordnancesurvey.co.uk/id/7000000000005942,http://data.ordnancesurvey.co.uk/ontology/admingeo/County,East Midlands,http://data.ordnancesurvey.co.uk/id/7000000000041423,England,http://data.ordnancesurvey.co.uk/id/country/england,,,
DN214DS,http://data.ordnancesurvey.co.uk/id/postcodeunit/DN214DS,DN21 4DS,,,,other,Postcode,493631,398470,3500,18000,,,,,,,Kirton in Lindsey,http://data.ordnancesurvey.co.uk/id/4000000074574884,http://www.ordnancesurvey.co.uk/xml/codelists/localtype.xml#town,,,,North Lincolnshire,http://data.ordnancesurvey.co.uk/id/7000000000025623,http://data.ordnancesurvey.co.uk/ontology/admingeo/UnitaryAuthority,Yorkshire and the Humber,http://data.ordnancesurvey.co.uk/id/7000000000041430,England,http://data.ordnancesurvey.co.uk/id/country/england,,,
DN214PP,http://data.ordnancesurvey.co.uk/id/postcodeunit/DN214PP,DN21 4PP,,,,other,Postcode,493363,398456,3500,18000,,,,,,,Kirton in Lindsey,http://data.ordnancesurvey.co.uk/id/4000000074574884,http://www.ordnancesurvey.co.uk/xml/codelists/localtype.xml#town,,,,North Lincolnshire,http://data.ordnancesurvey.co.uk/id/7000000000025623,http://data.ordnancesurvey.co.uk/ontology/admingeo/UnitaryAuthority,Yorkshire and the Humber,http://data.ordnancesurvey.co.uk/id/7000000000041430,England,http://data.ordnancesurvey.co.uk/id/country/england,,,
LN12SQ,http://data.ordnancesurvey.co.uk/id/postcodeunit/LN12SQ,LN1 2SQ,,,,other,Postcode,494945,380914,3500,18000,,,,,,,Brattleby,http://data.ordnancesurvey.co.uk/id/4000000074574334,http://www.ordnancesurvey.co.uk/xml/codelists/localtype.xml#village,West Lindsey,http://data.ordnancesurvey.co.uk/id/7000000000043527,http://data.ordnancesurvey.co.uk/ontology/admingeo/District,Lincolnshire,http://data.ordnancesurvey.co.uk/id/7000000000005942,http://data.ordnancesurvey.co.uk/ontology/admingeo/County,East Midlands,http://data.ordnancesurvey.co.uk/id/7000000000041423,England,http://data.ordnancesurvey.co.uk/id/country/england,,,
LN23PQ,http://data.ordnancesurvey.co.uk/id/postcodeunit/LN23PQ,LN2 3PQ,,,,other,Postcode,499054,382361,3500,18000,,,,,,,Hackthorn,http://data.ordnancesurvey.co.uk/id/4000000074574879,http://www.ordnancesurvey.co.uk/xml/codelists/localtype.xml#village,West Lindsey,http://data.ordnancesurvey.co.uk/id/7000000000043527,http://data.ordnancesurvey.co.uk/ontology/admingeo/District,Lincolnshire,http://data.ordnancesurvey.co.uk/id/7000000000005942,http://data.ordnancesurvey.co.uk/ontology/admingeo/County,East Midlands,http://data.ordnancesurvey.co.uk/id/7000000000041423,England,http://data.ordnancesurvey.co.uk/id/country/england,,,
DN213EB,http://data.ordnancesurvey.co.uk/id/postcodeunit/DN213EB,DN21 3EB,,,,other,Postcode,480873,397886,3500,18000,,,,,,,Wildsworth,http://data.ordnancesurvey.co.uk/id/4000000074576002,http://www.ordnancesurvey.co.uk/xml/codelists/localtype.xml#hamlet,West Lindsey,http://data.ordnancesurvey.co.uk/id/7000000000043527,http://data.ordnancesurvey.co.uk/ontology/admingeo/District,Lincolnshire,http://data.ordnancesurvey.co.uk/id/7000000000005942,http://data.ordnancesurvey.co.uk/ontology/admingeo/County,East Midlands,http://data.ordnancesurvey.co.uk/id/7000000000041423,England,http://data.ordnancesurvey.co.uk/id/country/england,,,
DN212RB,http://data.ordnancesurvey.co.uk/id/postcodeunit/DN212RB,DN21 2RB,,,,other,Postcode,481528,390715,3500,18000,,,,,,,Gainsborough,http://data.ordnancesurvey.co.uk/id/4000000074575425,http://www.ordnancesurvey.co.uk/xml/codelists/localtype.xml#town,West Lindsey,http://data.ordnancesurvey.co.uk/id/7000000000043527,http://data.ordnancesurvey.co.uk/ontology/admingeo/District,Lincolnshire,http://data.ordnancesurvey.co.uk/id/7000000000005942,http://data.ordnancesurvey.co.uk/ontology/admingeo/County,East Midlands,http://data.ordnancesurvey.co.uk/id/7000000000041423,England,http://data.ordnancesurvey.co.uk/id/country/england,,,
DN212HP,http://data.ordnancesurvey.co.uk/id/postcodeunit/DN212HP,DN21 2HP,,,,other,Postcode,481607,389967,3500,18000,,,,,,,Gainsborough,http://data.ordnancesurvey.co.uk/id/4000000074575425,http://www.ordnancesurvey.co.uk/xml/codelists/localtype.xml#town,West Lindsey,http://data.ordnancesurvey.co.uk/id/7000000000043527,http://data.ordnancesurvey.co.uk/ontology/admingeo/District,Lincolnshire,http://data.ordnancesurvey.co.uk/id/7000000000005942,http://data.ordnancesurvey.co.uk/ontology/admingeo/County,East Midlands,http://data.ordnancesurvey.co.uk/id/7000000000041423,England,http://data.ordnancesurvey.co.uk/id/country/england,,,
DN214UR,http://data.ordnancesurvey.co.uk/id/postcodeunit/DN214UR,DN21 4UR,,,,other,Postcode,499090,393660,3500,18000,,,,,,,,,,West Lindsey,http://data.ordnancesurvey.co.uk/id/7000000000043527,http://data.ordnancesurvey.co.uk/ontology/admingeo/District,Lincolnshire,http://data.ordnancesurvey.co.uk/id/7000000000005942,http://data.ordnancesurvey.co.uk/ontology/admingeo/County,East Midlands,http://data.ordnancesurvey.co.uk/id/7000000000041423,England,http://data.ordnancesurvey.co.uk/id/country/england,,,
DN212HB,http://data.ordnancesurvey.co.uk/id/postcodeunit/DN212HB,DN21 2HB,,,,other,Postcode,481521,390112,3500,18000,,,,,,,Gainsborough,http://data.ordnancesurvey.co.uk/id/4000000074575425,http://www.ordnancesurvey.co.uk/xml/codelists/localtype.xml#town,West Lindsey,http://data.ordnancesurvey.co.uk/id/7000000000043527,http://data.ordnancesurvey.co.uk/ontology/admingeo/District,Lincolnshire,http://data.ordnancesurvey.co.uk/id/7000000000005942,http://data.ordnancesurvey.co.uk/ontology/admingeo/County,East Midlands,http://data.ordnancesurvey.co.uk/id/7000000000041423,England,http://data.ordnancesurvey.co.uk/id/country/england,,,
DN211GX,http://data.ordnancesurvey.co.uk/id/postcodeunit/DN211GX,DN21 1GX,,,,other,Postcode,482200,391011,3500,18000,,,,,,,Gainsborough,http://data.ordnancesurvey.co.uk/id/4000000074575425,http://www.ordnancesurvey.co.uk/xml/codelists/localtype.xml#town,West Lindsey,http://data.ordnancesurvey.co.uk/id/7000000000043527,http://data.ordnancesurvey.co.uk/ontology/admingeo/District,Lincolnshire,http://data.ordnancesurvey.co.uk/id/7000000000005942,http://data.ordnancesurvey.co.uk/ontology/admingeo/County,East Midlands,http://data.ordnancesurvey.co.uk/id/7000000000041423,England,http://data.ordnancesurvey.co.uk/id/country/england,,,
DN215PF,http://data.ordnancesurvey.co.uk/id/postcodeunit/DN215PF,DN21 5PF,,,,other,Postcode,483072,384801,3500,18000,,,,,,,Knaith,http://data.ordnancesurvey.co.uk/id/4000000074578004,http://www.ordnancesurvey.co.uk/xml/codelists/localtype.xml#hamlet,West Lindsey,http://data.ordnancesurvey.co.uk/id/7000000000043527,http://data.ordnancesurvey.co.uk/ontology/admingeo/District,Lincolnshire,http://data.ordnancesurvey.co.uk/id/7000000000005942,http://data.ordnancesurvey.co.uk/ontology/admingeo/County,East Midlands,http://data.ordnancesurvey.co.uk/id/7000000000041423,England,http://data.ordnancesurvey.co.uk/id/country/england,,,
DN215DE,http://data.ordnancesurvey.co.uk/id/postcodeunit/DN215DE,DN21 5DE,,,,other,Postcode,494700,388235,3500,18000,,,,,,,Glentworth,http://data.ordnancesurvey.co.uk/id/4000000074574337,http://www.ordnancesurvey.co.uk/xml/codelists/localtype.xml#village,West Lindsey,http://data.ordnancesurvey.co.uk/id/7000000000043527,http://data.ordnancesurvey.co.uk/ontology/admingeo/District,Lincolnshire,http://data.ordnancesurvey.co.uk/id/7000000000005942,http://data.ordnancesurvey.co.uk/ontology/admingeo/County,East Midlands,http://data.ordnancesurvey.co.uk/id/7000000000041423,England,http://data.ordnancesurvey.co.uk/id/country/england,,,
DN211DF,http://data.ordnancesurvey.co.uk/id/postcodeunit/DN211DF,DN21 1DF,,,,other,Postcode,481867,388728,3500,18000,,,,,,,Gainsborough,http://data.ordnancesurvey.co.uk/id/4000000074575425,http://www.ordnancesurvey.co.uk/xml/codelists/localtype.xml#town,West Lindsey,http://data.ordnancesurvey.co.uk/id/7000000000043527,http://data.ordnancesurvey.co.uk/ontology/admingeo/District,Lincolnshire,http://data.ordnancesurvey.co.uk/id/7000000000005942,http://data.ordnancesurvey.co.uk/ontology/admingeo/County,East Midlands,http://data.ordnancesurvey.co.uk/id/7000000000041423,England,http://data.ordnancesurvey.co.uk/id/country/england,,,
DN214DG,http://data.ordnancesurvey.co.uk/id/postcodeunit/DN214DG,DN21 4DG,,,,other,Postcode,493285,398479,3500,18000,,,,,,,Kirton in Lindsey,http://data.ordnancesurvey.co.uk/id/4000000074574884,http://www.ordnancesurvey.co.uk/xml/codelists/localtype.xml#town,,,,North Lincolnshire,http://data.ordnancesurvey.co.uk/id/7000000000025623,http://data.ordnancesurvey.co.uk/ontology/admingeo/UnitaryAuthority,Yorkshire and the Humber,http://data.ordnancesurvey.co.uk/id/7000000000041430,England,http://data.ordnancesurvey.co.uk/id/country/england,,,
DN214NU,http://data.ordnancesurvey.co.uk/id/postcodeunit/DN214NU,DN21 4NU,,,,other,Postcode,493668,398535,3500,18000,,,,,,,Kirton in Lindsey,http://data.ordnancesurvey.co.uk/id/4000000074574884,http://www.ordnancesurvey.co.uk/xml/codelists/localtype.xml#town,,,,North Lincolnshire,http://data.ordnancesurvey.co.uk/id/7000000000025623,http://data.ordnancesurvey.co.uk/ontology/admingeo/UnitaryAuthority,Yorkshire and the Humber,http://data.ordnancesurvey.co.uk/id/7000000000041430,England,http://data.ordnancesurvey.co.uk/id/country/england,,,
DN213FG,http://data.ordnancesurvey.co.uk/id/postcodeunit/DN213FG,DN21 3FG,,,,other,Postcode,489221,399163,3500,18000,,,,,,,Scotton,http://data.ordnancesurvey.co.uk/id/4000000074575140,http://www.ordnancesurvey.co.uk/xml/codelists/localtype.xml#village,West Lindsey,http://data.ordnancesurvey.co.uk/id/7000000000043527,http://data.ordnancesurvey.co.uk/ontology/admingeo/District,Lincolnshire,http://data.ordnancesurvey.co.uk/id/7000000000005942,http://data.ordnancesurvey.co.uk/ontology/admingeo/County,East Midlands,http://data.ordnancesurvey.co.uk/id/7000000000041423,England,http://data.ordnancesurvey.co.uk/id/country/england,,,
LN12YD,http://data.ordnancesurvey.co.uk/id/postcodeunit/LN12YD,LN1 2YD,,,,other,Postcode,494785,383623,3500,18000,,,,,,,Ingham,http://data.ordnancesurvey.co.uk/id/4000000074574875,http://www.ordnancesurvey.co.uk/xml/codelists/localtype.xml#village,West Lindsey,http://data.ordnancesurvey.co.uk/id/7000000000043527,http://data.ordnancesurvey.co.uk/ontology/admingeo/District,Lincolnshire,http://data.ordnancesurvey.co.uk/id/7000000000005942,http://data.ordnancesurvey.co.uk/ontology/admingeo/County,East Midlands,http://data.ordnancesurvey.co.uk/id/7000000000041423,England,http://data.ordnancesurvey.co.uk/id/country/england,,,
DN211SG,http://data.ordnancesurvey.co.uk/id/postcodeunit/DN211SG,DN21 1SG,,,,other,Postcode,482909,389220,3500,18000,,,,,,,Gainsborough,http://data.ordnancesurvey.co.uk/id/4000000074575425,http://www.ordnancesurvey.co.uk/xml/codelists/localtype.xml#town,West Lindsey,http://data.ordnancesurvey.co.uk/id/7000000000043527,http://data.ordnancesurvey.co.uk/ontology/admingeo/District,Lincolnshire,http://data.ordnancesurvey.co.uk/id/7000000000005942,http://data.ordnancesurvey.co.uk/ontology/admingeo/County,East Midlands,http://data.ordnancesurvey.co.uk/id/7000000000041423,England,http://data.ordnancesurvey.co.uk/id/country/england,,,
DN213RF,http://data.ordnancesurvey.co.uk/id/postcodeunit/DN213RF,DN21 3RF,,,,other,Postcode,488727,399013,3500,18000,,,,,,,Scotton,http://data.ordnancesurvey.co.uk/id/4000000074575140,http://www.ordnancesurvey.co.uk/xml/codelists/localtype.xml#village,West Lindsey,http://data.ordnancesurvey.co.uk/id/7000000000043527,http://data.ordnancesurvey.co.uk/ontology/admingeo/District,Lincolnshire,http://data.ordnancesurvey.co.uk/id/7000000000005942,http://data.ordnancesurvey.co.uk/ontology/admingeo/County,East Midlands,http://data.ordnancesurvey.co.uk/id/7000000000041423,England,http://data.ordnancesurvey.co.uk/id/country/england,,,
DN211JA,http://data.ordnancesurvey.co.uk/id/postcodeunit/DN211JA,DN21 1JA,,,,other,Postcode,481465,389228,3500,18000,,,,,,,Gainsborough,http://data.ordnancesurvey.co.uk/id/4000000074575425,http://www.ordnancesurvey.co.uk/xml/codelists/localtype.xml#town,West Lindsey,http://data.ordnancesurvey.co.uk/id/7000000000043527,http://data.ordnancesurvey.co.uk/ontology/admingeo/District,Lincolnshire,http://data.ordnancesurvey.co.uk/id/7000000000005942,http://data.ordnancesurvey.co.uk/ontology/admingeo/County,East Midlands,http://data.ordnancesurvey.co.uk/id/7000000000041423,England,http://data.ordnancesurvey.co.uk/id/country/england,,,
DN213BN,http://data.ordnancesurvey.co.uk/id/postcodeunit/DN213BN,DN21 3BN,,,,other,Postcode,480832,392050,3500,18000,,,,,,,Gainsborough,http://data.ordnancesurvey.co.uk/id/4000000074575425,http://www.ordnancesurvey.co.uk/xml/codelists/localtype.xml#town,West Lindsey,http://data.ordnancesurvey.co.uk/id/7000000000043527,http://data.ordnancesurvey.co.uk/ontology/admingeo/District,Lincolnshire,http://data.ordnancesurvey.co.uk/id/7000000000005942,http://data.ordnancesurvey.co.uk/ontology/admingeo/County,East Midlands,http://data.ordnancesurvey.co.uk/id/7000000000041423,England,http://data.ordnancesurvey.co.uk/id/country/england,,,
DN211PG,http://data.ordnancesurvey.co.uk/id/postcodeunit/DN211PG,DN21 1PG,,,,other,Postcode,482639,388952,3500,18000,,,,,,,Gainsborough,http://data.ordnancesurvey.co.uk/id/4000000074575425,http://www.ordnancesurvey.co.uk/xml/codelists/localtype.xml#town,West Lindsey,http://data.ordnancesurvey.co.uk/id/7000000000043527,http://data.ordnancesurvey.co.uk/ontology/admingeo/District,Lincolnshire,http://data.ordnancesurvey.co.uk/id/7000000000005942,http://data.ordnancesurvey.co.uk/ontology/admingeo/County,East Midlands,http://data.ordnancesurvey.co.uk/id/7000000000041423,England,http://data.ordnancesurvey.co.uk/id/country/england,,,
DN214EJ,http://data.ordnancesurvey.co.uk/id/postcodeunit/DN214EJ,DN21 4EJ,,,,other,Postcode,493379,398013,3500,18000,,,,,,,Kirton in Lindsey,http://data.ordnancesurvey.co.uk/id/4000000074574884,http://www.ordnancesurvey.co.uk/xml/codelists/localtype.xml#town,,,,North Lincolnshire,http://data.ordnancesurvey.co.uk/id/7000000000025623,http://data.ordnancesurvey.co.uk/ontology/admingeo/UnitaryAuthority,Yorkshire and the Humber,http://data.ordnancesurvey.co.uk/id/7000000000041430,England,http://data.ordnancesurvey.co.uk/id/country/england,,,
LN12SG,http://data.ordnancesurvey.co.uk/id/postcodeunit/LN12SG,LN1 2SG,,,,other,Postcode,494685,380180,3500,18000,,,,,,,Aisthorpe,http://data.ordnancesurvey.co.uk/id/4000000074574333,http://www.ordnancesurvey.co.uk/xml/codelists/localtype.xml#village,West Lindsey,http://data.ordnancesurvey.co.uk/id/7000000000043527,http://data.ordnancesurvey.co.uk/ontology/admingeo/District,Lincolnshire,http://data.ordnancesurvey.co.uk/id/7000000000005942,http://data.ordnancesurvey.co.uk/ontology/admingeo/County,East Midlands,http://data.ordnancesurvey.co.uk/id/7000000000041423,England,http://data.ordnancesurvey.co.uk/id/country/england,,,
DN213AL,http://data.ordnancesurvey.co.uk/id/postcodeunit/DN213AL,DN21 3AL,,,,other,Postcode,480853,391837,3500,18000,,,,,,,Gainsborough,http://data.ordnancesurvey.co.uk/id/4000000074575425,http://www.ordnancesurvey.co.uk/xml/codelists/localtype.xml#town,West Lindsey,http://data.ordnancesurvey.co.uk/id/7000000000043527,http://data.ordnancesurvey.co.uk/ontology/admingeo/District,Lincolnshire,http://data.ordnancesurvey.co.uk/id/7000000000005942,http://data.ordnancesurvey.co.uk/ontology/admingeo/County,East Midlands,http://data.ordnancesurvey.co.uk/id/7000000000041423,England,http://data.ordnancesurvey.co.uk/id/country/england,,,
DN212HQ,http://data.ordnancesurvey.co.uk/id/postcodeunit/DN212HQ,DN21 2HQ,,,,other,Postcode,481774,390072,3500,18000,,,,,,,Gainsborough,http://data.ordnancesurvey.co.uk/id/4000000074575425,http://www.ordnancesurvey.co.uk/xml/codelists/localtype.xml#town,West Lindsey,http://data.ordnancesurvey.co.uk/id/7000000000043527,http://data.ordnancesurvey.co.uk/ontology/admingeo/District,Lincolnshire,http://data.ordnancesurvey.co.uk/id/7000000000005942,http://data.ordnancesurvey.co.uk/ontology/admingeo/County,East Midlands,http://data.ordnancesurvey.co.uk/id/7000000000041423,England,http://data.ordnancesurvey.co.uk/id/country/england,,,
LN23PN,http://data.ordnancesurvey.co.uk/id/postcodeunit/LN23PN,LN2 3PN,,,,other,Postcode,499642,382492,3500,18000,,,,,,,Hackthorn,http://data.ordnancesurvey.co.uk/id/4000000074574879,http://www.ordnancesurvey.co.uk/xml/codelists/localtype.xml#village,West Lindsey,http://data.ordnancesurvey.co.uk/id/7000000000043527,http://data.ordnancesurvey.co.uk/ontology/admingeo/District,Lincolnshire,http://data.ordnancesurvey.co.uk/id/7000000000005942,http://data.ordnancesurvey.co.uk/ontology/admingeo/County,East Midlands,http://data.ordnancesurvey.co.uk/id/7000000000041423,England,http://data.ordnancesurvey.co.uk/id/country/england,,,
DN212BQ,http://data.ordnancesurvey.co.uk/id/postcodeunit/DN212BQ,DN21 2BQ,,,,other,Postcode,481825,390128,3500,18000,,,,,,,Gainsborough,http://data.ordnancesurvey.co.uk/id/4000000074575425,http://www.ordnancesurvey.co.uk/xml/codelists/localtype.xml#town,West Lindsey,http://data.ordnancesurvey.co.uk/id/7000000000043527,http://data.ordnancesurvey.co.uk/ontology/admingeo/District,Lincolnshire,http://data.ordnancesurvey.co.uk/id/7000000000005942,http://data.ordnancesurvey.co.uk/ontology/admingeo/County,East Midlands,http://data.ordnancesurvey.co.uk/id/7000000000041423,England,http://data.ordnancesurvey.co.uk/id/country/england,,,
DN211ZQ,http://data.ordnancesurvey.co.uk/id/postcodeunit/DN211ZQ,DN21 1ZQ,,,,other,Postcode,482626,390741,3500,18000,,,,,,,Gainsborough,http://data.ordnancesurvey.co.uk/id/4000000074575425,http://www.ordnancesurvey.co.uk/xml/codelists/localtype.xml#town,West Lindsey,http://data.ordnancesurvey.co.uk/id/7000000000043527,http://data.ordnancesurvey.co.uk/ontology/admingeo/District,Lincolnshire,http://data.ordnancesurvey.co.uk/id/7000000000005942,http://data.ordnancesurvey.co.uk/ontology/admingeo/County,East Midlands,http://data.ordnancesurvey.co.uk/id/7000000000041423,England,http://data.ordnancesurvey.co.uk/id/country/england,,,
DN211EB,http://data.ordnancesurvey.co.uk/id/postcodeunit/DN211EB,DN21 1EB,,,,other,Postcode,483239,388780,3500,18000,,,,,,,Gainsborough,http://data.ordnancesurvey.co.uk/id/4000000074575425,http://www.ordnancesurvey.co.uk/xml/codelists/localtype.xml#town,West Lindsey,http://data.ordnancesurvey.co.uk/id/7000000000043527,http://data.ordnancesurvey.co.uk/ontology/admingeo/District,Lincolnshire,http://data.ordnancesurvey.co.uk/id/7000000000005942,http://data.ordnancesurvey.co.uk/ontology/admingeo/County,East Midlands,http://data.ordnancesurvey.co.uk/id/7000000000041423,England,http://data.ordnancesurvey.co.uk/id/country/england,,,
DN211LU,http://data.ordnancesurvey.co.uk/id/postcodeunit/DN211LU,DN21 1LU,,,,other,Postcode,481508,389479,3500,18000,,,,,,,Gainsborough,http://data.ordnancesurvey.co.uk/id/4000000074575425,http://www.ordnancesurvey.co.uk/xml/codelists/localtype.xml#town,West Lindsey,http://data.ordnancesurvey.co.uk/id/7000000000043527,http://data.ordnancesurvey.co.uk/ontology/admingeo/District,Lincolnshire,http://data.ordnancesurvey.co.uk/id/7000000000005942,http://data.ordnancesurvey.co.uk/ontology/admingeo/County,East Midlands,http://data.ordnancesurvey.co.uk/id/7000000000041423,England,http://data.ordnancesurvey.co.uk/id/country/england,,,
DN215RD,http://data.ordnancesurvey.co.uk/id/postcodeunit/DN215RD,DN21 5RD,,,,other,Postcode,485728,391966,3500,18000,,,,,,,,,,West Lindsey,http://data.ordnancesurvey.co.uk/id/7000000000043527,http://data.ordnancesurvey.co.uk/ontology/admingeo/District,Lincolnshire,http://data.ordnancesurvey.co.uk/id/7000000000005942,http://data.ordnancesurvey.co.uk/ontology/admingeo/County,East Midlands,http://data.ordnancesurvey.co.uk/id/7000000000041423,England,http://data.ordnancesurvey.co.uk/id/country/england,,,
DN212LY,http://data.ordnancesurvey.co.uk/id/postcodeunit/DN212LY,DN21 2LY,,,,other,Postcode,481304,390066,3500,18000,,,,,,,Gainsborough,http://data.ordnancesurvey.co.uk/id/4000000074575425,http://www.ordnancesurvey.co.uk/xml/codelists/localtype.xml#town,West Lindsey,http://data.ordnancesurvey.co.uk/id/7000000000043527,http://data.ordnancesurvey.co.uk/ontology/admingeo/District,Lincolnshire,http://data.ordnancesurvey.co.uk/id/7000000000005942,http://data.ordnancesurvey.co.uk/ontology/admingeo/County,East Midlands,http://data.ordnancesurvey.co.uk/id/7000000000041423,England,http://data.ordnancesurvey.co.uk/id/country/england,,,
DN215EF,http://data.ordnancesurvey.co.uk/id/postcodeunit/DN215EF,DN21 5EF,,,,other,Postcode,483032,386812,3500,18000,,,,,,,Lea,http://data.ordnancesurvey.co.uk/id/4000000074578253,http://www.ordnancesurvey.co.uk/xml/codelists/localtype.xml#village,West Lindsey,http://data.ordnancesurvey.co.uk/id/7000000000043527,http://data.ordnancesurvey.co.uk/ontology/admingeo/District,Lincolnshire,http://data.ordnancesurvey.co.uk/id/7000000000005942,http://data.ordnancesurvey.co.uk/ontology/admingeo/County,East Midlands,http://data.ordnancesurvey.co.uk/id/7000000000041423,England,http://data.ordnancesurvey.co.uk/id/country/england,,,
LN12AB,http://data.ordnancesurvey.co.uk/id/postcodeunit/LN12AB,LN1 2AB,,,,other,Postcode,489030,380052,3500,18000,,,,,,,Sturton by Stow,http://data.ordnancesurvey.co.uk/id/4000000074574600,http://www.ordnancesurvey.co.uk/xml/codelists/localtype.xml#village,West Lindsey,http://data.ordnancesurvey.co.uk/id/7000000000043527,http://data.ordnancesurvey.co.uk/ontology/admingeo/District,Lincolnshire,http://data.ordnancesurvey.co.uk/id/7000000000005942,http://data.ordnancesurvey.co.uk/ontology/admingeo/County,East Midlands,http://data.ordnancesurvey.co.uk/id/7000000000041423,England,http://data.ordnancesurvey.co.uk/id/country/england,,,
DN212RN,http://data.ordnancesurvey.co.uk/id/postcodeunit/DN212RN,DN21 2RN,,,,other,Postcode,481189,390893,3500,18000,,,,,,,Gainsborough,http://data.ordnancesurvey.co.uk/id/4000000074575425,http://www.ordnancesurvey.co.uk/xml/codelists/localtype.xml#town,West Lindsey,http://data.ordnancesurvey.co.uk/id/7000000000043527,http://data.ordnancesurvey.co.uk/ontology/admingeo/District,Lincolnshire,http://data.ordnancesurvey.co.uk/id/7000000000005942,http://data.ordnancesurvey.co.uk/ontology/admingeo/County,East Midlands,http://data.ordnancesurvey.co.uk/id/7000000000041423,England,http://data.ordnancesurvey.co.uk/id/country/england,,,
DN211RQ,http://data.ordnancesurvey.co.uk/id/postcodeunit/DN211RQ,DN21 1RQ,,,,other,Postcode,482823,390217,3500,18000,,,,,,,Gainsborough,http://data.ordnancesurvey.co.uk/id/4000000074575425,http://www.ordnancesurvey.co.uk/xml/codelists/localtype.xml#town,West Lindsey,http://data.ordnancesurvey.co.uk/id/7000000000043527,http://data.ordnancesurvey.co.uk/ontology/admingeo/District,Lincolnshire,http://data.ordnancesurvey.co.uk/id/7000000000005942,http://data.ordnancesurvey.co.uk/ontology/admingeo/County,East Midlands,http://data.ordnancesurvey.co.uk/id/7000000000041423,England,http://data.ordnancesurvey.co.uk/id/country/england,,,
DN212AJ,http://data.ordnancesurvey.co.uk/id/postcodeunit/DN212AJ,DN21 2AJ,,,,other,Postcode,481578,389597,3500,18000,,,,,,,Gainsborough,http://data.ordnancesurvey.co.uk/id/4000000074575425,http://www.ordnancesurvey.co.uk/xml/codelists/localtype.xml#town,West Lindsey,http://data.ordnancesurvey.co.uk/id/7000000000043527,http://data.ordnancesurvey.co.uk/ontology/admingeo/District,Lincolnshire,http://data.ordnancesurvey.co.uk/id/7000000000005942,http://data.ordnancesurvey.co.uk/ontology/admingeo/County,East Midlands,http://data.ordnancesurvey.co.uk/id/7000000000041423,England,http://data.ordnancesurvey.co.uk/id/country/england,,,
DN211FP,http://data.ordnancesurvey.co.uk/id/postcodeunit/DN211FP,DN21 1FP,,,,other,Postcode,482242,388342,3500,18000,,,,,,,Gainsborough,http://data.ordnancesurvey.co.uk/id/4000000074575425,http://www.ordnancesurvey.co.uk/xml/codelists/localtype.xml#town,West Lindsey,http://data.ordnancesurvey.co.uk/id/7000000000043527,http://data.ordnancesurvey.co.uk/ontology/admingeo/District,Lincolnshire,http://data.ordnancesurvey.co.uk/id/7000000000005942,http://data.ordnancesurvey.co.uk/ontology/admingeo/County,East Midlands,http://data.ordnancesurvey.co.uk/id/7000000000041423,England,http://data.ordnancesurvey.co.uk/id/country/england,,,
DN215SE,http://data.ordnancesurvey.co.uk/id/postcodeunit/DN215SE,DN21 5SE,,,,other,Postcode,493095,393196,3500,18000,,,,,,,Willoughton,http://data.ordnancesurvey.co.uk/id/4000000074574604,http://www.ordnancesurvey.co.uk/xml/codelists/localtype.xml#village,West Lindsey,http://data.ordnancesurvey.co.uk/id/7000000000043527,http://data.ordnancesurvey.co.uk/ontology/admingeo/District,Lincolnshire,http://data.ordnancesurvey.co.uk/id/7000000000005942,http://data.ordnancesurvey.co.uk/ontology/admingeo/County,East Midlands,http://data.ordnancesurvey.co.uk/id/7000000000041423,England,http://data.ordnancesurvey.co.uk/id/country/england,,,
LN23PS,http://data.ordnancesurvey.co.uk/id/postcodeunit/LN23PS,LN2 3PS,,,,other,Postcode,497199,381072,3500,18000,,,,,,,,,,West Lindsey,http://data.ordnancesurvey.co.uk/id/7000000000043527,http://data.ordnancesurvey.co.uk/ontology/admingeo/District,Lincolnshire,http://data.ordnancesurvey.co.uk/id/7000000000005942,http://data.ordnancesurvey.co.uk/ontology/admingeo/County,East Midlands,http://data.ordnancesurvey.co.uk/id/7000000000041423,England,http://data.ordnancesurvey.co.uk/id/country/england,,,
DN211RS,http://data.ordnancesurvey.co.uk/id/postcodeunit/DN211RS,DN21 1RS,,,,other,Postcode,482654,390043,3500,18000,,,,,,,Gainsborough,http://data.ordnancesurvey.co.uk/id/4000000074575425,http://www.ordnancesurvey.co.uk/xml/codelists/localtype.xml#town,West Lindsey,http://data.ordnancesurvey.co.uk/id/7000000000043527,http://data.ordnancesurvey.co.uk/ontology/admingeo/District,Lincolnshire,http://data.ordnancesurvey.co.uk/id/7000000000005942,http://data.ordnancesurvey.co.uk/ontology/admingeo/County,East Midlands,http://data.ordnancesurvey.co.uk/id/7000000000041423,England,http://data.ordnancesurvey.co.uk/id/country/england,,,
DN211DS,http://data.ordnancesurvey.co.uk/id/postcodeunit/DN211DS,DN21 1DS,,,,other,Postcode,481863,388900,3500,18000,,,,,,,Gainsborough,http://data.ordnancesurvey.co.uk/id/4000000074575425,http://www.ordnancesurvey.co.uk/xml/codelists/localtype.xml#town,West Lindsey,http://data.ordnancesurvey.co.uk/id/7000000000043527,http://data.ordnancesurvey.co.uk/ontology/admingeo/District,Lincolnshire,http://data.ordnancesurvey.co.uk/id/7000000000005942,http://data.ordnancesurvey.co.uk/ontology/admingeo/County,East Midlands,http://data.ordnancesurvey.co.uk/id/7000000000041423,England,http://data.ordnancesurvey.co.uk/id/country/england,,,
DN214FG,http://data.ordnancesurvey.co.uk/id/postcodeunit/DN214FG,DN21 4FG,,,,other,Postcode,493643,399028,3500,18000,,,,,,,Kirton in Lindsey,http://data.ordnancesurvey.co.uk/id/4000000074574884,http://www.ordnancesurvey.co.uk/xml/codelists/localtype.xml#town,,,,North Lincolnshire,http://data.ordnancesurvey.co.uk/id/7000000000025623,http://data.ordnancesurvey.co.uk/ontology/admingeo/UnitaryAuthority,Yorkshire and the Humber,http://data.ordnancesurvey.co.uk/id/7000000000041430,England,http://data.ordnancesurvey.co.uk/id/country/england,,,
DN215BH,http://data.ordnancesurvey.co.uk/id/postcodeunit/DN215BH,DN21 5BH,,,,other,Postcode,486382,383287,3500,18000,,,,,,,,,,West Lindsey,http://data.ordnancesurvey.co.uk/id/7000000000043527,http://data.ordnancesurvey.co.uk/ontology/admingeo/District,Lincolnshire,http://data.ordnancesurvey.co.uk/id/7000000000005942,http://data.ordnancesurvey.co.uk/ontology/admingeo/County,East Midlands,http://data.ordnancesurvey.co.uk/id/7000000000041423,England,http://data.ordnancesurvey.co.uk/id/country/england,,,
DN215UE,http://data.ordnancesurvey.co.uk/id/postcodeunit/DN215UE,DN21 5UE,,,,other,Postcode,493194,390842,3500,18000,,,,,,,Hemswell,http://data.ordnancesurvey.co.uk/id/4000000074574603,http://www.ordnancesurvey.co.uk/xml/codelists/localtype.xml#village,West Lindsey,http://data.ordnancesurvey.co.uk/id/7000000000043527,http://data.ordnancesurvey.co.uk/ontology/admingeo/District,Lincolnshire,http://data.ordnancesurvey.co.uk/id/7000000000005942,http://data.ordnancesurvey.co.uk/ontology/admingeo/County,East Midlands,http://data.ordnancesurvey.co.uk/id/7000000000041423,England,http://data.ordnancesurvey.co.uk/id/country/england,,,
DN211AP,http://data.ordnancesurvey.co.uk/id/postcodeunit/DN211AP,DN21 1AP,,,,other,Postcode,482202,387833,3500,18000,,,,,,,Gainsborough,http://data.ordnancesurvey.co.uk/id/4000000074575425,http://www.ordnancesurvey.co.uk/xml/codelists/localtype.xml#town,West Lindsey,http://data.ordnancesurvey.co.uk/id/7000000000043527,http://data.ordnancesurvey.co.uk/ontology/admingeo/District,Lincolnshire,http://data.ordnancesurvey.co.uk/id/7000000000005942,http://data.ordnancesurvey.co.uk/ontology/admingeo/County,East Midlands,http://data.ordnancesurvey.co.uk/id/7000000000041423,England,http://data.ordnancesurvey.co.uk/id/country/england,,,
LN82DN,http://data.ordnancesurvey.co.uk/id/postcodeunit/LN82DN,LN8 2DN,,,,other,Postcode,497866,383898,3500,18000,,,,,,,,,,West Lindsey,http://data.ordnancesurvey.co.uk/id/7000000000043527,http://data.ordnancesurvey.co.uk/ontology/admingeo/District,Lincolnshire,http://data.ordnancesurvey.co.uk/id/7000000000005942,http://data.ordnancesurvey.co.uk/ontology/admingeo/County,East Midlands,http://data.ordnancesurvey.co.uk/id/7000000000041423,England,http://data.ordnancesurvey.co.uk/id/country/england,,,
DN213BT,http://data.ordnancesurvey.co.uk/id/postcodeunit/DN213BT,DN21 3BT,,,,other,Postcode,481330,392207,3500,18000,,,,,,,Gainsborough,http://data.ordnancesurvey.co.uk/id/4000000074575425,http://www.ordnancesurvey.co.uk/xml/codelists/localtype.xml#town,West Lindsey,http://data.ordnancesurvey.co.uk/id/7000000000043527,http://data.ordnancesurvey.co.uk/ontology/admingeo/District,Lincolnshire,http://data.ordnancesurvey.co.uk/id/7000000000005942,http://data.ordnancesurvey.co.uk/ontology/admingeo/County,East Midlands,http://data.ordnancesurvey.co.uk/id/7000000000041423,England,http://data.ordnancesurvey.co.uk/id/country/england,,,
LN12BU,http://data.ordnancesurvey.co.uk/id/postcodeunit/LN12BU,LN1 2BU,,,,other,Postcode,489151,380652,3500,18000,,,,,,,Sturton by Stow,http://data.ordnancesurvey.co.uk/id/4000000074574600,http://www.ordnancesurvey.co.uk/xml/codelists/localtype.xml#village,West Lindsey,http://data.ordnancesurvey.co.uk/id/7000000000043527,http://data.ordnancesurvey.co.uk/ontology/admingeo/District,Lincolnshire,http://data.ordnancesurvey.co.uk/id/7000000000005942,http://data.ordnancesurvey.co.uk/ontology/admingeo/County,East Midlands,http://data.ordnancesurvey.co.uk/id/7000000000041423,England,http://data.ordnancesurvey.co.uk/id/country/england,,,
DN212QJ,http://data.ordnancesurvey.co.uk/id/postcodeunit/DN212QJ,DN21 2QJ,,,,other,Postcode,481499,390452,3500,18000,,,,,,,Gainsborough,http://data.ordnancesurvey.co.uk/id/4000000074575425,http://www.ordnancesurvey.co.uk/xml/codelists/localtype.xml#town,West Lindsey,http://data.ordnancesurvey.co.uk/id/7000000000043527,http://data.ordnancesurvey.co.uk/ontology/admingeo/District,Lincolnshire,http://data.ordnancesurvey.co.uk/id/7000000000005942,http://data.ordnancesurvey.co.uk/ontology/admingeo/County,East Midlands,http://data.ordnancesurvey.co.uk/id/7000000000041423,England,http://data.ordnancesurvey.co.uk/id/country/england,,,
DN212EE,http://data.ordnancesurvey.co.uk/id/postcodeunit/DN212EE,DN21 2EE,,,,other,Postcode,481605,389668,3500,18000,,,,,,,Gainsborough,http://data.ordnancesurvey.co.uk/id/4000000074575425,http://www.ordnancesurvey.co.uk/xml/codelists/localtype.xml#town,West Lindsey,http://data.ordnancesurvey.co.uk/id/7000000000043527,http://data.ordnancesurvey.co.uk/ontology/admingeo/District,Lincolnshire,http://data.ordnancesurvey.co.uk/id/7000000000005942,http://data.ordnancesurvey.co.uk/ontology/admingeo/County,East Midlands,http://data.ordnancesurvey.co.uk/id/7000000000041423,England,http://data.ordnancesurvey.co.uk/id/country/england,,,
DN212UQ,http://data.ordnancesurvey.co.uk/id/postcodeunit/DN212UQ,DN21 2UQ,,,,other,Postcode,481153,391244,3500,18000,,,,,,,Gainsborough,http://data.ordnancesurvey.co.uk/id/4000000074575425,http://www.ordnancesurvey.co.uk/xml/codelists/localtype.xml#town,West Lindsey,http://data.ordnancesurvey.co.uk/id/7000000000043527,http://data.ordnancesurvey.co.uk/ontology/admingeo/District,Lincolnshire,http://data.ordnancesurvey.co.uk/id/7000000000005942,http://data.ordnancesurvey.co.uk/ontology/admingeo/County,East Midlands,http://data.ordnancesurvey.co.uk/id/7000000000041423,England,http://data.ordnancesurvey.co.uk/id/country/england,,,
DN212EY,http://data.ordnancesurvey.co.uk/id/postcodeunit/DN212EY,DN21 2EY,,,,other,Postcode,481672,390421,3500,18000,,,,,,,Gainsborough,http://data.ordnancesurvey.co.uk/id/4000000074575425,http://www.ordnancesurvey.co.uk/xml/codelists/localtype.xml#town,West Lindsey,http://data.ordnancesurvey.co.uk/id/7000000000043527,http://data.ordnancesurvey.co.uk/ontology/admingeo/District,Lincolnshire,http://data.ordnancesurvey.co.uk/id/7000000000005942,http://data.ordnancesurvey.co.uk/ontology/admingeo/County,East Midlands,http://data.ordnancesurvey.co.uk/id/7000000000041423,England,http://data.ordnancesurvey.co.uk/id/country/england,,,
DN215PD,http://data.ordnancesurvey.co.uk/id/postcodeunit/DN215PD,DN21 5PD,,,,other,Postcode,486586,386839,3500,18000,,,,,,,Upton,http://data.ordnancesurvey.co.uk/id/4000000074578003,http://www.ordnancesurvey.co.uk/xml/codelists/localtype.xml#village,West Lindsey,http://data.ordnancesurvey.co.uk/id/7000000000043527,http://data.ordnancesurvey.co.uk/ontology/admingeo/District,Lincolnshire,http://data.ordnancesurvey.co.uk/id/7000000000005942,http://data.ordnancesurvey.co.uk/ontology/admingeo/County,East Midlands,http://data.ordnancesurvey.co.uk/id/7000000000041423,England,http://data.ordnancesurvey.co.uk/id/country/england,,,
DN215LP,http://data.ordnancesurvey.co.uk/id/postcodeunit/DN215LP,DN21 5LP,,,,other,Postcode,487772,384476,3500,18000,,,,,,,Willingham by Stow,http://data.ordnancesurvey.co.uk/id/4000000074575139,http://www.ordnancesurvey.co.uk/xml/codelists/localtype.xml#village,West Lindsey,http://data.ordnancesurvey.co.uk/id/7000000000043527,http://data.ordnancesurvey.co.uk/ontology/admingeo/District,Lincolnshire,http://data.ordnancesurvey.co.uk/id/7000000000005942,http://data.ordnancesurvey.co.uk/ontology/admingeo/County,East Midlands,http://data.ordnancesurvey.co.uk/id/7000000000041423,England,http://data.ordnancesurvey.co.uk/id/country/england,,,
LN12BN,http://data.ordnancesurvey.co.uk/id/postcodeunit/LN12BN,LN1 2BN,,,,other,Postcode,489095,380821,3500,18000,,,,,,,Sturton by Stow,http://data.ordnancesurvey.co.uk/id/4000000074574600,http://www.ordnancesurvey.co.uk/xml/codelists/localtype.xml#village,West Lindsey,http://data.ordnancesurvey.co.uk/id/7000000000043527,http://data.ordnancesurvey.co.uk/ontology/admingeo/District,Lincolnshire,http://data.ordnancesurvey.co.uk/id/7000000000005942,http://data.ordnancesurvey.co.uk/ontology/admingeo/County,East Midlands,http://data.ordnancesurvey.co.uk/id/7000000000041423,England,http://data.ordnancesurvey.co.uk/id/country/england,,,
DN211WP,http://data.ordnancesurvey.co.uk/id/postcodeunit/DN211WP,DN21 1WP,,,,other,Postcode,482730,389158,3500,18000,,,,,,,Gainsborough,http://data.ordnancesurvey.co.uk/id/4000000074575425,http://www.ordnancesurvey.co.uk/xml/codelists/localtype.xml#town,West Lindsey,http://data.ordnancesurvey.co.uk/id/7000000000043527,http://data.ordnancesurvey.co.uk/ontology/admingeo/District,Lincolnshire,http://data.ordnancesurvey.co.uk/id/7000000000005942,http://data.ordnancesurvey.co.uk/ontology/admingeo/County,East Midlands,http://data.ordnancesurvey.co.uk/id/7000000000041423,England,http://data.ordnancesurvey.co.uk/id/country/england,,,
DN213EY,http://data.ordnancesurvey.co.uk/id/postcodeunit/DN213EY,DN21 3EY,,,,other,Postcode,480719,392000,3500,18000,,,,,,,Gainsborough,http://data.ordnancesurvey.co.uk/id/4000000074575425,http://www.ordnancesurvey.co.uk/xml/codelists/localtype.xml#town,West Lindsey,http://data.ordnancesurvey.co.uk/id/7000000000043527,http://data.ordnancesurvey.co.uk/ontology/admingeo/District,Lincolnshire,http://data.ordnancesurvey.co.uk/id/7000000000005942,http://data.ordnancesurvey.co.uk/ontology/admingeo/County,East Midlands,http://data.ordnancesurvey.co.uk/id/7000000000041423,England,http://data.ordnancesurvey.co.uk/id/country/england,,,
DN214SY,http://data.ordnancesurvey.co.uk/id/postcodeunit/DN214SY,DN21 4SY,,,,other,Postcode,498632,396080,3500,18000,,,,,,,Waddingham,http://data.ordnancesurvey.co.uk/id/4000000074574880,http://www.ordnancesurvey.co.uk/xml/codelists/localtype.xml#village,West Lindsey,http://data.ordnancesurvey.co.uk/id/7000000000043527,http://data.ordnancesurvey.co.uk/ontology/admingeo/District,Lincolnshire,http://data.ordnancesurvey.co.uk/id/7000000000005942,http://data.ordnancesurvey.co.uk/ontology/admingeo/County,East Midlands,http://data.ordnancesurvey.co.uk/id/7000000000041423,England,http://data.ordnancesurvey.co.uk/id/country/england,,,
LN12DR,http://data.ordnancesurvey.co.uk/id/postcodeunit/LN12DR,LN1 2DR,,,,other,Postcode,491318,380668,3500,18000,,,,,,,Thorpe le Fallows,http://data.ordnancesurvey.co.uk/id/4000000074542533,http://www.ordnancesurvey.co.uk/xml/codelists/localtype.xml#hamlet,West Lindsey,http://data.ordnancesurvey.co.uk/id/7000000000043527,http://data.ordnancesurvey.co.uk/ontology/admingeo/District,Lincolnshire,http://data.ordnancesurvey.co.uk/id/7000000000005942,http://data.ordnancesurvey.co.uk/ontology/admingeo/County,East Midlands,http://data.ordnancesurvey.co.uk/id/7000000000041423,England,http://data.ordnancesurvey.co.uk/id/country/england,,,
DN214HF,http://data.ordnancesurvey.co.uk/id/postcodeunit/DN214HF,DN21 4HF,,,,other,Postcode,493612,394247,3500,18000,,,,,,,Blyborough,http://data.ordnancesurvey.co.uk/id/4000000074574882,http://www.ordnancesurvey.co.uk/xml/codelists/localtype.xml#hamlet,West Lindsey,http://data.ordnancesurvey.co.uk/id/7000000000043527,http://data.ordnancesurvey.co.uk/ontology/admingeo/District,Lincolnshire,http://data.ordnancesurvey.co.uk/id/7000000000005942,http://data.ordnancesurvey.co.uk/ontology/admingeo/County,East Midlands,http://data.ordnancesurvey.co.uk/id/7000000000041423,England,http://data.ordnancesurvey.co.uk/id/country/england,,,
DN212RX,http://data.ordnancesurvey.co.uk/id/postcodeunit/DN212RX,DN21 2RX,,,,other,Postcode,481128,390830,3500,18000,,,,,,,Gainsborough,http://data.ordnancesurvey.co.uk/id/4000000074575425,http://www.ordnancesurvey.co.uk/xml/codelists/localtype.xml#town,West Lindsey,http://data.ordnancesurvey.co.uk/id/7000000000043527,http://data.ordnancesurvey.co.uk/ontology/admingeo/District,Lincolnshire,http://data.ordnancesurvey.co.uk/id/7000000000005942,http://data.ordnancesurvey.co.uk/ontology/admingeo/County,East Midlands,http://data.ordnancesurvey.co.uk/id/7000000000041423,England,http://data.ordnancesurvey.co.uk/id/country/england,,,
DN212RT,http://data.ordnancesurvey.co.uk/id/postcodeunit/DN212RT,DN21 2RT,,,,other,Postcode,481029,391057,3500,18000,,,,,,,Gainsborough,http://data.ordnancesurvey.co.uk/id/4000000074575425,http://www.ordnancesurvey.co.uk/xml/codelists/localtype.xml#town,West Lindsey,http://data.ordnancesurvey.co.uk/id/7000000000043527,http://data.ordnancesurvey.co.uk/ontology/admingeo/District,Lincolnshire,http://data.ordnancesurvey.co.uk/id/7000000000005942,http://data.ordnancesurvey.co.uk/ontology/admingeo/County,East Midlands,http://data.ordnancesurvey.co.uk/id/7000000000041423,England,http://data.ordnancesurvey.co.uk/id/country/england,,,
DN214QR,http://data.ordnancesurvey.co.uk/id/postcodeunit/DN214QR,DN21 4QR,,,,other,Postcode,497155,399839,3500,18000,,,,,,,Redbourne,http://data.ordnancesurvey.co.uk/id/4000000074574881,http://www.ordnancesurvey.co.uk/xml/codelists/localtype.xml#village,,,,North Lincolnshire,http://data.ordnancesurvey.co.uk/id/7000000000025623,http://data.ordnancesurvey.co.uk/ontology/admingeo/UnitaryAuthority,Yorkshire and the Humber,http://data.ordnancesurvey.co.uk/id/7000000000041430,England,http://data.ordnancesurvey.co.uk/id/country/england,,,
DN211DX,http://data.ordnancesurvey.co.uk/id/postcodeunit/DN211DX,DN21 1DX,,,,other,Postcode,481866,389041,3500,18000,,,,,,,Gainsborough,http://data.ordnancesurvey.co.uk/id/4000000074575425,http://www.ordnancesurvey.co.uk/xml/codelists/localtype.xml#town,West Lindsey,http://data.ordnancesurvey.co.uk/id/7000000000043527,http://data.ordnancesurvey.co.uk/ontology/admingeo/District,Lincolnshire,http://data.ordnancesurvey.co.uk/id/7000000000005942,http://data.ordnancesurvey.co.uk/ontology/admingeo/County,East Midlands,http://data.ordnancesurvey.co.uk/id/7000000000041423,England,http://data.ordnancesurvey.co.uk/id/country/england,,,
DN215TZ,http://data.ordnancesurvey.co.uk/id/postcodeunit/DN215TZ,DN21 5TZ,,,,other,Postcode,495867,389494,3500,18000,,,,,,,Hemswell Cliff,http://data.ordnancesurvey.co.uk/id/4000000074574338,http://www.ordnancesurvey.co.uk/xml/codelists/localtype.xml#village,West Lindsey,http://data.ordnancesurvey.co.uk/id/7000000000043527,http://data.ordnancesurvey.co.uk/ontology/admingeo/District,Lincolnshire,http://data.ordnancesurvey.co.uk/id/7000000000005942,http://data.ordnancesurvey.co.uk/ontology/admingeo/County,East Midlands,http://data.ordnancesurvey.co.uk/id/7000000000041423,England,http://data.ordnancesurvey.co.uk/id/country/england,,,
DN211TQ,http://data.ordnancesurvey.co.uk/id/postcodeunit/DN211TQ,DN21 1TQ,,,,other,Postcode,482946,389938,3500,18000,,,,,,,Gainsborough,http://data.ordnancesurvey.co.uk/id/4000000074575425,http://www.ordnancesurvey.co.uk/xml/codelists/localtype.xml#town,West Lindsey,http://data.ordnancesurvey.co.uk/id/7000000000043527,http://data.ordnancesurvey.co.uk/ontology/admingeo/District,Lincolnshire,http://data.ordnancesurvey.co.uk/id/7000000000005942,http://data.ordnancesurvey.co.uk/ontology/admingeo/County,East Midlands,http://data.ordnancesurvey.co.uk/id/7000000000041423,England,http://data.ordnancesurvey.co.uk/id/country/england,,,
DN213QD,http://data.ordnancesurvey.co.uk/id/postcodeunit/DN213QD,DN21 3QD,,,,other,Postcode,483648,398996,3500,18000,,,,,,,,,,West Lindsey,http://data.ordnancesurvey.co.uk/id/7000000000043527,http://data.ordnancesurvey.co.uk/ontology/admingeo/District,Lincolnshire,http://data.ordnancesurvey.co.uk/id/7000000000005942,http://data.ordnancesurvey.co.uk/ontology/admingeo/County,East Midlands,http://data.ordnancesurvey.co.uk/id/7000000000041423,England,http://data.ordnancesurvey.co.uk/id/country/england,,,
DN215SA,http://data.ordnancesurvey.co.uk/id/postcodeunit/DN215SA,DN21 5SA,,,,other,Postcode,493044,393560,3500,18000,,,,,,,Willoughton,http://data.ordnancesurvey.co.uk/id/4000000074574604,http://www.ordnancesurvey.co.uk/xml/codelists/localtype.xml#village,West Lindsey,http://data.ordnancesurvey.co.uk/id/7000000000043527,http://data.ordnancesurvey.co.uk/ontology/admingeo/District,Lincolnshire,http://data.ordnancesurvey.co.uk/id/7000000000005942,http://data.ordnancesurvey.co.uk/ontology/admingeo/County,East Midlands,http://data.ordnancesurvey.co.uk/id/7000000000041423,England,http://data.ordnancesurvey.co.uk/id/country/england,,,
DN213GE,http://data.ordnancesurvey.co.uk/id/postcodeunit/DN213GE,DN21 3GE,,,,other,Postcode,480552,392118,3500,18000,,,,,,,Gainsborough,http://data.ordnancesurvey.co.uk/id/4000000074575425,http://www.ordnancesurvey.co.uk/xml/codelists/localtype.xml#town,West Lindsey,http://data.ordnancesurvey.co.uk/id/7000000000043527,http://data.ordnancesurvey.co.uk/ontology/admingeo/District,Lincolnshire,http://data.ordnancesurvey.co.uk/id/7000000000005942,http://data.ordnancesurvey.co.uk/ontology/admingeo/County,East Midlands,http://data.ordnancesurvey.co.uk/id/7000000000041423,England,http://data.ordnancesurvey.co.uk/id/country/england,,,
DN214FL,http://data.ordnancesurvey.co.uk/id/postcodeunit/DN214FL,DN21 4FL,,,,other,Postcode,494544,395528,3500,18000,,,,,,,,,,West Lindsey,http://data.ordnancesurvey.co.uk/id/7000000000043527,http://data.ordnancesurvey.co.uk/ontology/admingeo/District,Lincolnshire,http://data.ordnancesurvey.co.uk/id/7000000000005942,http://data.ordnancesurvey.co.uk/ontology/admingeo/County,East Midlands,http://data.ordnancesurvey.co.uk/id/7000000000041423,England,http://data.ordnancesurvey.co.uk/id/country/england,,,
DN214GG,http://data.ordnancesurvey.co.uk/id/postcodeunit/DN214GG,DN21 4GG,,,,other,Postcode,494274,396627,3500,18000,,,,,,,,,,,,,North Lincolnshire,http://data.ordnancesurvey.co.uk/id/7000000000025623,http://data.ordnancesurvey.co.uk/ontology/admingeo/UnitaryAuthority,Yorkshire and the Humber,http://data.ordnancesurvey.co.uk/id/7000000000041430,England,http://data.ordnancesurvey.co.uk/id/country/england,,,
DN211DH,http://data.ordnancesurvey.co.uk/id/postcodeunit/DN211DH,DN21 1DH,,,,other,Postcode,481779,388780,3500,18000,,,,,,,Gainsborough,http://data.ordnancesurvey.co.uk/id/4000000074575425,http://www.ordnancesurvey.co.uk/xml/codelists/localtype.xml#town,West Lindsey,http://data.ordnancesurvey.co.uk/id/7000000000043527,http://data.ordnancesurvey.co.uk/ontology/admingeo/District,Lincolnshire,http://data.ordnancesurvey.co.uk/id/7000000000005942,http://data.ordnancesurvey.co.uk/ontology/admingeo/County,East Midlands,http://data.ordnancesurvey.co.uk/id/7000000000041423,England,http://data.ordnancesurvey.co.uk/id/country/england,,,
DN212WB,http://data.ordnancesurvey.co.uk/id/postcodeunit/DN212WB,DN21 2WB,,,,other,Postcode,481127,391344,3500,18000,,,,,,,Gainsborough,http://data.ordnancesurvey.co.uk/id/4000000074575425,http://www.ordnancesurvey.co.uk/xml/codelists/localtype.xml#town,West Lindsey,http://data.ordnancesurvey.co.uk/id/7000000000043527,http://data.ordnancesurvey.co.uk/ontology/admingeo/District,Lincolnshire,http://data.ordnancesurvey.co.uk/id/7000000000005942,http://data.ordnancesurvey.co.uk/ontology/admingeo/County,East Midlands,http://data.ordnancesurvey.co.uk/id/7000000000041423,England,http://data.ordnancesurvey.co.uk/id/country/england,,,
DN211LE,http://data.ordnancesurvey.co.uk/id/postcodeunit/DN211LE,DN21 1LE,,,,other,Postcode,481617,389192,3500,18000,,,,,,,Gainsborough,http://data.ordnancesurvey.co.uk/id/4000000074575425,http://www.ordnancesurvey.co.uk/xml/codelists/localtype.xml#town,West Lindsey,http://data.ordnancesurvey.co.uk/id/7000000000043527,http://data.ordnancesurvey.co.uk/ontology/admingeo/District,Lincolnshire,http://data.ordnancesurvey.co.uk/id/7000000000005942,http://data.ordnancesurvey.co.uk/ontology/admingeo/County,East Midlands,http://data.ordnancesurvey.co.uk/id/7000000000041423,England,http://data.ordnancesurvey.co.uk/id/country/england,,,
DN215QU,http://data.ordnancesurvey.co.uk/id/postcodeunit/DN215QU,DN21 5QU,,,,other,Postcode,487304,391603,3500,18000,,,,,,,Corringham,http://data.ordnancesurvey.co.uk/id/4000000074575143,http://www.ordnancesurvey.co.uk/xml/codelists/localtype.xml#village,West Lindsey,http://data.ordnancesurvey.co.uk/id/7000000000043527,http://data.ordnancesurvey.co.uk/ontology/admingeo/District,Lincolnshire,http://data.ordnancesurvey.co.uk/id/7000000000005942,http://data.ordnancesurvey.co.uk/ontology/admingeo/County,East Midlands,http://data.ordnancesurvey.co.uk/id/7000000000041423,England,http://data.ordnancesurvey.co.uk/id/country/england,,,
DN211NN,http://data.ordnancesurvey.co.uk/id/postcodeunit/DN211NN,DN21 1NN,,,,other,Postcode,481879,391010,3500,18000,,,,,,,Gainsborough,http://data.ordnancesurvey.co.uk/id/4000000074575425,http://www.ordnancesurvey.co.uk/xml/codelists/localtype.xml#town,West Lindsey,http://data.ordnancesurvey.co.uk/id/7000000000043527,http://data.ordnancesurvey.co.uk/ontology/admingeo/District,Lincolnshire,http://data.ordnancesurvey.co.uk/id/7000000000005942,http://data.ordnancesurvey.co.uk/ontology/admingeo/County,East Midlands,http://data.ordnancesurvey.co.uk/id/7000000000041423,England,http://data.ordnancesurvey.co.uk/id/country/england,,,
DN215PT,http://data.ordnancesurvey.co.uk/id/postcodeunit/DN215PT,DN21 5PT,,,,other,Postcode,487644,388331,3500,18000,,,,,,,Heapham,http://data.ordnancesurvey.co.uk/id/4000000074574601,http://www.ordnancesurvey.co.uk/xml/codelists/localtype.xml#village,West Lindsey,http://data.ordnancesurvey.co.uk/id/7000000000043527,http://data.ordnancesurvey.co.uk/ontology/admingeo/District,Lincolnshire,http://data.ordnancesurvey.co.uk/id/7000000000005942,http://data.ordnancesurvey.co.uk/ontology/admingeo/County,East Midlands,http://data.ordnancesurvey.co.uk/id/7000000000041423,England,http://data.ordnancesurvey.co.uk/id/country/england,,,
LN82DT,http://data.ordnancesurvey.co.uk/id/postcodeunit/LN82DT,LN8 2DT,,,,other,Postcode,498284,392471,3500,18000,,,,,,,Bishop Norton,http://data.ordnancesurvey.co.uk/id/4000000074574339,http://www.ordnancesurvey.co.uk/xml/codelists/localtype.xml#village,West Lindsey,http://data.ordnancesurvey.co.uk/id/7000000000043527,http://data.ordnancesurvey.co.uk/ontology/admingeo/District,Lincolnshire,http://data.ordnancesurvey.co.uk/id/7000000000005942,http://data.ordnancesurvey.co.uk/ontology/admingeo/County,East Midlands,http://data.ordnancesurvey.co.uk/id/7000000000041423,England,http://data.ordnancesurvey.co.uk/id/country/england,,,
DN211WH,http://data.ordnancesurvey.co.uk/id/postcodeunit/DN211WH,DN21 1WH,,,,other,Postcode,482568,390320,3500,18000,,,,,,,Gainsborough,http://data.ordnancesurvey.co.uk/id/4000000074575425,http://www.ordnancesurvey.co.uk/xml/codelists/localtype.xml#town,West Lindsey,http://data.ordnancesurvey.co.uk/id/7000000000043527,http://data.ordnancesurvey.co.uk/ontology/admingeo/District,Lincolnshire,http://data.ordnancesurvey.co.uk/id/7000000000005942,http://data.ordnancesurvey.co.uk/ontology/admingeo/County,East Midlands,http://data.ordnancesurvey.co.uk/id/7000000000041423,England,http://data.ordnancesurvey.co.uk/id/country/england,,,
DN215YQ,http://data.ordnancesurvey.co.uk/id/postcodeunit/DN215YQ,DN21 5YQ,,,,other,Postcode,494842,389592,3500,18000,,,,,,,Hemswell Cliff,http://data.ordnancesurvey.co.uk/id/4000000074574338,http://www.ordnancesurvey.co.uk/xml/codelists/localtype.xml#village,West Lindsey,http://data.ordnancesurvey.co.uk/id/7000000000043527,http://data.ordnancesurvey.co.uk/ontology/admingeo/District,Lincolnshire,http://data.ordnancesurvey.co.uk/id/7000000000005942,http://data.ordnancesurvey.co.uk/ontology/admingeo/County,East Midlands,http://data.ordnancesurvey.co.uk/id/7000000000041423,England,http://data.ordnancesurvey.co.uk/id/country/england,,,
DN212SD,http://data.ordnancesurvey.co.uk/id/postcodeunit/DN212SD,DN21 2SD,,,,other,Postcode,481139,390780,3500,18000,,,,,,,Gainsborough,http://data.ordnancesurvey.co.uk/id/4000000074575425,http://www.ordnancesurvey.co.uk/xml/codelists/localtype.xml#town,West Lindsey,http://data.ordnancesurvey.co.uk/id/7000000000043527,http://data.ordnancesurvey.co.uk/ontology/admingeo/District,Lincolnshire,http://data.ordnancesurvey.co.uk/id/7000000000005942,http://data.ordnancesurvey.co.uk/ontology/admingeo/County,East Midlands,http://data.ordnancesurvey.co.uk/id/7000000000041423,England,http://data.ordnancesurvey.co.uk/id/country/england,,,
DN215EB,http://data.ordnancesurvey.co.uk/id/postcodeunit/DN215EB,DN21 5EB,,,,other,Postcode,494556,385655,3500,18000,,,,,,,Fillingham,http://data.ordnancesurvey.co.uk/id/4000000074574877,http://www.ordnancesurvey.co.uk/xml/codelists/localtype.xml#village,West Lindsey,http://data.ordnancesurvey.co.uk/id/7000000000043527,http://data.ordnancesurvey.co.uk/ontology/admingeo/District,Lincolnshire,http://data.ordnancesurvey.co.uk/id/7000000000005942,http://data.ordnancesurvey.co.uk/ontology/admingeo/County,East Midlands,http://data.ordnancesurvey.co.uk/id/7000000000041423,England,http://data.ordnancesurvey.co.uk/id/country/england,,,
DN214UD,http://data.ordnancesurvey.co.uk/id/postcodeunit/DN214UD,DN21 4UD,,,,other,Postcode,495742,394330,3500,18000,,,,,,,,,,West Lindsey,http://data.ordnancesurvey.co.uk/id/7000000000043527,http://data.ordnancesurvey.co.uk/ontology/admingeo/District,Lincolnshire,http://data.ordnancesurvey.co.uk/id/7000000000005942,http://data.ordnancesurvey.co.uk/ontology/admingeo/County,East Midlands,http://data.ordnancesurvey.co.uk/id/7000000000041423,England,http://data.ordnancesurvey.co.uk/id/country/england,,,
DN212RG,http://data.ordnancesurvey.co.uk/id/postcodeunit/DN212RG,DN21 2RG,,,,other,Postcode,481377,390619,3500,18000,,,,,,,Gainsborough,http://data.ordnancesurvey.co.uk/id/4000000074575425,http://www.ordnancesurvey.co.uk/xml/codelists/localtype.xml#town,West Lindsey,http://data.ordnancesurvey.co.uk/id/7000000000043527,http://data.ordnancesurvey.co.uk/ontology/admingeo/District,Lincolnshire,http://data.ordnancesurvey.co.uk/id/7000000000005942,http://data.ordnancesurvey.co.uk/ontology/admingeo/County,East Midlands,http://data.ordnancesurvey.co.uk/id/7000000000041423,England,http://data.ordnancesurvey.co.uk/id/country/england,,,
DN211LT,http://data.ordnancesurvey.co.uk/id/postcodeunit/DN211LT,DN21 1LT,,,,other,Postcode,483147,389226,3500,18000,,,,,,,Gainsborough,http://data.ordnancesurvey.co.uk/id/4000000074575425,http://www.ordnancesurvey.co.uk/xml/codelists/localtype.xml#town,West Lindsey,http://data.ordnancesurvey.co.uk/id/7000000000043527,http://data.ordnancesurvey.co.uk/ontology/admingeo/District,Lincolnshire,http://data.ordnancesurvey.co.uk/id/7000000000005942,http://data.ordnancesurvey.co.uk/ontology/admingeo/County,East Midlands,http://data.ordnancesurvey.co.uk/id/7000000000041423,England,http://data.ordnancesurvey.co.uk/id/country/england,,,
DN211UT,http://data.ordnancesurvey.co.uk/id/postcodeunit/DN211UT,DN21 1UT,,,,other,Postcode,482498,389420,3500,18000,,,,,,,Gainsborough,http://data.ordnancesurvey.co.uk/id/4000000074575425,http://www.ordnancesurvey.co.uk/xml/codelists/localtype.xml#town,West Lindsey,http://data.ordnancesurvey.co.uk/id/7000000000043527,http://data.ordnancesurvey.co.uk/ontology/admingeo/District,Lincolnshire,http://data.ordnancesurvey.co.uk/id/7000000000005942,http://data.ordnancesurvey.co.uk/ontology/admingeo/County,East Midlands,http://data.ordnancesurvey.co.uk/id/7000000000041423,England,http://data.ordnancesurvey.co.uk/id/country/england,,,
DN219EU,http://data.ordnancesurvey.co.uk/id/postcodeunit/DN219EU,DN21 9EU,,,,other,Postcode,481607,390035,3500,18000,,,,,,,Gainsborough,http://data.ordnancesurvey.co.uk/id/4000000074575425,http://www.ordnancesurvey.co.uk/xml/codelists/localtype.xml#town,West Lindsey,http://data.ordnancesurvey.co.uk/id/7000000000043527,http://data.ordnancesurvey.co.uk/ontology/admingeo/District,Lincolnshire,http://data.ordnancesurvey.co.uk/id/7000000000005942,http://data.ordnancesurvey.co.uk/ontology/admingeo/County,East Midlands,http://data.ordnancesurvey.co.uk/id/7000000000041423,England,http://data.ordnancesurvey.co.uk/id/country/england,,,
DN211JN,http://data.ordnancesurvey.co.uk/id/postcodeunit/DN211JN,DN21 1JN,,,,other,Postcode,481695,389271,3500,18000,,,,,,,Gainsborough,http://data.ordnancesurvey.co.uk/id/4000000074575425,http://www.ordnancesurvey.co.uk/xml/codelists/localtype.xml#town,West Lindsey,http://data.ordnancesurvey.co.uk/id/7000000000043527,http://data.ordnancesurvey.co.uk/ontology/admingeo/District,Lincolnshire,http://data.ordnancesurvey.co.uk/id/7000000000005942,http://data.ordnancesurvey.co.uk/ontology/admingeo/County,East Midlands,http://data.ordnancesurvey.co.uk/id/7000000000041423,England,http://data.ordnancesurvey.co.uk/id/country/england,,,
DN213QU,http://data.ordnancesurvey.co.uk/id/postcodeunit/DN213QU,DN21 3QU,,,,other,Postcode,488816,399362,3500,18000,,,,,,,Scotton,http://data.ordnancesurvey.co.uk/id/4000000074575140,http://www.ordnancesurvey.co.uk/xml/codelists/localtype.xml#village,West Lindsey,http://data.ordnancesurvey.co.uk/id/7000000000043527,http://data.ordnancesurvey.co.uk/ontology/admingeo/District,Lincolnshire,http://data.ordnancesurvey.co.uk/id/7000000000005942,http://data.ordnancesurvey.co.uk/ontology/admingeo/County,East Midlands,http://data.ordnancesurvey.co.uk/id/7000000000041423,England,http://data.ordnancesurvey.co.uk/id/country/england,,,
DN213ED,http://data.ordnancesurvey.co.uk/id/postcodeunit/DN213ED,DN21 3ED,,,,other,Postcode,480904,397750,3500,18000,,,,,,,Wildsworth,http://data.ordnancesurvey.co.uk/id/4000000074576002,http://www.ordnancesurvey.co.uk/xml/codelists/localtype.xml#hamlet,West Lindsey,http://data.ordnancesurvey.co.uk/id/7000000000043527,http://data.ordnancesurvey.co.uk/ontology/admingeo/District,Lincolnshire,http://data.ordnancesurvey.co.uk/id/7000000000005942,http://data.ordnancesurvey.co.uk/ontology/admingeo/County,East Midlands,http://data.ordnancesurvey.co.uk/id/7000000000041423,England,http://data.ordnancesurvey.co.uk/id/country/england,,,
DN211XG,http://data.ordnancesurvey.co.uk/id/postcodeunit/DN211XG,DN21 1XG,,,,other,Postcode,482107,389324,3500,18000,,,,,,,Gainsborough,http://data.ordnancesurvey.co.uk/id/4000000074575425,http://www.ordnancesurvey.co.uk/xml/codelists/localtype.xml#town,West Lindsey,http://data.ordnancesurvey.co.uk/id/7000000000043527,http://data.ordnancesurvey.co.uk/ontology/admingeo/District,Lincolnshire,http://data.ordnancesurvey.co.uk/id/7000000000005942,http://data.ordnancesurvey.co.uk/ontology/admingeo/County,East Midlands,http://data.ordnancesurvey.co.uk/id/7000000000041423,England,http://data.ordnancesurvey.co.uk/id/country/england,,,
DN211WA,http://data.ordnancesurvey.co.uk/id/postcodeunit/DN211WA,DN21 1WA,,,,other,Postcode,482604,390304,3500,18000,,,,,,,Gainsborough,http://data.ordnancesurvey.co.uk/id/4000000074575425,http://www.ordnancesurvey.co.uk/xml/codelists/localtype.xml#town,West Lindsey,http://data.ordnancesurvey.co.uk/id/7000000000043527,http://data.ordnancesurvey.co.uk/ontology/admingeo/District,Lincolnshire,http://data.ordnancesurvey.co.uk/id/7000000000005942,http://data.ordnancesurvey.co.uk/ontology/admingeo/County,East Midlands,http://data.ordnancesurvey.co.uk/id/7000000000041423,England,http://data.ordnancesurvey.co.uk/id/country/england,,,
DN215GE,http://data.ordnancesurvey.co.uk/id/postcodeunit/DN215GE,DN21 5GE,,,,other,Postcode,494707,385748,3500,18000,,,,,,,Fillingham,http://data.ordnancesurvey.co.uk/id/4000000074574877,http://www.ordnancesurvey.co.uk/xml/codelists/localtype.xml#village,West Lindsey,http://data.ordnancesurvey.co.uk/id/7000000000043527,http://data.ordnancesurvey.co.uk/ontology/admingeo/District,Lincolnshire,http://data.ordnancesurvey.co.uk/id/7000000000005942,http://data.ordnancesurvey.co.uk/ontology/admingeo/County,East Midlands,http://data.ordnancesurvey.co.uk/id/7000000000041423,England,http://data.ordnancesurvey.co.uk/id/country/england,,,
DN213NQ,http://data.ordnancesurvey.co.uk/id/postcodeunit/DN213NQ,DN21 3NQ,,,,other,Postcode,485121,394636,3500,18000,,,,,,,Blyton,http://data.ordnancesurvey.co.uk/id/4000000074575429,http://www.ordnancesurvey.co.uk/xml/codelists/localtype.xml#village,West Lindsey,http://data.ordnancesurvey.co.uk/id/7000000000043527,http://data.ordnancesurvey.co.uk/ontology/admingeo/District,Lincolnshire,http://data.ordnancesurvey.co.uk/id/7000000000005942,http://data.ordnancesurvey.co.uk/ontology/admingeo/County,East Midlands,http://data.ordnancesurvey.co.uk/id/7000000000041423,England,http://data.ordnancesurvey.co.uk/id/country/england,,,
DN211QG,http://data.ordnancesurvey.co.uk/id/postcodeunit/DN211QG,DN21 1QG,,,,other,Postcode,483437,389444,3500,18000,,,,,,,Gainsborough,http://data.ordnancesurvey.co.uk/id/4000000074575425,http://www.ordnancesurvey.co.uk/xml/codelists/localtype.xml#town,West Lindsey,http://data.ordnancesurvey.co.uk/id/7000000000043527,http://data.ordnancesurvey.co.uk/ontology/admingeo/District,Lincolnshire,http://data.ordnancesurvey.co.uk/id/7000000000005942,http://data.ordnancesurvey.co.uk/ontology/admingeo/County,East Midlands,http://data.ordnancesurvey.co.uk/id/7000000000041423,England,http://data.ordnancesurvey.co.uk/id/country/england,,,
DN215RY,http://data.ordnancesurvey.co.uk/id/postcodeunit/DN215RY,DN21 5RY,,,,other,Postcode,490906,392803,3500,18000,,,,,,,,,,West Lindsey,http://data.ordnancesurvey.co.uk/id/7000000000043527,http://data.ordnancesurvey.co.uk/ontology/admingeo/District,Lincolnshire,http://data.ordnancesurvey.co.uk/id/7000000000005942,http://data.ordnancesurvey.co.uk/ontology/admingeo/County,East Midlands,http://data.ordnancesurvey.co.uk/id/7000000000041423,England,http://data.ordnancesurvey.co.uk/id/country/england,,,
DN211HP,http://data.ordnancesurvey.co.uk/id/postcodeunit/DN211HP,DN21 1HP,,,,other,Postcode,482102,390836,3500,18000,,,,,,,Gainsborough,http://data.ordnancesurvey.co.uk/id/4000000074575425,http://www.ordnancesurvey.co.uk/xml/codelists/localtype.xml#town,West Lindsey,http://data.ordnancesurvey.co.uk/id/7000000000043527,http://data.ordnancesurvey.co.uk/ontology/admingeo/District,Lincolnshire,http://data.ordnancesurvey.co.uk/id/7000000000005942,http://data.ordnancesurvey.co.uk/ontology/admingeo/County,East Midlands,http://data.ordnancesurvey.co.uk/id/7000000000041423,England,http://data.ordnancesurvey.co.uk/id/country/england,,,
DN214AR,http://data.ordnancesurvey.co.uk/id/postcodeunit/DN214AR,DN21 4AR,,,,other,Postcode,488359,396996,3500,18000,,,,,,,,,,West Lindsey,http://data.ordnancesurvey.co.uk/id/7000000000043527,http://data.ordnancesurvey.co.uk/ontology/admingeo/District,Lincolnshire,http://data.ordnancesurvey.co.uk/id/7000000000005942,http://data.ordnancesurvey.co.uk/ontology/admingeo/County,East Midlands,http://data.ordnancesurvey.co.uk/id/7000000000041423,England,http://data.ordnancesurvey.co.uk/id/country/england,,,
DN214AH,http://data.ordnancesurvey.co.uk/id/postcodeunit/DN214AH,DN21 4AH,,,,other,Postcode,489656,396418,3500,18000,,,,,,,,,,West Lindsey,http://data.ordnancesurvey.co.uk/id/7000000000043527,http://data.ordnancesurvey.co.uk/ontology/admingeo/District,Lincolnshire,http://data.ordnancesurvey.co.uk/id/7000000000005942,http://data.ordnancesurvey.co.uk/ontology/admingeo/County,East Midlands,http://data.ordnancesurvey.co.uk/id/7000000000041423,England,http://data.ordnancesurvey.co.uk/id/country/england,,,
DN211PR,http://data.ordnancesurvey.co.uk/id/postcodeunit/DN211PR,DN21 1PR,,,,other,Postcode,482510,388815,3500,18000,,,,,,,Gainsborough,http://data.ordnancesurvey.co.uk/id/4000000074575425,http://www.ordnancesurvey.co.uk/xml/codelists/localtype.xml#town,West Lindsey,http://data.ordnancesurvey.co.uk/id/7000000000043527,http://data.ordnancesurvey.co.uk/ontology/admingeo/District,Lincolnshire,http://data.ordnancesurvey.co.uk/id/7000000000005942,http://data.ordnancesurvey.co.uk/ontology/admingeo/County,East Midlands,http://data.ordnancesurvey.co.uk/id/7000000000041423,England,http://data.ordnancesurvey.co.uk/id/country/england,,,
DN214BX,http://data.ordnancesurvey.co.uk/id/postcodeunit/DN214BX,DN21 4BX,,,,other,Postcode,492955,398735,3500,18000,,,,,,,Kirton in Lindsey,http://data.ordnancesurvey.co.uk/id/4000000074574884,http://www.ordnancesurvey.co.uk/xml/codelists/localtype.xml#town,,,,North Lincolnshire,http://data.ordnancesurvey.co.uk/id/7000000000025623,http://data.ordnancesurvey.co.uk/ontology/admingeo/UnitaryAuthority,Yorkshire and the Humber,http://data.ordnancesurvey.co.uk/id/7000000000041430,England,http://data.ordnancesurvey.co.uk/id/country/england,,,
DN211JH,http://data.ordnancesurvey.co.uk/id/postcodeunit/DN211JH,DN21 1JH,,,,other,Postcode,481632,389375,3500,18000,,,,,,,Gainsborough,http://data.ordnancesurvey.co.uk/id/4000000074575425,http://www.ordnancesurvey.co.uk/xml/codelists/localtype.xml#town,West Lindsey,http://data.ordnancesurvey.co.uk/id/7000000000043527,http://data.ordnancesurvey.co.uk/ontology/admingeo/District,Lincolnshire,http://data.ordnancesurvey.co.uk/id/7000000000005942,http://data.ordnancesurvey.co.uk/ontology/admingeo/County,East Midlands,http://data.ordnancesurvey.co.uk/id/7000000000041423,England,http://data.ordnancesurvey.co.uk/id/country/england,,,
LN82BP,http://data.ordnancesurvey.co.uk/id/postcodeunit/LN82BP,LN8 2BP,,,,other,Postcode,498537,392756,3500,18000,,,,,,,Bishop Norton,http://data.ordnancesurvey.co.uk/id/4000000074574339,http://www.ordnancesurvey.co.uk/xml/codelists/localtype.xml#village,West Lindsey,http://data.ordnancesurvey.co.uk/id/7000000000043527,http://data.ordnancesurvey.co.uk/ontology/admingeo/District,Lincolnshire,http://data.ordnancesurvey.co.uk/id/7000000000005942,http://data.ordnancesurvey.co.uk/ontology/admingeo/County,East Midlands,http://data.ordnancesurvey.co.uk/id/7000000000041423,England,http://data.ordnancesurvey.co.uk/id/country/england,,,
DN215HT,http://data.ordnancesurvey.co.uk/id/postcodeunit/DN215HT,DN21 5HT,,,,other,Postcode,482896,387020,3500,18000,,,,,,,Lea,http://data.ordnancesurvey.co.uk/id/4000000074578253,http://www.ordnancesurvey.co.uk/xml/codelists/localtype.xml#village,West Lindsey,http://data.ordnancesurvey.co.uk/id/7000000000043527,http://data.ordnancesurvey.co.uk/ontology/admingeo/District,Lincolnshire,http://data.ordnancesurvey.co.uk/id/7000000000005942,http://data.ordnancesurvey.co.uk/ontology/admingeo/County,East Midlands,http://data.ordnancesurvey.co.uk/id/7000000000041423,England,http://data.ordnancesurvey.co.uk/id/country/england,,,
DN215XG,http://data.ordnancesurvey.co.uk/id/postcodeunit/DN215XG,DN21 5XG,,,,other,Postcode,493026,391084,3500,18000,,,,,,,Hemswell,http://data.ordnancesurvey.co.uk/id/4000000074574603,http://www.ordnancesurvey.co.uk/xml/codelists/localtype.xml#village,West Lindsey,http://data.ordnancesurvey.co.uk/id/7000000000043527,http://data.ordnancesurvey.co.uk/ontology/admingeo/District,Lincolnshire,http://data.ordnancesurvey.co.uk/id/7000000000005942,http://data.ordnancesurvey.co.uk/ontology/admingeo/County,East Midlands,http://data.ordnancesurvey.co.uk/id/7000000000041423,England,http://data.ordnancesurvey.co.uk/id/country/england,,,
DN214NY,http://data.ordnancesurvey.co.uk/id/postcodeunit/DN214NY,DN21 4NY,,,,other,Postcode,493581,398683,3500,18000,,,,,,,Kirton in Lindsey,http://data.ordnancesurvey.co.uk/id/4000000074574884,http://www.ordnancesurvey.co.uk/xml/codelists/localtype.xml#town,,,,North Lincolnshire,http://data.ordnancesurvey.co.uk/id/7000000000025623,http://data.ordnancesurvey.co.uk/ontology/admingeo/UnitaryAuthority,Yorkshire and the Humber,http://data.ordnancesurvey.co.uk/id/7000000000041430,England,http://data.ordnancesurvey.co.uk/id/country/england,,,
DN214SQ,http://data.ordnancesurvey.co.uk/id/postcodeunit/DN214SQ,DN21 4SQ,,,,other,Postcode,498647,396225,3500,18000,,,,,,,Waddingham,http://data.ordnancesurvey.co.uk/id/4000000074574880,http://www.ordnancesurvey.co.uk/xml/codelists/localtype.xml#village,West Lindsey,http://data.ordnancesurvey.co.uk/id/7000000000043527,http://data.ordnancesurvey.co.uk/ontology/admingeo/District,Lincolnshire,http://data.ordnancesurvey.co.uk/id/7000000000005942,http://data.ordnancesurvey.co.uk/ontology/admingeo/County,East Midlands,http://data.ordnancesurvey.co.uk/id/7000000000041423,England,http://data.ordnancesurvey.co.uk/id/country/england,,,
DN212SF,http://data.ordnancesurvey.co.uk/id/postcodeunit/DN212SF,DN21 2SF,,,,other,Postcode,481228,390711,3500,18000,,,,,,,Gainsborough,http://data.ordnancesurvey.co.uk/id/4000000074575425,http://www.ordnancesurvey.co.uk/xml/codelists/localtype.xml#town,West Lindsey,http://data.ordnancesurvey.co.uk/id/7000000000043527,http://data.ordnancesurvey.co.uk/ontology/admingeo/District,Lincolnshire,http://data.ordnancesurvey.co.uk/id/7000000000005942,http://data.ordnancesurvey.co.uk/ontology/admingeo/County,East Midlands,http://data.ordnancesurvey.co.uk/id/7000000000041423,England,http://data.ordnancesurvey.co.uk/id/country/england,,,
DN211XF,http://data.ordnancesurvey.co.uk/id/postcodeunit/DN211XF,DN21 1XF,,,,other,Postcode,482372,390944,3500,18000,,,,,,,Gainsborough,http://data.ordnancesurvey.co.uk/id/4000000074575425,http://www.ordnancesurvey.co.uk/xml/codelists/localtype.xml#town,West Lindsey,http://data.ordnancesurvey.co.uk/id/7000000000043527,http://data.ordnancesurvey.co.uk/ontology/admingeo/District,Lincolnshire,http://data.ordnancesurvey.co.uk/id/7000000000005942,http://data.ordnancesurvey.co.uk/ontology/admingeo/County,East Midlands,http://data.ordnancesurvey.co.uk/id/7000000000041423,England,http://data.ordnancesurvey.co.uk/id/country/england,,,
DN211JQ,http://data.ordnancesurvey.co.uk/id/postcodeunit/DN211JQ,DN21 1JQ,,,,other,Postcode,481648,389337,3500,18000,,,,,,,Gainsborough,http://data.ordnancesurvey.co.uk/id/4000000074575425,http://www.ordnancesurvey.co.uk/xml/codelists/localtype.xml#town,West Lindsey,http://data.ordnancesurvey.co.uk/id/7000000000043527,http://data.ordnancesurvey.co.uk/ontology/admingeo/District,Lincolnshire,http://data.ordnancesurvey.co.uk/id/7000000000005942,http://data.ordnancesurvey.co.uk/ontology/admingeo/County,East Midlands,http://data.ordnancesurvey.co.uk/id/7000000000041423,England,http://data.ordnancesurvey.co.uk/id/country/england,,,
DN214EP,http://data.ordnancesurvey.co.uk/id/postcodeunit/DN214EP,DN21 4EP,,,,other,Postcode,493980,396586,3500,18000,,,,,,,,,,,,,North Lincolnshire,http://data.ordnancesurvey.co.uk/id/7000000000025623,http://data.ordnancesurvey.co.uk/ontology/admingeo/UnitaryAuthority,Yorkshire and the Humber,http://data.ordnancesurvey.co.uk/id/7000000000041430,England,http://data.ordnancesurvey.co.uk/id/country/england,,,
DN214SR,http://data.ordnancesurvey.co.uk/id/postcodeunit/DN214SR,DN21 4SR,,,,other,Postcode,498288,396204,3500,18000,,,,,,,Waddingham,http://data.ordnancesurvey.co.uk/id/4000000074574880,http://www.ordnancesurvey.co.uk/xml/codelists/localtype.xml#village,West Lindsey,http://data.ordnancesurvey.co.uk/id/7000000000043527,http://data.ordnancesurvey.co.uk/ontology/admingeo/District,Lincolnshire,http://data.ordnancesurvey.co.uk/id/7000000000005942,http://data.ordnancesurvey.co.uk/ontology/admingeo/County,East Midlands,http://data.ordnancesurvey.co.uk/id/7000000000041423,England,http://data.ordnancesurvey.co.uk/id/country/england,,,
DN213JX,http://data.ordnancesurvey.co.uk/id/postcodeunit/DN213JX,DN21 3JX,,,,other,Postcode,485339,394923,3500,18000,,,,,,,Blyton,http://data.ordnancesurvey.co.uk/id/4000000074575429,http://www.ordnancesurvey.co.uk/xml/codelists/localtype.xml#village,West Lindsey,http://data.ordnancesurvey.co.uk/id/7000000000043527,http://data.ordnancesurvey.co.uk/ontology/admingeo/District,Lincolnshire,http://data.ordnancesurvey.co.uk/id/7000000000005942,http://data.ordnancesurvey.co.uk/ontology/admingeo/County,East Midlands,http://data.ordnancesurvey.co.uk/id/7000000000041423,England,http://data.ordnancesurvey.co.uk/id/country/england,,,
DN213RB,http://data.ordnancesurvey.co.uk/id/postcodeunit/DN213RB,DN21 3RB,,,,other,Postcode,489043,398966,3500,18000,,,,,,,Scotton,http://data.ordnancesurvey.co.uk/id/4000000074575140,http://www.ordnancesurvey.co.uk/xml/codelists/localtype.xml#village,West Lindsey,http://data.ordnancesurvey.co.uk/id/7000000000043527,http://data.ordnancesurvey.co.uk/ontology/admingeo/District,Lincolnshire,http://data.ordnancesurvey.co.uk/id/7000000000005942,http://data.ordnancesurvey.co.uk/ontology/admingeo/County,East Midlands,http://data.ordnancesurvey.co.uk/id/7000000000041423,England,http://data.ordnancesurvey.co.uk/id/country/england,,,
DN215QP,http://data.ordnancesurvey.co.uk/id/postcodeunit/DN215QP,DN21 5QP,,,,other,Postcode,486981,391005,3500,18000,,,,,,,Corringham,http://data.ordnancesurvey.co.uk/id/4000000074575143,http://www.ordnancesurvey.co.uk/xml/codelists/localtype.xml#village,West Lindsey,http://data.ordnancesurvey.co.uk/id/7000000000043527,http://data.ordnancesurvey.co.uk/ontology/admingeo/District,Lincolnshire,http://data.ordnancesurvey.co.uk/id/7000000000005942,http://data.ordnancesurvey.co.uk/ontology/admingeo/County,East Midlands,http://data.ordnancesurvey.co.uk/id/7000000000041423,England,http://data.ordnancesurvey.co.uk/id/country/england,,,
DN212RQ,http://data.ordnancesurvey.co.uk/id/postcodeunit/DN212RQ,DN21 2RQ,,,,other,Postcode,481417,390607,3500,18000,,,,,,,Gainsborough,http://data.ordnancesurvey.co.uk/id/4000000074575425,http://www.ordnancesurvey.co.uk/xml/codelists/localtype.xml#town,West Lindsey,http://data.ordnancesurvey.co.uk/id/7000000000043527,http://data.ordnancesurvey.co.uk/ontology/admingeo/District,Lincolnshire,http://data.ordnancesurvey.co.uk/id/7000000000005942,http://data.ordnancesurvey.co.uk/ontology/admingeo/County,East Midlands,http://data.ordnancesurvey.co.uk/id/7000000000041423,England,http://data.ordnancesurvey.co.uk/id/country/england,,,
DN213AN,http://data.ordnancesurvey.co.uk/id/postcodeunit/DN213AN,DN21 3AN,,,,other,Postcode,480828,391723,3500,18000,,,,,,,Gainsborough,http://data.ordnancesurvey.co.uk/id/4000000074575425,http://www.ordnancesurvey.co.uk/xml/codelists/localtype.xml#town,West Lindsey,http://data.ordnancesurvey.co.uk/id/7000000000043527,http://data.ordnancesurvey.co.uk/ontology/admingeo/District,Lincolnshire,http://data.ordnancesurvey.co.uk/id/7000000000005942,http://data.ordnancesurvey.co.uk/ontology/admingeo/County,East Midlands,http://data.ordnancesurvey.co.uk/id/7000000000041423,England,http://data.ordnancesurvey.co.uk/id/country/england,,,
DN211EY,http://data.ordnancesurvey.co.uk/id/postcodeunit/DN211EY,DN21 1EY,,,,other,Postcode,481902,390642,3500,18000,,,,,,,Gainsborough,http://data.ordnancesurvey.co.uk/id/4000000074575425,http://www.ordnancesurvey.co.uk/xml/codelists/localtype.xml#town,West Lindsey,http://data.ordnancesurvey.co.uk/id/7000000000043527,http://data.ordnancesurvey.co.uk/ontology/admingeo/District,Lincolnshire,http://data.ordnancesurvey.co.uk/id/7000000000005942,http://data.ordnancesurvey.co.uk/ontology/admingeo/County,East Midlands,http://data.ordnancesurvey.co.uk/id/7000000000041423,England,http://data.ordnancesurvey.co.uk/id/country/england,,,
DN211PF,http://data.ordnancesurvey.co.uk/id/postcodeunit/DN211PF,DN21 1PF,,,,other,Postcode,482466,390432,3500,18000,,,,,,,Gainsborough,http://data.ordnancesurvey.co.uk/id/4000000074575425,http://www.ordnancesurvey.co.uk/xml/codelists/localtype.xml#town,West Lindsey,http://data.ordnancesurvey.co.uk/id/7000000000043527,http://data.ordnancesurvey.co.uk/ontology/admingeo/District,Lincolnshire,http://data.ordnancesurvey.co.uk/id/7000000000005942,http://data.ordnancesurvey.co.uk/ontology/admingeo/County,East Midlands,http://data.ordnancesurvey.co.uk/id/7000000000041423,England,http://data.ordnancesurvey.co.uk/id/country/england,,,
DN215FN,http://data.ordnancesurvey.co.uk/id/postcodeunit/DN215FN,DN21 5FN,,,,other,Postcode,494852,389657,3500,18000,,,,,,,Hemswell Cliff,http://data.ordnancesurvey.co.uk/id/4000000074574338,http://www.ordnancesurvey.co.uk/xml/codelists/localtype.xml#village,West Lindsey,http://data.ordnancesurvey.co.uk/id/7000000000043527,http://data.ordnancesurvey.co.uk/ontology/admingeo/District,Lincolnshire,http://data.ordnancesurvey.co.uk/id/7000000000005942,http://data.ordnancesurvey.co.uk/ontology/admingeo/County,East Midlands,http://data.ordnancesurvey.co.uk/id/7000000000041423,England,http://data.ordnancesurvey.co.uk/id/country/england,,,
DN212RE,http://data.ordnancesurvey.co.uk/id/postcodeunit/DN212RE,DN21 2RE,,,,other,Postcode,481505,390652,3500,18000,,,,,,,Gainsborough,http://data.ordnancesurvey.co.uk/id/4000000074575425,http://www.ordnancesurvey.co.uk/xml/codelists/localtype.xml#town,West Lindsey,http://data.ordnancesurvey.co.uk/id/7000000000043527,http://data.ordnancesurvey.co.uk/ontology/admingeo/District,Lincolnshire,http://data.ordnancesurvey.co.uk/id/7000000000005942,http://data.ordnancesurvey.co.uk/ontology/admingeo/County,East Midlands,http://data.ordnancesurvey.co.uk/id/7000000000041423,England,http://data.ordnancesurvey.co.uk/id/country/england,,,
LN82AZ,http://data.ordnancesurvey.co.uk/id/postcodeunit/LN82AZ,LN8 2AZ,,,,other,Postcode,498520,392498,3500,18000,,,,,,,Bishop Norton,http://data.ordnancesurvey.co.uk/id/4000000074574339,http://www.ordnancesurvey.co.uk/xml/codelists/localtype.xml#village,West Lindsey,http://data.ordnancesurvey.co.uk/id/7000000000043527,http://data.ordnancesurvey.co.uk/ontology/admingeo/District,Lincolnshire,http://data.ordnancesurvey.co.uk/id/7000000000005942,http://data.ordnancesurvey.co.uk/ontology/admingeo/County,East Midlands,http://data.ordnancesurvey.co.uk/id/7000000000041423,England,http://data.ordnancesurvey.co.uk/id/country/england,,,
DN211FQ,http://data.ordnancesurvey.co.uk/id/postcodeunit/DN211FQ,DN21 1FQ,,,,other,Postcode,483235,388752,3500,18000,,,,,,,Gainsborough,http://data.ordnancesurvey.co.uk/id/4000000074575425,http://www.ordnancesurvey.co.uk/xml/codelists/localtype.xml#town,West Lindsey,http://data.ordnancesurvey.co.uk/id/7000000000043527,http://data.ordnancesurvey.co.uk/ontology/admingeo/District,Lincolnshire,http://data.ordnancesurvey.co.uk/id/7000000000005942,http://data.ordnancesurvey.co.uk/ontology/admingeo/County,East Midlands,http://data.ordnancesurvey.co.uk/id/7000000000041423,England,http://data.ordnancesurvey.co.uk/id/country/england,,,
DN212ND,http://data.ordnancesurvey.co.uk/id/postcodeunit/DN212ND,DN21 2ND,,,,other,Postcode,481235,390028,3500,18000,,,,,,,Gainsborough,http://data.ordnancesurvey.co.uk/id/4000000074575425,http://www.ordnancesurvey.co.uk/xml/codelists/localtype.xml#town,West Lindsey,http://data.ordnancesurvey.co.uk/id/7000000000043527,http://data.ordnancesurvey.co.uk/ontology/admingeo/District,Lincolnshire,http://data.ordnancesurvey.co.uk/id/7000000000005942,http://data.ordnancesurvey.co.uk/ontology/admingeo/County,East Midlands,http://data.ordnancesurvey.co.uk/id/7000000000041423,England,http://data.ordnancesurvey.co.uk/id/country/england,,,
DN211BA,http://data.ordnancesurvey.co.uk/id/postcodeunit/DN211BA,DN21 1BA,,,,other,Postcode,481789,388656,3500,18000,,,,,,,Gainsborough,http://data.ordnancesurvey.co.uk/id/4000000074575425,http://www.ordnancesurvey.co.uk/xml/codelists/localtype.xml#town,West Lindsey,http://data.ordnancesurvey.co.uk/id/7000000000043527,http://data.ordnancesurvey.co.uk/ontology/admingeo/District,Lincolnshire,http://data.ordnancesurvey.co.uk/id/7000000000005942,http://data.ordnancesurvey.co.uk/ontology/admingeo/County,East Midlands,http://data.ordnancesurvey.co.uk/id/7000000000041423,England,http://data.ordnancesurvey.co.uk/id/country/england,,,
LN82AE,http://data.ordnancesurvey.co.uk/id/postcodeunit/LN82AE,LN8 2AE,,,,other,Postcode,498032,387849,3500,18000,,,,,,,,,,West Lindsey,http://data.ordnancesurvey.co.uk/id/7000000000043527,http://data.ordnancesurvey.co.uk/ontology/admingeo/District,Lincolnshire,http://data.ordnancesurvey.co.uk/id/7000000000005942,http://data.ordnancesurvey.co.uk/ontology/admingeo/County,East Midlands,http://data.ordnancesurvey.co.uk/id/7000000000041423,England,http://data.ordnancesurvey.co.uk/id/country/england,,,
DN212RR,http://data.ordnancesurvey.co.uk/id/postcodeunit/DN212RR,DN21 2RR,,,,other,Postcode,481058,390903,3500,18000,,,,,,,Gainsborough,http://data.ordnancesurvey.co.uk/id/4000000074575425,http://www.ordnancesurvey.co.uk/xml/codelists/localtype.xml#town,West Lindsey,http://data.ordnancesurvey.co.uk/id/7000000000043527,http://data.ordnancesurvey.co.uk/ontology/admingeo/District,Lincolnshire,http://data.ordnancesurvey.co.uk/id/7000000000005942,http://data.ordnancesurvey.co.uk/ontology/admingeo/County,East Midlands,http://data.ordnancesurvey.co.uk/id/7000000000041423,England,http://data.ordnancesurvey.co.uk/id/country/england,,,
DN211RB,http://data.ordnancesurvey.co.uk/id/postcodeunit/DN211RB,DN21 1RB,,,,other,Postcode,482338,390146,3500,18000,,,,,,,Gainsborough,http://data.ordnancesurvey.co.uk/id/4000000074575425,http://www.ordnancesurvey.co.uk/xml/codelists/localtype.xml#town,West Lindsey,http://data.ordnancesurvey.co.uk/id/7000000000043527,http://data.ordnancesurvey.co.uk/ontology/admingeo/District,Lincolnshire,http://data.ordnancesurvey.co.uk/id/7000000000005942,http://data.ordnancesurvey.co.uk/ontology/admingeo/County,East Midlands,http://data.ordnancesurvey.co.uk/id/7000000000041423,England,http://data.ordnancesurvey.co.uk/id/country/england,,,
DN211RD,http://data.ordnancesurvey.co.uk/id/postcodeunit/DN211RD,DN21 1RD,,,,other,Postcode,482463,390270,3500,18000,,,,,,,Gainsborough,http://data.ordnancesurvey.co.uk/id/4000000074575425,http://www.ordnancesurvey.co.uk/xml/codelists/localtype.xml#town,West Lindsey,http://data.ordnancesurvey.co.uk/id/7000000000043527,http://data.ordnancesurvey.co.uk/ontology/admingeo/District,Lincolnshire,http://data.ordnancesurvey.co.uk/id/7000000000005942,http://data.ordnancesurvey.co.uk/ontology/admingeo/County,East Midlands,http://data.ordnancesurvey.co.uk/id/7000000000041423,England,http://data.ordnancesurvey.co.uk/id/country/england,,,
DN213EW,http://data.ordnancesurvey.co.uk/id/postcodeunit/DN213EW,DN21 3EW,,,,other,Postcode,481394,393990,3500,18000,,,,,,,,,,West Lindsey,http://data.ordnancesurvey.co.uk/id/7000000000043527,http://data.ordnancesurvey.co.uk/ontology/admingeo/District,Lincolnshire,http://data.ordnancesurvey.co.uk/id/7000000000005942,http://data.ordnancesurvey.co.uk/ontology/admingeo/County,East Midlands,http://data.ordnancesurvey.co.uk/id/7000000000041423,England,http://data.ordnancesurvey.co.uk/id/country/england,,,
LN82GA,http://data.ordnancesurvey.co.uk/id/postcodeunit/LN82GA,LN8 2GA,,,,other,Postcode,499942,388199,3500,18000,,,,,,,Normanby-by-Spital,http://data.ordnancesurvey.co.uk/id/4000000074550240,http://www.ordnancesurvey.co.uk/xml/codelists/localtype.xml#village,West Lindsey,http://data.ordnancesurvey.co.uk/id/7000000000043527,http://data.ordnancesurvey.co.uk/ontology/admingeo/District,Lincolnshire,http://data.ordnancesurvey.co.uk/id/7000000000005942,http://data.ordnancesurvey.co.uk/ontology/admingeo/County,East Midlands,http://data.ordnancesurvey.co.uk/id/7000000000041423,England,http://data.ordnancesurvey.co.uk/id/country/england,,,
DN211FZ,http://data.ordnancesurvey.co.uk/id/postcodeunit/DN211FZ,DN21 1FZ,,,,other,Postcode,482291,391105,3500,18000,,,,,,,Gainsborough,http://data.ordnancesurvey.co.uk/id/4000000074575425,http://www.ordnancesurvey.co.uk/xml/codelists/localtype.xml#town,West Lindsey,http://data.ordnancesurvey.co.uk/id/7000000000043527,http://data.ordnancesurvey.co.uk/ontology/admingeo/District,Lincolnshire,http://data.ordnancesurvey.co.uk/id/7000000000005942,http://data.ordnancesurvey.co.uk/ontology/admingeo/County,East Midlands,http://data.ordnancesurvey.co.uk/id/7000000000041423,England,http://data.ordnancesurvey.co.uk/id/country/england,,,
DN214ST,http://data.ordnancesurvey.co.uk/id/postcodeunit/DN214ST,DN21 4ST,,,,other,Postcode,498645,396311,3500,18000,,,,,,,Waddingham,http://data.ordnancesurvey.co.uk/id/4000000074574880,http://www.ordnancesurvey.co.uk/xml/codelists/localtype.xml#village,West Lindsey,http://data.ordnancesurvey.co.uk/id/7000000000043527,http://data.ordnancesurvey.co.uk/ontology/admingeo/District,Lincolnshire,http://data.ordnancesurvey.co.uk/id/7000000000005942,http://data.ordnancesurvey.co.uk/ontology/admingeo/County,East Midlands,http://data.ordnancesurvey.co.uk/id/7000000000041423,England,http://data.ordnancesurvey.co.uk/id/country/england,,,
DN213PZ,http://data.ordnancesurvey.co.uk/id/postcodeunit/DN213PZ,DN21 3PZ,,,,other,Postcode,487361,397451,3500,18000,,,,,,,,,,West Lindsey,http://data.ordnancesurvey.co.uk/id/7000000000043527,http://data.ordnancesurvey.co.uk/ontology/admingeo/District,Lincolnshire,http://data.ordnancesurvey.co.uk/id/7000000000005942,http://data.ordnancesurvey.co.uk/ontology/admingeo/County,East Midlands,http://data.ordnancesurvey.co.uk/id/7000000000041423,England,http://data.ordnancesurvey.co.uk/id/country/england,,,
DN214QS,http://data.ordnancesurvey.co.uk/id/postcodeunit/DN214QS,DN21 4QS,,,,other,Postcode,497117,399905,3500,18000,,,,,,,Redbourne,http://data.ordnancesurvey.co.uk/id/4000000074574881,http://www.ordnancesurvey.co.uk/xml/codelists/localtype.xml#village,,,,North Lincolnshire,http://data.ordnancesurvey.co.uk/id/7000000000025623,http://data.ordnancesurvey.co.uk/ontology/admingeo/UnitaryAuthority,Yorkshire and the Humber,http://data.ordnancesurvey.co.uk/id/7000000000041430,England,http://data.ordnancesurvey.co.uk/id/country/england,,,
DN215XZ,http://data.ordnancesurvey.co.uk/id/postcodeunit/DN215XZ,DN21 5XZ,,,,other,Postcode,484094,381935,3500,18000,,,,,,,Marton,http://data.ordnancesurvey.co.uk/id/4000000074577537,http://www.ordnancesurvey.co.uk/xml/codelists/localtype.xml#village,West Lindsey,http://data.ordnancesurvey.co.uk/id/7000000000043527,http://data.ordnancesurvey.co.uk/ontology/admingeo/District,Lincolnshire,http://data.ordnancesurvey.co.uk/id/7000000000005942,http://data.ordnancesurvey.co.uk/ontology/admingeo/County,East Midlands,http://data.ordnancesurvey.co.uk/id/7000000000041423,England,http://data.ordnancesurvey.co.uk/id/country/england,,,
DN211DP,http://data.ordnancesurvey.co.uk/id/postcodeunit/DN211DP,DN21 1DP,,,,other,Postcode,481875,388793,3500,18000,,,,,,,Gainsborough,http://data.ordnancesurvey.co.uk/id/4000000074575425,http://www.ordnancesurvey.co.uk/xml/codelists/localtype.xml#town,West Lindsey,http://data.ordnancesurvey.co.uk/id/7000000000043527,http://data.ordnancesurvey.co.uk/ontology/admingeo/District,Lincolnshire,http://data.ordnancesurvey.co.uk/id/7000000000005942,http://data.ordnancesurvey.co.uk/ontology/admingeo/County,East Midlands,http://data.ordnancesurvey.co.uk/id/7000000000041423,England,http://data.ordnancesurvey.co.uk/id/country/england,,,
DN215TJ,http://data.ordnancesurvey.co.uk/id/postcodeunit/DN215TJ,DN21 5TJ,,,,other,Postcode,494831,390254,3500,18000,,,,,,,Hemswell Cliff,http://data.ordnancesurvey.co.uk/id/4000000074574338,http://www.ordnancesurvey.co.uk/xml/codelists/localtype.xml#village,West Lindsey,http://data.ordnancesurvey.co.uk/id/7000000000043527,http://data.ordnancesurvey.co.uk/ontology/admingeo/District,Lincolnshire,http://data.ordnancesurvey.co.uk/id/7000000000005942,http://data.ordnancesurvey.co.uk/ontology/admingeo/County,East Midlands,http://data.ordnancesurvey.co.uk/id/7000000000041423,England,http://data.ordnancesurvey.co.uk/id/country/england,,,
DN211QH,http://data.ordnancesurvey.co.uk/id/postcodeunit/DN211QH,DN21 1QH,,,,other,Postcode,482853,390551,3500,18000,,,,,,,Gainsborough,http://data.ordnancesurvey.co.uk/id/4000000074575425,http://www.ordnancesurvey.co.uk/xml/codelists/localtype.xml#town,West Lindsey,http://data.ordnancesurvey.co.uk/id/7000000000043527,http://data.ordnancesurvey.co.uk/ontology/admingeo/District,Lincolnshire,http://data.ordnancesurvey.co.uk/id/7000000000005942,http://data.ordnancesurvey.co.uk/ontology/admingeo/County,East Midlands,http://data.ordnancesurvey.co.uk/id/7000000000041423,England,http://data.ordnancesurvey.co.uk/id/country/england,,,
LN82AY,http://data.ordnancesurvey.co.uk/id/postcodeunit/LN82AY,LN8 2AY,,,,other,Postcode,498443,392431,3500,18000,,,,,,,Bishop Norton,http://data.ordnancesurvey.co.uk/id/4000000074574339,http://www.ordnancesurvey.co.uk/xml/codelists/localtype.xml#village,West Lindsey,http://data.ordnancesurvey.co.uk/id/7000000000043527,http://data.ordnancesurvey.co.uk/ontology/admingeo/District,Lincolnshire,http://data.ordnancesurvey.co.uk/id/7000000000005942,http://data.ordnancesurvey.co.uk/ontology/admingeo/County,East Midlands,http://data.ordnancesurvey.co.uk/id/7000000000041423,England,http://data.ordnancesurvey.co.uk/id/country/england,,,
DN211ED,http://data.ordnancesurvey.co.uk/id/postcodeunit/DN211ED,DN21 1ED,,,,other,Postcode,482410,388426,3500,18000,,,,,,,Gainsborough,http://data.ordnancesurvey.co.uk/id/4000000074575425,http://www.ordnancesurvey.co.uk/xml/codelists/localtype.xml#town,West Lindsey,http://data.ordnancesurvey.co.uk/id/7000000000043527,http://data.ordnancesurvey.co.uk/ontology/admingeo/District,Lincolnshire,http://data.ordnancesurvey.co.uk/id/7000000000005942,http://data.ordnancesurvey.co.uk/ontology/admingeo/County,East Midlands,http://data.ordnancesurvey.co.uk/id/7000000000041423,England,http://data.ordnancesurvey.co.uk/id/country/england,,,
DN215UN,http://data.ordnancesurvey.co.uk/id/postcodeunit/DN215UN,DN21 5UN,,,,other,Postcode,492831,390935,3500,18000,,,,,,,Hemswell,http://data.ordnancesurvey.co.uk/id/4000000074574603,http://www.ordnancesurvey.co.uk/xml/codelists/localtype.xml#village,West Lindsey,http://data.ordnancesurvey.co.uk/id/7000000000043527,http://data.ordnancesurvey.co.uk/ontology/admingeo/District,Lincolnshire,http://data.ordnancesurvey.co.uk/id/7000000000005942,http://data.ordnancesurvey.co.uk/ontology/admingeo/County,East Midlands,http://data.ordnancesurvey.co.uk/id/7000000000041423,England,http://data.ordnancesurvey.co.uk/id/country/england,,,
DN213FA,http://data.ordnancesurvey.co.uk/id/postcodeunit/DN213FA,DN21 3FA,,,,other,Postcode,485667,395352,3500,18000,,,,,,,Blyton,http://data.ordnancesurvey.co.uk/id/4000000074575429,http://www.ordnancesurvey.co.uk/xml/codelists/localtype.xml#village,West Lindsey,http://data.ordnancesurvey.co.uk/id/7000000000043527,http://data.ordnancesurvey.co.uk/ontology/admingeo/District,Lincolnshire,http://data.ordnancesurvey.co.uk/id/7000000000005942,http://data.ordnancesurvey.co.uk/ontology/admingeo/County,East Midlands,http://data.ordnancesurvey.co.uk/id/7000000000041423,England,http://data.ordnancesurvey.co.uk/id/country/england,,,
LN12DJ,http://data.ordnancesurvey.co.uk/id/postcodeunit/LN12DJ,LN1 2DJ,,,,other,Postcode,488374,381894,3500,18000,,,,,,,Stow,http://data.ordnancesurvey.co.uk/id/4000000074574878,http://www.ordnancesurvey.co.uk/xml/codelists/localtype.xml#village,West Lindsey,http://data.ordnancesurvey.co.uk/id/7000000000043527,http://data.ordnancesurvey.co.uk/ontology/admingeo/District,Lincolnshire,http://data.ordnancesurvey.co.uk/id/7000000000005942,http://data.ordnancesurvey.co.uk/ontology/admingeo/County,East Midlands,http://data.ordnancesurvey.co.uk/id/7000000000041423,England,http://data.ordnancesurvey.co.uk/id/country/england,,,
DN213FJ,http://data.ordnancesurvey.co.uk/id/postcodeunit/DN213FJ,DN21 3FJ,,,,other,Postcode,483910,393924,3500,18000,,,,,,,,,,West Lindsey,http://data.ordnancesurvey.co.uk/id/7000000000043527,http://data.ordnancesurvey.co.uk/ontology/admingeo/District,Lincolnshire,http://data.ordnancesurvey.co.uk/id/7000000000005942,http://data.ordnancesurvey.co.uk/ontology/admingeo/County,East Midlands,http://data.ordnancesurvey.co.uk/id/7000000000041423,England,http://data.ordnancesurvey.co.uk/id/country/england,,,
DN213LS,http://data.ordnancesurvey.co.uk/id/postcodeunit/DN213LS,DN21 3LS,,,,other,Postcode,485889,395285,3500,18000,,,,,,,Blyton,http://data.ordnancesurvey.co.uk/id/4000000074575429,http://www.ordnancesurvey.co.uk/xml/codelists/localtype.xml#village,West Lindsey,http://data.ordnancesurvey.co.uk/id/7000000000043527,http://data.ordnancesurvey.co.uk/ontology/admingeo/District,Lincolnshire,http://data.ordnancesurvey.co.uk/id/7000000000005942,http://data.ordnancesurvey.co.uk/ontology/admingeo/County,East Midlands,http://data.ordnancesurvey.co.uk/id/7000000000041423,England,http://data.ordnancesurvey.co.uk/id/country/england,,,
DN212TB,http://data.ordnancesurvey.co.uk/id/postcodeunit/DN212TB,DN21 2TB,,,,other,Postcode,481042,391370,3500,18000,,,,,,,Gainsborough,http://data.ordnancesurvey.co.uk/id/4000000074575425,http://www.ordnancesurvey.co.uk/xml/codelists/localtype.xml#town,West Lindsey,http://data.ordnancesurvey.co.uk/id/7000000000043527,http://data.ordnancesurvey.co.uk/ontology/admingeo/District,Lincolnshire,http://data.ordnancesurvey.co.uk/id/7000000000005942,http://data.ordnancesurvey.co.uk/ontology/admingeo/County,East Midlands,http://data.ordnancesurvey.co.uk/id/7000000000041423,England,http://data.ordnancesurvey.co.uk/id/country/england,,,
DN215BU,http://data.ordnancesurvey.co.uk/id/postcodeunit/DN215BU,DN21 5BU,,,,other,Postcode,495486,385676,3500,18000,,,,,,,Fillingham,http://data.ordnancesurvey.co.uk/id/4000000074574877,http://www.ordnancesurvey.co.uk/xml/codelists/localtype.xml#village,West Lindsey,http://data.ordnancesurvey.co.uk/id/7000000000043527,http://data.ordnancesurvey.co.uk/ontology/admingeo/District,Lincolnshire,http://data.ordnancesurvey.co.uk/id/7000000000005942,http://data.ordnancesurvey.co.uk/ontology/admingeo/County,East Midlands,http://data.ordnancesurvey.co.uk/id/7000000000041423,England,http://data.ordnancesurvey.co.uk/id/country/england,,,
DN214RL,http://data.ordnancesurvey.co.uk/id/postcodeunit/DN214RL,DN21 4RL,,,,other,Postcode,499079,395824,3500,18000,,,,,,,,,,West Lindsey,http://data.ordnancesurvey.co.uk/id/7000000000043527,http://data.ordnancesurvey.co.uk/ontology/admingeo/District,Lincolnshire,http://data.ordnancesurvey.co.uk/id/7000000000005942,http://data.ordnancesurvey.co.uk/ontology/admingeo/County,East Midlands,http://data.ordnancesurvey.co.uk/id/7000000000041423,England,http://data.ordnancesurvey.co.uk/id/country/england,,,
DN212PL,http://data.ordnancesurvey.co.uk/id/postcodeunit/DN212PL,DN21 2PL,,,,other,Postcode,480986,390223,3500,18000,,,,,,,Gainsborough,http://data.ordnancesurvey.co.uk/id/4000000074575425,http://www.ordnancesurvey.co.uk/xml/codelists/localtype.xml#town,West Lindsey,http://data.ordnancesurvey.co.uk/id/7000000000043527,http://data.ordnancesurvey.co.uk/ontology/admingeo/District,Lincolnshire,http://data.ordnancesurvey.co.uk/id/7000000000005942,http://data.ordnancesurvey.co.uk/ontology/admingeo/County,East Midlands,http://data.ordnancesurvey.co.uk/id/7000000000041423,England,http://data.ordnancesurvey.co.uk/id/country/england,,,
DN213PD,http://data.ordnancesurvey.co.uk/id/postcodeunit/DN213PD,DN21 3PD,,,,other,Postcode,488064,395236,3500,18000,,,,,,,,,,West Lindsey,http://data.ordnancesurvey.co.uk/id/7000000000043527,http://data.ordnancesurvey.co.uk/ontology/admingeo/District,Lincolnshire,http://data.ordnancesurvey.co.uk/id/7000000000005942,http://data.ordnancesurvey.co.uk/ontology/admingeo/County,East Midlands,http://data.ordnancesurvey.co.uk/id/7000000000041423,England,http://data.ordnancesurvey.co.uk/id/country/england,,,
DN219ER,http://data.ordnancesurvey.co.uk/id/postcodeunit/DN219ER,DN21 9ER,,,,other,Postcode,481607,390035,3500,18000,,,,,,,Gainsborough,http://data.ordnancesurvey.co.uk/id/4000000074575425,http://www.ordnancesurvey.co.uk/xml/codelists/localtype.xml#town,West Lindsey,http://data.ordnancesurvey.co.uk/id/7000000000043527,http://data.ordnancesurvey.co.uk/ontology/admingeo/District,Lincolnshire,http://data.ordnancesurvey.co.uk/id/7000000000005942,http://data.ordnancesurvey.co.uk/ontology/admingeo/County,East Midlands,http://data.ordnancesurvey.co.uk/id/7000000000041423,England,http://data.ordnancesurvey.co.uk/id/country/england,,,
DN215LH,http://data.ordnancesurvey.co.uk/id/postcodeunit/DN215LH,DN21 5LH,,,,other,Postcode,487809,384262,3500,18000,,,,,,,Willingham by Stow,http://data.ordnancesurvey.co.uk/id/4000000074575139,http://www.ordnancesurvey.co.uk/xml/codelists/localtype.xml#village,West Lindsey,http://data.ordnancesurvey.co.uk/id/7000000000043527,http://data.ordnancesurvey.co.uk/ontology/admingeo/District,Lincolnshire,http://data.ordnancesurvey.co.uk/id/7000000000005942,http://data.ordnancesurvey.co.uk/ontology/admingeo/County,East Midlands,http://data.ordnancesurvey.co.uk/id/7000000000041423,England,http://data.ordnancesurvey.co.uk/id/country/england,,,
DN214FA,http://data.ordnancesurvey.co.uk/id/postcodeunit/DN214FA,DN21 4FA,,,,other,Postcode,493300,399258,3500,18000,,,,,,,Kirton in Lindsey,http://data.ordnancesurvey.co.uk/id/4000000074574884,http://www.ordnancesurvey.co.uk/xml/codelists/localtype.xml#town,,,,North Lincolnshire,http://data.ordnancesurvey.co.uk/id/7000000000025623,http://data.ordnancesurvey.co.uk/ontology/admingeo/UnitaryAuthority,Yorkshire and the Humber,http://data.ordnancesurvey.co.uk/id/7000000000041430,England,http://data.ordnancesurvey.co.uk/id/country/england,,,
DN214EF,http://data.ordnancesurvey.co.uk/id/postcodeunit/DN214EF,DN21 4EF,,,,other,Postcode,493448,399212,3500,18000,,,,,,,Kirton in Lindsey,http://data.ordnancesurvey.co.uk/id/4000000074574884,http://www.ordnancesurvey.co.uk/xml/codelists/localtype.xml#town,,,,North Lincolnshire,http://data.ordnancesurvey.co.uk/id/7000000000025623,http://data.ordnancesurvey.co.uk/ontology/admingeo/UnitaryAuthority,Yorkshire and the Humber,http://data.ordnancesurvey.co.uk/id/7000000000041430,England,http://data.ordnancesurvey.co.uk/id/country/england,,,
DN211WJ,http://data.ordnancesurvey.co.uk/id/postcodeunit/DN211WJ,DN21 1WJ,,,,other,Postcode,482648,390363,3500,18000,,,,,,,Gainsborough,http://data.ordnancesurvey.co.uk/id/4000000074575425,http://www.ordnancesurvey.co.uk/xml/codelists/localtype.xml#town,West Lindsey,http://data.ordnancesurvey.co.uk/id/7000000000043527,http://data.ordnancesurvey.co.uk/ontology/admingeo/District,Lincolnshire,http://data.ordnancesurvey.co.uk/id/7000000000005942,http://data.ordnancesurvey.co.uk/ontology/admingeo/County,East Midlands,http://data.ordnancesurvey.co.uk/id/7000000000041423,England,http://data.ordnancesurvey.co.uk/id/country/england,,,
DN214BN,http://data.ordnancesurvey.co.uk/id/postcodeunit/DN214BN,DN21 4BN,,,,other,Postcode,493239,399014,3500,18000,,,,,,,Kirton in Lindsey,http://data.ordnancesurvey.co.uk/id/4000000074574884,http://www.ordnancesurvey.co.uk/xml/codelists/localtype.xml#town,,,,North Lincolnshire,http://data.ordnancesurvey.co.uk/id/7000000000025623,http://data.ordnancesurvey.co.uk/ontology/admingeo/UnitaryAuthority,Yorkshire and the Humber,http://data.ordnancesurvey.co.uk/id/7000000000041430,England,http://data.ordnancesurvey.co.uk/id/country/england,,,
DN212TL,http://data.ordnancesurvey.co.uk/id/postcodeunit/DN212TL,DN21 2TL,,,,other,Postcode,480947,391401,3500,18000,,,,,,,Gainsborough,http://data.ordnancesurvey.co.uk/id/4000000074575425,http://www.ordnancesurvey.co.uk/xml/codelists/localtype.xml#town,West Lindsey,http://data.ordnancesurvey.co.uk/id/7000000000043527,http://data.ordnancesurvey.co.uk/ontology/admingeo/District,Lincolnshire,http://data.ordnancesurvey.co.uk/id/7000000000005942,http://data.ordnancesurvey.co.uk/ontology/admingeo/County,East Midlands,http://data.ordnancesurvey.co.uk/id/7000000000041423,England,http://data.ordnancesurvey.co.uk/id/country/england,,,
DN214PY,http://data.ordnancesurvey.co.uk/id/postcodeunit/DN214PY,DN21 4PY,,,,other,Postcode,494683,397884,3500,18000,,,,,,,Kirton in Lindsey,http://data.ordnancesurvey.co.uk/id/4000000074574884,http://www.ordnancesurvey.co.uk/xml/codelists/localtype.xml#town,,,,North Lincolnshire,http://data.ordnancesurvey.co.uk/id/7000000000025623,http://data.ordnancesurvey.co.uk/ontology/admingeo/UnitaryAuthority,Yorkshire and the Humber,http://data.ordnancesurvey.co.uk/id/7000000000041430,England,http://data.ordnancesurvey.co.uk/id/country/england,,,
LN23PP,http://data.ordnancesurvey.co.uk/id/postcodeunit/LN23PP,LN2 3PP,,,,other,Postcode,498882,381378,3500,18000,,,,,,,,,,West Lindsey,http://data.ordnancesurvey.co.uk/id/7000000000043527,http://data.ordnancesurvey.co.uk/ontology/admingeo/District,Lincolnshire,http://data.ordnancesurvey.co.uk/id/7000000000005942,http://data.ordnancesurvey.co.uk/ontology/admingeo/County,East Midlands,http://data.ordnancesurvey.co.uk/id/7000000000041423,England,http://data.ordnancesurvey.co.uk/id/country/england,,,
LN82AB,http://data.ordnancesurvey.co.uk/id/postcodeunit/LN82AB,LN8 2AB,,,,other,Postcode,499848,387346,3500,18000,,,,,,,Owmby-by-Spital,http://data.ordnancesurvey.co.uk/id/4000000074549917,http://www.ordnancesurvey.co.uk/xml/codelists/localtype.xml#village,West Lindsey,http://data.ordnancesurvey.co.uk/id/7000000000043527,http://data.ordnancesurvey.co.uk/ontology/admingeo/District,Lincolnshire,http://data.ordnancesurvey.co.uk/id/7000000000005942,http://data.ordnancesurvey.co.uk/ontology/admingeo/County,East Midlands,http://data.ordnancesurvey.co.uk/id/7000000000041423,England,http://data.ordnancesurvey.co.uk/id/country/england,,,
DN215TH,http://data.ordnancesurvey.co.uk/id/postcodeunit/DN215TH,DN21 5TH,,,,other,Postcode,495036,390183,3500,18000,,,,,,,Hemswell Cliff,http://data.ordnancesurvey.co.uk/id/4000000074574338,http://www.ordnancesurvey.co.uk/xml/codelists/localtype.xml#village,West Lindsey,http://data.ordnancesurvey.co.uk/id/7000000000043527,http://data.ordnancesurvey.co.uk/ontology/admingeo/District,Lincolnshire,http://data.ordnancesurvey.co.uk/id/7000000000005942,http://data.ordnancesurvey.co.uk/ontology/admingeo/County,East Midlands,http://data.ordnancesurvey.co.uk/id/7000000000041423,England,http://data.ordnancesurvey.co.uk/id/country/england,,,
DN215BP,http://data.ordnancesurvey.co.uk/id/postcodeunit/DN215BP,DN21 5BP,,,,other,Postcode,494532,385846,3500,18000,,,,,,,Fillingham,http://data.ordnancesurvey.co.uk/id/4000000074574877,http://www.ordnancesurvey.co.uk/xml/codelists/localtype.xml#village,West Lindsey,http://data.ordnancesurvey.co.uk/id/7000000000043527,http://data.ordnancesurvey.co.uk/ontology/admingeo/District,Lincolnshire,http://data.ordnancesurvey.co.uk/id/7000000000005942,http://data.ordnancesurvey.co.uk/ontology/admingeo/County,East Midlands,http://data.ordnancesurvey.co.uk/id/7000000000041423,England,http://data.ordnancesurvey.co.uk/id/country/england,,,
DN212TY,http://data.ordnancesurvey.co.uk/id/postcodeunit/DN212TY,DN21 2TY,,,,other,Postcode,480756,391128,3500,18000,,,,,,,Gainsborough,http://data.ordnancesurvey.co.uk/id/4000000074575425,http://www.ordnancesurvey.co.uk/xml/codelists/localtype.xml#town,West Lindsey,http://data.ordnancesurvey.co.uk/id/7000000000043527,http://data.ordnancesurvey.co.uk/ontology/admingeo/District,Lincolnshire,http://data.ordnancesurvey.co.uk/id/7000000000005942,http://data.ordnancesurvey.co.uk/ontology/admingeo/County,East Midlands,http://data.ordnancesurvey.co.uk/id/7000000000041423,England,http://data.ordnancesurvey.co.uk/id/country/england,,,
DN211SU,http://data.ordnancesurvey.co.uk/id/postcodeunit/DN211SU,DN21 1SU,,,,other,Postcode,482989,389808,3500,18000,,,,,,,Gainsborough,http://data.ordnancesurvey.co.uk/id/4000000074575425,http://www.ordnancesurvey.co.uk/xml/codelists/localtype.xml#town,West Lindsey,http://data.ordnancesurvey.co.uk/id/7000000000043527,http://data.ordnancesurvey.co.uk/ontology/admingeo/District,Lincolnshire,http://data.ordnancesurvey.co.uk/id/7000000000005942,http://data.ordnancesurvey.co.uk/ontology/admingeo/County,East Midlands,http://data.ordnancesurvey.co.uk/id/7000000000041423,England,http://data.ordnancesurvey.co.uk/id/country/england,,,
DN211LN,http://data.ordnancesurvey.co.uk/id/postcodeunit/DN211LN,DN21 1LN,,,,other,Postcode,481620,389159,3500,18000,,,,,,,Gainsborough,http://data.ordnancesurvey.co.uk/id/4000000074575425,http://www.ordnancesurvey.co.uk/xml/codelists/localtype.xml#town,West Lindsey,http://data.ordnancesurvey.co.uk/id/7000000000043527,http://data.ordnancesurvey.co.uk/ontology/admingeo/District,Lincolnshire,http://data.ordnancesurvey.co.uk/id/7000000000005942,http://data.ordnancesurvey.co.uk/ontology/admingeo/County,East Midlands,http://data.ordnancesurvey.co.uk/id/7000000000041423,England,http://data.ordnancesurvey.co.uk/id/country/england,,,
DN212BG,http://data.ordnancesurvey.co.uk/id/postcodeunit/DN212BG,DN21 2BG,,,,other,Postcode,481815,390108,3500,18000,,,,,,,Gainsborough,http://data.ordnancesurvey.co.uk/id/4000000074575425,http://www.ordnancesurvey.co.uk/xml/codelists/localtype.xml#town,West Lindsey,http://data.ordnancesurvey.co.uk/id/7000000000043527,http://data.ordnancesurvey.co.uk/ontology/admingeo/District,Lincolnshire,http://data.ordnancesurvey.co.uk/id/7000000000005942,http://data.ordnancesurvey.co.uk/ontology/admingeo/County,East Midlands,http://data.ordnancesurvey.co.uk/id/7000000000041423,England,http://data.ordnancesurvey.co.uk/id/country/england,,,
LN82BD,http://data.ordnancesurvey.co.uk/id/postcodeunit/LN82BD,LN8 2BD,,,,other,Postcode,498551,392698,3500,18000,,,,,,,Bishop Norton,http://data.ordnancesurvey.co.uk/id/4000000074574339,http://www.ordnancesurvey.co.uk/xml/codelists/localtype.xml#village,West Lindsey,http://data.ordnancesurvey.co.uk/id/7000000000043527,http://data.ordnancesurvey.co.uk/ontology/admingeo/District,Lincolnshire,http://data.ordnancesurvey.co.uk/id/7000000000005942,http://data.ordnancesurvey.co.uk/ontology/admingeo/County,East Midlands,http://data.ordnancesurvey.co.uk/id/7000000000041423,England,http://data.ordnancesurvey.co.uk/id/country/england,,,
DN211NQ,http://data.ordnancesurvey.co.uk/id/postcodeunit/DN211NQ,DN21 1NQ,,,,other,Postcode,480424,390246,3500,18000,,,,,,,Gainsborough,http://data.ordnancesurvey.co.uk/id/4000000074575425,http://www.ordnancesurvey.co.uk/xml/codelists/localtype.xml#town,Bassetlaw,http://data.ordnancesurvey.co.uk/id/7000000000008122,http://data.ordnancesurvey.co.uk/ontology/admingeo/District,Nottinghamshire,http://data.ordnancesurvey.co.uk/id/7000000000008127,http://data.ordnancesurvey.co.uk/ontology/admingeo/County,East Midlands,http://data.ordnancesurvey.co.uk/id/7000000000041423,England,http://data.ordnancesurvey.co.uk/id/country/england,,,
DN211SF,http://data.ordnancesurvey.co.uk/id/postcodeunit/DN211SF,DN21 1SF,,,,other,Postcode,483039,389006,3500,18000,,,,,,,Gainsborough,http://data.ordnancesurvey.co.uk/id/4000000074575425,http://www.ordnancesurvey.co.uk/xml/codelists/localtype.xml#town,West Lindsey,http://data.ordnancesurvey.co.uk/id/7000000000043527,http://data.ordnancesurvey.co.uk/ontology/admingeo/District,Lincolnshire,http://data.ordnancesurvey.co.uk/id/7000000000005942,http://data.ordnancesurvey.co.uk/ontology/admingeo/County,East Midlands,http://data.ordnancesurvey.co.uk/id/7000000000041423,England,http://data.ordnancesurvey.co.uk/id/country/england,,,
LN12DN,http://data.ordnancesurvey.co.uk/id/postcodeunit/LN12DN,LN1 2DN,,,,other,Postcode,490155,381290,3500,18000,,,,,,,,,,West Lindsey,http://data.ordnancesurvey.co.uk/id/7000000000043527,http://data.ordnancesurvey.co.uk/ontology/admingeo/District,Lincolnshire,http://data.ordnancesurvey.co.uk/id/7000000000005942,http://data.ordnancesurvey.co.uk/ontology/admingeo/County,East Midlands,http://data.ordnancesurvey.co.uk/id/7000000000041423,England,http://data.ordnancesurvey.co.uk/id/country/england,,,
DN212RU,http://data.ordnancesurvey.co.uk/id/postcodeunit/DN212RU,DN21 2RU,,,,other,Postcode,481025,391034,3500,18000,,,,,,,Gainsborough,http://data.ordnancesurvey.co.uk/id/4000000074575425,http://www.ordnancesurvey.co.uk/xml/codelists/localtype.xml#town,West Lindsey,http://data.ordnancesurvey.co.uk/id/7000000000043527,http://data.ordnancesurvey.co.uk/ontology/admingeo/District,Lincolnshire,http://data.ordnancesurvey.co.uk/id/7000000000005942,http://data.ordnancesurvey.co.uk/ontology/admingeo/County,East Midlands,http://data.ordnancesurvey.co.uk/id/7000000000041423,England,http://data.ordnancesurvey.co.uk/id/country/england,,,
DN213QS,http://data.ordnancesurvey.co.uk/id/postcodeunit/DN213QS,DN21 3QS,,,,other,Postcode,489278,399371,3500,18000,,,,,,,Scotton,http://data.ordnancesurvey.co.uk/id/4000000074575140,http://www.ordnancesurvey.co.uk/xml/codelists/localtype.xml#village,West Lindsey,http://data.ordnancesurvey.co.uk/id/7000000000043527,http://data.ordnancesurvey.co.uk/ontology/admingeo/District,Lincolnshire,http://data.ordnancesurvey.co.uk/id/7000000000005942,http://data.ordnancesurvey.co.uk/ontology/admingeo/County,East Midlands,http://data.ordnancesurvey.co.uk/id/7000000000041423,England,http://data.ordnancesurvey.co.uk/id/country/england,,,
DN215AF,http://data.ordnancesurvey.co.uk/id/postcodeunit/DN215AF,DN21 5AF,,,,other,Postcode,484616,381481,3500,18000,,,,,,,,,,West Lindsey,http://data.ordnancesurvey.co.uk/id/7000000000043527,http://data.ordnancesurvey.co.uk/ontology/admingeo/District,Lincolnshire,http://data.ordnancesurvey.co.uk/id/7000000000005942,http://data.ordnancesurvey.co.uk/ontology/admingeo/County,East Midlands,http://data.ordnancesurvey.co.uk/id/7000000000041423,England,http://data.ordnancesurvey.co.uk/id/country/england,,,
DN211DA,http://data.ordnancesurvey.co.uk/id/postcodeunit/DN211DA,DN21 1DA,,,,other,Postcode,481890,389057,3500,18000,,,,,,,Gainsborough,http://data.ordnancesurvey.co.uk/id/4000000074575425,http://www.ordnancesurvey.co.uk/xml/codelists/localtype.xml#town,West Lindsey,http://data.ordnancesurvey.co.uk/id/7000000000043527,http://data.ordnancesurvey.co.uk/ontology/admingeo/District,Lincolnshire,http://data.ordnancesurvey.co.uk/id/7000000000005942,http://data.ordnancesurvey.co.uk/ontology/admingeo/County,East Midlands,http://data.ordnancesurvey.co.uk/id/7000000000041423,England,http://data.ordnancesurvey.co.uk/id/country/england,,,
LN12YW,http://data.ordnancesurvey.co.uk/id/postcodeunit/LN12YW,LN1 2YW,,,,other,Postcode,494781,383491,3500,18000,,,,,,,Ingham,http://data.ordnancesurvey.co.uk/id/4000000074574875,http://www.ordnancesurvey.co.uk/xml/codelists/localtype.xml#village,West Lindsey,http://data.ordnancesurvey.co.uk/id/7000000000043527,http://data.ordnancesurvey.co.uk/ontology/admingeo/District,Lincolnshire,http://data.ordnancesurvey.co.uk/id/7000000000005942,http://data.ordnancesurvey.co.uk/ontology/admingeo/County,East Midlands,http://data.ordnancesurvey.co.uk/id/7000000000041423,England,http://data.ordnancesurvey.co.uk/id/country/england,,,
DN214NJ,http://data.ordnancesurvey.co.uk/id/postcodeunit/DN214NJ,DN21 4NJ,,,,other,Postcode,493949,399076,3500,18000,,,,,,,Kirton in Lindsey,http://data.ordnancesurvey.co.uk/id/4000000074574884,http://www.ordnancesurvey.co.uk/xml/codelists/localtype.xml#town,,,,North Lincolnshire,http://data.ordnancesurvey.co.uk/id/7000000000025623,http://data.ordnancesurvey.co.uk/ontology/admingeo/UnitaryAuthority,Yorkshire and the Humber,http://data.ordnancesurvey.co.uk/id/7000000000041430,England,http://data.ordnancesurvey.co.uk/id/country/england,,,
DN215LL,http://data.ordnancesurvey.co.uk/id/postcodeunit/DN215LL,DN21 5LL,,,,other,Postcode,489529,385014,3500,18000,,,,,,,,,,West Lindsey,http://data.ordnancesurvey.co.uk/id/7000000000043527,http://data.ordnancesurvey.co.uk/ontology/admingeo/District,Lincolnshire,http://data.ordnancesurvey.co.uk/id/7000000000005942,http://data.ordnancesurvey.co.uk/ontology/admingeo/County,East Midlands,http://data.ordnancesurvey.co.uk/id/7000000000041423,England,http://data.ordnancesurvey.co.uk/id/country/england,,,
DN212NS,http://data.ordnancesurvey.co.uk/id/postcodeunit/DN212NS,DN21 2NS,,,,other,Postcode,481136,390239,3500,18000,,,,,,,Gainsborough,http://data.ordnancesurvey.co.uk/id/4000000074575425,http://www.ordnancesurvey.co.uk/xml/codelists/localtype.xml#town,West Lindsey,http://data.ordnancesurvey.co.uk/id/7000000000043527,http://data.ordnancesurvey.co.uk/ontology/admingeo/District,Lincolnshire,http://data.ordnancesurvey.co.uk/id/7000000000005942,http://data.ordnancesurvey.co.uk/ontology/admingeo/County,East Midlands,http://data.ordnancesurvey.co.uk/id/7000000000041423,England,http://data.ordnancesurvey.co.uk/id/country/england,,,
DN211ES,http://data.ordnancesurvey.co.uk/id/postcodeunit/DN211ES,DN21 1ES,,,,other,Postcode,481972,390590,3500,18000,,,,,,,Gainsborough,http://data.ordnancesurvey.co.uk/id/4000000074575425,http://www.ordnancesurvey.co.uk/xml/codelists/localtype.xml#town,West Lindsey,http://data.ordnancesurvey.co.uk/id/7000000000043527,http://data.ordnancesurvey.co.uk/ontology/admingeo/District,Lincolnshire,http://data.ordnancesurvey.co.uk/id/7000000000005942,http://data.ordnancesurvey.co.uk/ontology/admingeo/County,East Midlands,http://data.ordnancesurvey.co.uk/id/7000000000041423,England,http://data.ordnancesurvey.co.uk/id/country/england,,,
DN212FL,http://data.ordnancesurvey.co.uk/id/postcodeunit/DN212FL,DN21 2FL,,,,other,Postcode,481456,390195,3500,18000,,,,,,,Gainsborough,http://data.ordnancesurvey.co.uk/id/4000000074575425,http://www.ordnancesurvey.co.uk/xml/codelists/localtype.xml#town,West Lindsey,http://data.ordnancesurvey.co.uk/id/7000000000043527,http://data.ordnancesurvey.co.uk/ontology/admingeo/District,Lincolnshire,http://data.ordnancesurvey.co.uk/id/7000000000005942,http://data.ordnancesurvey.co.uk/ontology/admingeo/County,East Midlands,http://data.ordnancesurvey.co.uk/id/7000000000041423,England,http://data.ordnancesurvey.co.uk/id/country/england,,,
DN212LJ,http://data.ordnancesurvey.co.uk/id/postcodeunit/DN212LJ,DN21 2LJ,,,,other,Postcode,481399,390150,3500,18000,,,,,,,Gainsborough,http://data.ordnancesurvey.co.uk/id/4000000074575425,http://www.ordnancesurvey.co.uk/xml/codelists/localtype.xml#town,West Lindsey,http://data.ordnancesurvey.co.uk/id/7000000000043527,http://data.ordnancesurvey.co.uk/ontology/admingeo/District,Lincolnshire,http://data.ordnancesurvey.co.uk/id/7000000000005942,http://data.ordnancesurvey.co.uk/ontology/admingeo/County,East Midlands,http://data.ordnancesurvey.co.uk/id/7000000000041423,England,http://data.ordnancesurvey.co.uk/id/country/england,,,
DN211EN,http://data.ordnancesurvey.co.uk/id/postcodeunit/DN211EN,DN21 1EN,,,,other,Postcode,482204,390598,3500,18000,,,,,,,Gainsborough,http://data.ordnancesurvey.co.uk/id/4000000074575425,http://www.ordnancesurvey.co.uk/xml/codelists/localtype.xml#town,West Lindsey,http://data.ordnancesurvey.co.uk/id/7000000000043527,http://data.ordnancesurvey.co.uk/ontology/admingeo/District,Lincolnshire,http://data.ordnancesurvey.co.uk/id/7000000000005942,http://data.ordnancesurvey.co.uk/ontology/admingeo/County,East Midlands,http://data.ordnancesurvey.co.uk/id/7000000000041423,England,http://data.ordnancesurvey.co.uk/id/country/england,,,
DN211NF,http://data.ordnancesurvey.co.uk/id/postcodeunit/DN211NF,DN21 1NF,,,,other,Postcode,483245,388859,3500,18000,,,,,,,Gainsborough,http://data.ordnancesurvey.co.uk/id/4000000074575425,http://www.ordnancesurvey.co.uk/xml/codelists/localtype.xml#town,West Lindsey,http://data.ordnancesurvey.co.uk/id/7000000000043527,http://data.ordnancesurvey.co.uk/ontology/admingeo/District,Lincolnshire,http://data.ordnancesurvey.co.uk/id/7000000000005942,http://data.ordnancesurvey.co.uk/ontology/admingeo/County,East Midlands,http://data.ordnancesurvey.co.uk/id/7000000000041423,England,http://data.ordnancesurvey.co.uk/id/country/england,,,
LN12FF,http://data.ordnancesurvey.co.uk/id/postcodeunit/LN12FF,LN1 2FF,,,,other,Postcode,488877,381360,3500,18000,,,,,,,Sturton by Stow,http://data.ordnancesurvey.co.uk/id/4000000074574600,http://www.ordnancesurvey.co.uk/xml/codelists/localtype.xml#village,West Lindsey,http://data.ordnancesurvey.co.uk/id/7000000000043527,http://data.ordnancesurvey.co.uk/ontology/admingeo/District,Lincolnshire,http://data.ordnancesurvey.co.uk/id/7000000000005942,http://data.ordnancesurvey.co.uk/ontology/admingeo/County,East Midlands,http://data.ordnancesurvey.co.uk/id/7000000000041423,England,http://data.ordnancesurvey.co.uk/id/country/england,,,
DN215LW,http://data.ordnancesurvey.co.uk/id/postcodeunit/DN215LW,DN21 5LW,,,,other,Postcode,489873,384434,3500,18000,,,,,,,,,,West Lindsey,http://data.ordnancesurvey.co.uk/id/7000000000043527,http://data.ordnancesurvey.co.uk/ontology/admingeo/District,Lincolnshire,http://data.ordnancesurvey.co.uk/id/7000000000005942,http://data.ordnancesurvey.co.uk/ontology/admingeo/County,East Midlands,http://data.ordnancesurvey.co.uk/id/7000000000041423,England,http://data.ordnancesurvey.co.uk/id/country/england,,,
DN214DB,http://data.ordnancesurvey.co.uk/id/postcodeunit/DN214DB,DN21 4DB,,,,other,Postcode,493324,398709,3500,18000,,,,,,,Kirton in Lindsey,http://data.ordnancesurvey.co.uk/id/4000000074574884,http://www.ordnancesurvey.co.uk/xml/codelists/localtype.xml#town,,,,North Lincolnshire,http://data.ordnancesurvey.co.uk/id/7000000000025623,http://data.ordnancesurvey.co.uk/ontology/admingeo/UnitaryAuthority,Yorkshire and the Humber,http://data.ordnancesurvey.co.uk/id/7000000000041430,England,http://data.ordnancesurvey.co.uk/id/country/england,,,
DN215RF,http://data.ordnancesurvey.co.uk/id/postcodeunit/DN215RF,DN21 5RF,,,,other,Postcode,487224,392909,3500,18000,,,,,,,Aisby,http://data.ordnancesurvey.co.uk/id/4000000074575144,http://www.ordnancesurvey.co.uk/xml/codelists/localtype.xml#hamlet,West Lindsey,http://data.ordnancesurvey.co.uk/id/7000000000043527,http://data.ordnancesurvey.co.uk/ontology/admingeo/District,Lincolnshire,http://data.ordnancesurvey.co.uk/id/7000000000005942,http://data.ordnancesurvey.co.uk/ontology/admingeo/County,East Midlands,http://data.ordnancesurvey.co.uk/id/7000000000041423,England,http://data.ordnancesurvey.co.uk/id/country/england,,,
DN212NR,http://data.ordnancesurvey.co.uk/id/postcodeunit/DN212NR,DN21 2NR,,,,other,Postcode,480994,390165,3500,18000,,,,,,,Gainsborough,http://data.ordnancesurvey.co.uk/id/4000000074575425,http://www.ordnancesurvey.co.uk/xml/codelists/localtype.xml#town,West Lindsey,http://data.ordnancesurvey.co.uk/id/7000000000043527,http://data.ordnancesurvey.co.uk/ontology/admingeo/District,Lincolnshire,http://data.ordnancesurvey.co.uk/id/7000000000005942,http://data.ordnancesurvey.co.uk/ontology/admingeo/County,East Midlands,http://data.ordnancesurvey.co.uk/id/7000000000041423,England,http://data.ordnancesurvey.co.uk/id/country/england,,,
DN215TP,http://data.ordnancesurvey.co.uk/id/postcodeunit/DN215TP,DN21 5TP,,,,other,Postcode,489292,390132,3500,18000,,,,,,,,,,West Lindsey,http://data.ordnancesurvey.co.uk/id/7000000000043527,http://data.ordnancesurvey.co.uk/ontology/admingeo/District,Lincolnshire,http://data.ordnancesurvey.co.uk/id/7000000000005942,http://data.ordnancesurvey.co.uk/ontology/admingeo/County,East Midlands,http://data.ordnancesurvey.co.uk/id/7000000000041423,England,http://data.ordnancesurvey.co.uk/id/country/england,,,
DN215RH,http://data.ordnancesurvey.co.uk/id/postcodeunit/DN215RH,DN21 5RH,,,,other,Postcode,489644,391997,3500,18000,,,,,,,Yawthorpe,http://data.ordnancesurvey.co.uk/id/4000000074574605,http://www.ordnancesurvey.co.uk/xml/codelists/localtype.xml#hamlet,West Lindsey,http://data.ordnancesurvey.co.uk/id/7000000000043527,http://data.ordnancesurvey.co.uk/ontology/admingeo/District,Lincolnshire,http://data.ordnancesurvey.co.uk/id/7000000000005942,http://data.ordnancesurvey.co.uk/ontology/admingeo/County,East Midlands,http://data.ordnancesurvey.co.uk/id/7000000000041423,England,http://data.ordnancesurvey.co.uk/id/country/england,,,
DN214AW,http://data.ordnancesurvey.co.uk/id/postcodeunit/DN214AW,DN21 4AW,,,,other,Postcode,489731,395704,3500,18000,,,,,,,,,,West Lindsey,http://data.ordnancesurvey.co.uk/id/7000000000043527,http://data.ordnancesurvey.co.uk/ontology/admingeo/District,Lincolnshire,http://data.ordnancesurvey.co.uk/id/7000000000005942,http://data.ordnancesurvey.co.uk/ontology/admingeo/County,East Midlands,http://data.ordnancesurvey.co.uk/id/7000000000041423,England,http://data.ordnancesurvey.co.uk/id/country/england,,,
DN215TR,http://data.ordnancesurvey.co.uk/id/postcodeunit/DN215TR,DN21 5TR,,,,other,Postcode,493346,390929,3500,18000,,,,,,,Hemswell,http://data.ordnancesurvey.co.uk/id/4000000074574603,http://www.ordnancesurvey.co.uk/xml/codelists/localtype.xml#village,West Lindsey,http://data.ordnancesurvey.co.uk/id/7000000000043527,http://data.ordnancesurvey.co.uk/ontology/admingeo/District,Lincolnshire,http://data.ordnancesurvey.co.uk/id/7000000000005942,http://data.ordnancesurvey.co.uk/ontology/admingeo/County,East Midlands,http://data.ordnancesurvey.co.uk/id/7000000000041423,England,http://data.ordnancesurvey.co.uk/id/country/england,,,
LN12XF,http://data.ordnancesurvey.co.uk/id/postcodeunit/LN12XF,LN1 2XF,,,,other,Postcode,494844,383131,3500,18000,,,,,,,Ingham,http://data.ordnancesurvey.co.uk/id/4000000074574875,http://www.ordnancesurvey.co.uk/xml/codelists/localtype.xml#village,West Lindsey,http://data.ordnancesurvey.co.uk/id/7000000000043527,http://data.ordnancesurvey.co.uk/ontology/admingeo/District,Lincolnshire,http://data.ordnancesurvey.co.uk/id/7000000000005942,http://data.ordnancesurvey.co.uk/ontology/admingeo/County,East Midlands,http://data.ordnancesurvey.co.uk/id/7000000000041423,England,http://data.ordnancesurvey.co.uk/id/country/england,,,
DN211EG,http://data.ordnancesurvey.co.uk/id/postcodeunit/DN211EG,DN21 1EG,,,,other,Postcode,482177,390450,3500,18000,,,,,,,Gainsborough,http://data.ordnancesurvey.co.uk/id/4000000074575425,http://www.ordnancesurvey.co.uk/xml/codelists/localtype.xml#town,West Lindsey,http://data.ordnancesurvey.co.uk/id/7000000000043527,http://data.ordnancesurvey.co.uk/ontology/admingeo/District,Lincolnshire,http://data.ordnancesurvey.co.uk/id/7000000000005942,http://data.ordnancesurvey.co.uk/ontology/admingeo/County,East Midlands,http://data.ordnancesurvey.co.uk/id/7000000000041423,England,http://data.ordnancesurvey.co.uk/id/country/england,,,
LN12BS,http://data.ordnancesurvey.co.uk/id/postcodeunit/LN12BS,LN1 2BS,,,,other,Postcode,490093,380286,3500,18000,,,,,,,Sturton by Stow,http://data.ordnancesurvey.co.uk/id/4000000074574600,http://www.ordnancesurvey.co.uk/xml/codelists/localtype.xml#village,West Lindsey,http://data.ordnancesurvey.co.uk/id/7000000000043527,http://data.ordnancesurvey.co.uk/ontology/admingeo/District,Lincolnshire,http://data.ordnancesurvey.co.uk/id/7000000000005942,http://data.ordnancesurvey.co.uk/ontology/admingeo/County,East Midlands,http://data.ordnancesurvey.co.uk/id/7000000000041423,England,http://data.ordnancesurvey.co.uk/id/country/england,,,
DN213HQ,http://data.ordnancesurvey.co.uk/id/postcodeunit/DN213HQ,DN21 3HQ,,,,other,Postcode,485237,390602,3500,18000,,,,,,,,,,West Lindsey,http://data.ordnancesurvey.co.uk/id/7000000000043527,http://data.ordnancesurvey.co.uk/ontology/admingeo/District,Lincolnshire,http://data.ordnancesurvey.co.uk/id/7000000000005942,http://data.ordnancesurvey.co.uk/ontology/admingeo/County,East Midlands,http://data.ordnancesurvey.co.uk/id/7000000000041423,England,http://data.ordnancesurvey.co.uk/id/country/england,,,
DN212FN,http://data.ordnancesurvey.co.uk/id/postcodeunit/DN212FN,DN21 2FN,,,,other,Postcode,481058,390460,3500,18000,,,,,,,Gainsborough,http://data.ordnancesurvey.co.uk/id/4000000074575425,http://www.ordnancesurvey.co.uk/xml/codelists/localtype.xml#town,West Lindsey,http://data.ordnancesurvey.co.uk/id/7000000000043527,http://data.ordnancesurvey.co.uk/ontology/admingeo/District,Lincolnshire,http://data.ordnancesurvey.co.uk/id/7000000000005942,http://data.ordnancesurvey.co.uk/ontology/admingeo/County,East Midlands,http://data.ordnancesurvey.co.uk/id/7000000000041423,England,http://data.ordnancesurvey.co.uk/id/country/england,,,
DN215JP,http://data.ordnancesurvey.co.uk/id/postcodeunit/DN215JP,DN21 5JP,,,,other,Postcode,482739,387673,3500,18000,,,,,,,,,,West Lindsey,http://data.ordnancesurvey.co.uk/id/7000000000043527,http://data.ordnancesurvey.co.uk/ontology/admingeo/District,Lincolnshire,http://data.ordnancesurvey.co.uk/id/7000000000005942,http://data.ordnancesurvey.co.uk/ontology/admingeo/County,East Midlands,http://data.ordnancesurvey.co.uk/id/7000000000041423,England,http://data.ordnancesurvey.co.uk/id/country/england,,,
DN212JS,http://data.ordnancesurvey.co.uk/id/postcodeunit/DN212JS,DN21 2JS,,,,other,Postcode,481485,390139,3500,18000,,,,,,,Gainsborough,http://data.ordnancesurvey.co.uk/id/4000000074575425,http://www.ordnancesurvey.co.uk/xml/codelists/localtype.xml#town,West Lindsey,http://data.ordnancesurvey.co.uk/id/7000000000043527,http://data.ordnancesurvey.co.uk/ontology/admingeo/District,Lincolnshire,http://data.ordnancesurvey.co.uk/id/7000000000005942,http://data.ordnancesurvey.co.uk/ontology/admingeo/County,East Midlands,http://data.ordnancesurvey.co.uk/id/7000000000041423,England,http://data.ordnancesurvey.co.uk/id/country/england,,,
DN211WU,http://data.ordnancesurvey.co.uk/id/postcodeunit/DN211WU,DN21 1WU,,,,other,Postcode,482362,388987,3500,18000,,,,,,,Gainsborough,http://data.ordnancesurvey.co.uk/id/4000000074575425,http://www.ordnancesurvey.co.uk/xml/codelists/localtype.xml#town,West Lindsey,http://data.ordnancesurvey.co.uk/id/7000000000043527,http://data.ordnancesurvey.co.uk/ontology/admingeo/District,Lincolnshire,http://data.ordnancesurvey.co.uk/id/7000000000005942,http://data.ordnancesurvey.co.uk/ontology/admingeo/County,East Midlands,http://data.ordnancesurvey.co.uk/id/7000000000041423,England,http://data.ordnancesurvey.co.uk/id/country/england,,,
DN213DY,http://data.ordnancesurvey.co.uk/id/postcodeunit/DN213DY,DN21 3DY,,,,other,Postcode,481507,398590,3500,18000,,,,,,,,,,West Lindsey,http://data.ordnancesurvey.co.uk/id/7000000000043527,http://data.ordnancesurvey.co.uk/ontology/admingeo/District,Lincolnshire,http://data.ordnancesurvey.co.uk/id/7000000000005942,http://data.ordnancesurvey.co.uk/ontology/admingeo/County,East Midlands,http://data.ordnancesurvey.co.uk/id/7000000000041423,England,http://data.ordnancesurvey.co.uk/id/country/england,,,
LN23PJ,http://data.ordnancesurvey.co.uk/id/postcodeunit/LN23PJ,LN2 3PJ,,,,other,Postcode,499427,382554,3500,18000,,,,,,,Hackthorn,http://data.ordnancesurvey.co.uk/id/4000000074574879,http://www.ordnancesurvey.co.uk/xml/codelists/localtype.xml#village,West Lindsey,http://data.ordnancesurvey.co.uk/id/7000000000043527,http://data.ordnancesurvey.co.uk/ontology/admingeo/District,Lincolnshire,http://data.ordnancesurvey.co.uk/id/7000000000005942,http://data.ordnancesurvey.co.uk/ontology/admingeo/County,East Midlands,http://data.ordnancesurvey.co.uk/id/7000000000041423,England,http://data.ordnancesurvey.co.uk/id/country/england,,,
DN215SG,http://data.ordnancesurvey.co.uk/id/postcodeunit/DN215SG,DN21 5SG,,,,other,Postcode,493117,393096,3500,18000,,,,,,,Willoughton,http://data.ordnancesurvey.co.uk/id/4000000074574604,http://www.ordnancesurvey.co.uk/xml/codelists/localtype.xml#village,West Lindsey,http://data.ordnancesurvey.co.uk/id/7000000000043527,http://data.ordnancesurvey.co.uk/ontology/admingeo/District,Lincolnshire,http://data.ordnancesurvey.co.uk/id/7000000000005942,http://data.ordnancesurvey.co.uk/ontology/admingeo/County,East Midlands,http://data.ordnancesurvey.co.uk/id/7000000000041423,England,http://data.ordnancesurvey.co.uk/id/country/england,,,
LN12XH,http://data.ordnancesurvey.co.uk/id/postcodeunit/LN12XH,LN1 2XH,,,,other,Postcode,494821,383299,3500,18000,,,,,,,Ingham,http://data.ordnancesurvey.co.uk/id/4000000074574875,http://www.ordnancesurvey.co.uk/xml/codelists/localtype.xml#village,West Lindsey,http://data.ordnancesurvey.co.uk/id/7000000000043527,http://data.ordnancesurvey.co.uk/ontology/admingeo/District,Lincolnshire,http://data.ordnancesurvey.co.uk/id/7000000000005942,http://data.ordnancesurvey.co.uk/ontology/admingeo/County,East Midlands,http://data.ordnancesurvey.co.uk/id/7000000000041423,England,http://data.ordnancesurvey.co.uk/id/country/england,,,
DN215DZ,http://data.ordnancesurvey.co.uk/id/postcodeunit/DN215DZ,DN21 5DZ,,,,other,Postcode,494502,387893,3500,18000,,,,,,,Glentworth,http://data.ordnancesurvey.co.uk/id/4000000074574337,http://www.ordnancesurvey.co.uk/xml/codelists/localtype.xml#village,West Lindsey,http://data.ordnancesurvey.co.uk/id/7000000000043527,http://data.ordnancesurvey.co.uk/ontology/admingeo/District,Lincolnshire,http://data.ordnancesurvey.co.uk/id/7000000000005942,http://data.ordnancesurvey.co.uk/ontology/admingeo/County,East Midlands,http://data.ordnancesurvey.co.uk/id/7000000000041423,England,http://data.ordnancesurvey.co.uk/id/country/england,,,
DN211DR,http://data.ordnancesurvey.co.uk/id/postcodeunit/DN211DR,DN21 1DR,,,,other,Postcode,481903,388796,3500,18000,,,,,,,Gainsborough,http://data.ordnancesurvey.co.uk/id/4000000074575425,http://www.ordnancesurvey.co.uk/xml/codelists/localtype.xml#town,West Lindsey,http://data.ordnancesurvey.co.uk/id/7000000000043527,http://data.ordnancesurvey.co.uk/ontology/admingeo/District,Lincolnshire,http://data.ordnancesurvey.co.uk/id/7000000000005942,http://data.ordnancesurvey.co.uk/ontology/admingeo/County,East Midlands,http://data.ordnancesurvey.co.uk/id/7000000000041423,England,http://data.ordnancesurvey.co.uk/id/country/england,,,
DN214TG,http://data.ordnancesurvey.co.uk/id/postcodeunit/DN214TG,DN21 4TG,,,,other,Postcode,497857,398226,3500,18000,,,,,,,,,,,,,North Lincolnshire,http://data.ordnancesurvey.co.uk/id/7000000000025623,http://data.ordnancesurvey.co.uk/ontology/admingeo/UnitaryAuthority,Yorkshire and the Humber,http://data.ordnancesurvey.co.uk/id/7000000000041430,England,http://data.ordnancesurvey.co.uk/id/country/england,,,
DN212NT,http://data.ordnancesurvey.co.uk/id/postcodeunit/DN212NT,DN21 2NT,,,,other,Postcode,481052,390530,3500,18000,,,,,,,Gainsborough,http://data.ordnancesurvey.co.uk/id/4000000074575425,http://www.ordnancesurvey.co.uk/xml/codelists/localtype.xml#town,West Lindsey,http://data.ordnancesurvey.co.uk/id/7000000000043527,http://data.ordnancesurvey.co.uk/ontology/admingeo/District,Lincolnshire,http://data.ordnancesurvey.co.uk/id/7000000000005942,http://data.ordnancesurvey.co.uk/ontology/admingeo/County,East Midlands,http://data.ordnancesurvey.co.uk/id/7000000000041423,England,http://data.ordnancesurvey.co.uk/id/country/england,,,
DN214DU,http://data.ordnancesurvey.co.uk/id/postcodeunit/DN214DU,DN21 4DU,,,,other,Postcode,493708,398353,3500,18000,,,,,,,Kirton in Lindsey,http://data.ordnancesurvey.co.uk/id/4000000074574884,http://www.ordnancesurvey.co.uk/xml/codelists/localtype.xml#town,,,,North Lincolnshire,http://data.ordnancesurvey.co.uk/id/7000000000025623,http://data.ordnancesurvey.co.uk/ontology/admingeo/UnitaryAuthority,Yorkshire and the Humber,http://data.ordnancesurvey.co.uk/id/7000000000041430,England,http://data.ordnancesurvey.co.uk/id/country/england,,,
DN215JE,http://data.ordnancesurvey.co.uk/id/postcodeunit/DN215JE,DN21 5JE,,,,other,Postcode,482924,386499,3500,18000,,,,,,,Lea,http://data.ordnancesurvey.co.uk/id/4000000074578253,http://www.ordnancesurvey.co.uk/xml/codelists/localtype.xml#village,West Lindsey,http://data.ordnancesurvey.co.uk/id/7000000000043527,http://data.ordnancesurvey.co.uk/ontology/admingeo/District,Lincolnshire,http://data.ordnancesurvey.co.uk/id/7000000000005942,http://data.ordnancesurvey.co.uk/ontology/admingeo/County,East Midlands,http://data.ordnancesurvey.co.uk/id/7000000000041423,England,http://data.ordnancesurvey.co.uk/id/country/england,,,
DN215UU,http://data.ordnancesurvey.co.uk/id/postcodeunit/DN215UU,DN21 5UU,,,,other,Postcode,493219,389974,3500,18000,,,,,,,,,,West Lindsey,http://data.ordnancesurvey.co.uk/id/7000000000043527,http://data.ordnancesurvey.co.uk/ontology/admingeo/District,Lincolnshire,http://data.ordnancesurvey.co.uk/id/7000000000005942,http://data.ordnancesurvey.co.uk/ontology/admingeo/County,East Midlands,http://data.ordnancesurvey.co.uk/id/7000000000041423,England,http://data.ordnancesurvey.co.uk/id/country/england,,,
DN215AE,http://data.ordnancesurvey.co.uk/id/postcodeunit/DN215AE,DN21 5AE,,,,other,Postcode,484245,382036,3500,18000,,,,,,,Marton,http://data.ordnancesurvey.co.uk/id/4000000074577537,http://www.ordnancesurvey.co.uk/xml/codelists/localtype.xml#village,West Lindsey,http://data.ordnancesurvey.co.uk/id/7000000000043527,http://data.ordnancesurvey.co.uk/ontology/admingeo/District,Lincolnshire,http://data.ordnancesurvey.co.uk/id/7000000000005942,http://data.ordnancesurvey.co.uk/ontology/admingeo/County,East Midlands,http://data.ordnancesurvey.co.uk/id/7000000000041423,England,http://data.ordnancesurvey.co.uk/id/country/england,,,
DN211PX,http://data.ordnancesurvey.co.uk/id/postcodeunit/DN211PX,DN21 1PX,,,,other,Postcode,483096,388698,3500,18000,,,,,,,Gainsborough,http://data.ordnancesurvey.co.uk/id/4000000074575425,http://www.ordnancesurvey.co.uk/xml/codelists/localtype.xml#town,West Lindsey,http://data.ordnancesurvey.co.uk/id/7000000000043527,http://data.ordnancesurvey.co.uk/ontology/admingeo/District,Lincolnshire,http://data.ordnancesurvey.co.uk/id/7000000000005942,http://data.ordnancesurvey.co.uk/ontology/admingeo/County,East Midlands,http://data.ordnancesurvey.co.uk/id/7000000000041423,England,http://data.ordnancesurvey.co.uk/id/country/england,,,
DN213LX,http://data.ordnancesurvey.co.uk/id/postcodeunit/DN213LX,DN21 3LX,,,,other,Postcode,488685,398879,3500,18000,,,,,,,Scotton,http://data.ordnancesurvey.co.uk/id/4000000074575140,http://www.ordnancesurvey.co.uk/xml/codelists/localtype.xml#village,West Lindsey,http://data.ordnancesurvey.co.uk/id/7000000000043527,http://data.ordnancesurvey.co.uk/ontology/admingeo/District,Lincolnshire,http://data.ordnancesurvey.co.uk/id/7000000000005942,http://data.ordnancesurvey.co.uk/ontology/admingeo/County,East Midlands,http://data.ordnancesurvey.co.uk/id/7000000000041423,England,http://data.ordnancesurvey.co.uk/id/country/england,,,
DN211HB,http://data.ordnancesurvey.co.uk/id/postcodeunit/DN211HB,DN21 1HB,,,,other,Postcode,481809,390404,3500,18000,,,,,,,Gainsborough,http://data.ordnancesurvey.co.uk/id/4000000074575425,http://www.ordnancesurvey.co.uk/xml/codelists/localtype.xml#town,West Lindsey,http://data.ordnancesurvey.co.uk/id/7000000000043527,http://data.ordnancesurvey.co.uk/ontology/admingeo/District,Lincolnshire,http://data.ordnancesurvey.co.uk/id/7000000000005942,http://data.ordnancesurvey.co.uk/ontology/admingeo/County,East Midlands,http://data.ordnancesurvey.co.uk/id/7000000000041423,England,http://data.ordnancesurvey.co.uk/id/country/england,,,
DN213NU,http://data.ordnancesurvey.co.uk/id/postcodeunit/DN213NU,DN21 3NU,,,,other,Postcode,486251,393827,3500,18000,,,,,,,Pilham,http://data.ordnancesurvey.co.uk/id/4000000074575428,http://www.ordnancesurvey.co.uk/xml/codelists/localtype.xml#hamlet,West Lindsey,http://data.ordnancesurvey.co.uk/id/7000000000043527,http://data.ordnancesurvey.co.uk/ontology/admingeo/District,Lincolnshire,http://data.ordnancesurvey.co.uk/id/7000000000005942,http://data.ordnancesurvey.co.uk/ontology/admingeo/County,East Midlands,http://data.ordnancesurvey.co.uk/id/7000000000041423,England,http://data.ordnancesurvey.co.uk/id/country/england,,,
DN215FA,http://data.ordnancesurvey.co.uk/id/postcodeunit/DN215FA,DN21 5FA,,,,other,Postcode,483108,386452,3500,18000,,,,,,,Lea,http://data.ordnancesurvey.co.uk/id/4000000074578253,http://www.ordnancesurvey.co.uk/xml/codelists/localtype.xml#village,West Lindsey,http://data.ordnancesurvey.co.uk/id/7000000000043527,http://data.ordnancesurvey.co.uk/ontology/admingeo/District,Lincolnshire,http://data.ordnancesurvey.co.uk/id/7000000000005942,http://data.ordnancesurvey.co.uk/ontology/admingeo/County,East Midlands,http://data.ordnancesurvey.co.uk/id/7000000000041423,England,http://data.ordnancesurvey.co.uk/id/country/england,,,
DN211UU,http://data.ordnancesurvey.co.uk/id/postcodeunit/DN211UU,DN21 1UU,,,,other,Postcode,482413,389489,3500,18000,,,,,,,Gainsborough,http://data.ordnancesurvey.co.uk/id/4000000074575425,http://www.ordnancesurvey.co.uk/xml/codelists/localtype.xml#town,West Lindsey,http://data.ordnancesurvey.co.uk/id/7000000000043527,http://data.ordnancesurvey.co.uk/ontology/admingeo/District,Lincolnshire,http://data.ordnancesurvey.co.uk/id/7000000000005942,http://data.ordnancesurvey.co.uk/ontology/admingeo/County,East Midlands,http://data.ordnancesurvey.co.uk/id/7000000000041423,England,http://data.ordnancesurvey.co.uk/id/country/england,,,
DN213UZ,http://data.ordnancesurvey.co.uk/id/postcodeunit/DN213UZ,DN21 3UZ,,,,other,Postcode,480803,392121,3500,18000,,,,,,,Gainsborough,http://data.ordnancesurvey.co.uk/id/4000000074575425,http://www.ordnancesurvey.co.uk/xml/codelists/localtype.xml#town,West Lindsey,http://data.ordnancesurvey.co.uk/id/7000000000043527,http://data.ordnancesurvey.co.uk/ontology/admingeo/District,Lincolnshire,http://data.ordnancesurvey.co.uk/id/7000000000005942,http://data.ordnancesurvey.co.uk/ontology/admingeo/County,East Midlands,http://data.ordnancesurvey.co.uk/id/7000000000041423,England,http://data.ordnancesurvey.co.uk/id/country/england,,,
DN211UP,http://data.ordnancesurvey.co.uk/id/postcodeunit/DN211UP,DN21 1UP,,,,other,Postcode,482568,389393,3500,18000,,,,,,,Gainsborough,http://data.ordnancesurvey.co.uk/id/4000000074575425,http://www.ordnancesurvey.co.uk/xml/codelists/localtype.xml#town,West Lindsey,http://data.ordnancesurvey.co.uk/id/7000000000043527,http://data.ordnancesurvey.co.uk/ontology/admingeo/District,Lincolnshire,http://data.ordnancesurvey.co.uk/id/7000000000005942,http://data.ordnancesurvey.co.uk/ontology/admingeo/County,East Midlands,http://data.ordnancesurvey.co.uk/id/7000000000041423,England,http://data.ordnancesurvey.co.uk/id/country/england,,,
DN211LD,http://data.ordnancesurvey.co.uk/id/postcodeunit/DN211LD,DN21 1LD,,,,other,Postcode,481666,388867,3500,18000,,,,,,,Gainsborough,http://data.ordnancesurvey.co.uk/id/4000000074575425,http://www.ordnancesurvey.co.uk/xml/codelists/localtype.xml#town,West Lindsey,http://data.ordnancesurvey.co.uk/id/7000000000043527,http://data.ordnancesurvey.co.uk/ontology/admingeo/District,Lincolnshire,http://data.ordnancesurvey.co.uk/id/7000000000005942,http://data.ordnancesurvey.co.uk/ontology/admingeo/County,East Midlands,http://data.ordnancesurvey.co.uk/id/7000000000041423,England,http://data.ordnancesurvey.co.uk/id/country/england,,,
DN215FS,http://data.ordnancesurvey.co.uk/id/postcodeunit/DN215FS,DN21 5FS,,,,other,Postcode,494687,385905,3500,18000,,,,,,,Fillingham,http://data.ordnancesurvey.co.uk/id/4000000074574877,http://www.ordnancesurvey.co.uk/xml/codelists/localtype.xml#village,West Lindsey,http://data.ordnancesurvey.co.uk/id/7000000000043527,http://data.ordnancesurvey.co.uk/ontology/admingeo/District,Lincolnshire,http://data.ordnancesurvey.co.uk/id/7000000000005942,http://data.ordnancesurvey.co.uk/ontology/admingeo/County,East Midlands,http://data.ordnancesurvey.co.uk/id/7000000000041423,England,http://data.ordnancesurvey.co.uk/id/country/england,,,
DN215LJ,http://data.ordnancesurvey.co.uk/id/postcodeunit/DN215LJ,DN21 5LJ,,,,other,Postcode,488660,384696,3500,18000,,,,,,,,,,West Lindsey,http://data.ordnancesurvey.co.uk/id/7000000000043527,http://data.ordnancesurvey.co.uk/ontology/admingeo/District,Lincolnshire,http://data.ordnancesurvey.co.uk/id/7000000000005942,http://data.ordnancesurvey.co.uk/ontology/admingeo/County,East Midlands,http://data.ordnancesurvey.co.uk/id/7000000000041423,England,http://data.ordnancesurvey.co.uk/id/country/england,,,
DN211FD,http://data.ordnancesurvey.co.uk/id/postcodeunit/DN211FD,DN21 1FD,,,,other,Postcode,482416,390650,3500,18000,,,,,,,Gainsborough,http://data.ordnancesurvey.co.uk/id/4000000074575425,http://www.ordnancesurvey.co.uk/xml/codelists/localtype.xml#town,West Lindsey,http://data.ordnancesurvey.co.uk/id/7000000000043527,http://data.ordnancesurvey.co.uk/ontology/admingeo/District,Lincolnshire,http://data.ordnancesurvey.co.uk/id/7000000000005942,http://data.ordnancesurvey.co.uk/ontology/admingeo/County,East Midlands,http://data.ordnancesurvey.co.uk/id/7000000000041423,England,http://data.ordnancesurvey.co.uk/id/country/england,,,
DN212LB,http://data.ordnancesurvey.co.uk/id/postcodeunit/DN212LB,DN21 2LB,,,,other,Postcode,481253,390420,3500,18000,,,,,,,Gainsborough,http://data.ordnancesurvey.co.uk/id/4000000074575425,http://www.ordnancesurvey.co.uk/xml/codelists/localtype.xml#town,West Lindsey,http://data.ordnancesurvey.co.uk/id/7000000000043527,http://data.ordnancesurvey.co.uk/ontology/admingeo/District,Lincolnshire,http://data.ordnancesurvey.co.uk/id/7000000000005942,http://data.ordnancesurvey.co.uk/ontology/admingeo/County,East Midlands,http://data.ordnancesurvey.co.uk/id/7000000000041423,England,http://data.ordnancesurvey.co.uk/id/country/england,,,
DN214HG,http://data.ordnancesurvey.co.uk/id/postcodeunit/DN214HG,DN21 4HG,,,,other,Postcode,493735,394266,3500,18000,,,,,,,Blyborough,http://data.ordnancesurvey.co.uk/id/4000000074574882,http://www.ordnancesurvey.co.uk/xml/codelists/localtype.xml#hamlet,West Lindsey,http://data.ordnancesurvey.co.uk/id/7000000000043527,http://data.ordnancesurvey.co.uk/ontology/admingeo/District,Lincolnshire,http://data.ordnancesurvey.co.uk/id/7000000000005942,http://data.ordnancesurvey.co.uk/ontology/admingeo/County,East Midlands,http://data.ordnancesurvey.co.uk/id/7000000000041423,England,http://data.ordnancesurvey.co.uk/id/country/england,,,
DN211AX,http://data.ordnancesurvey.co.uk/id/postcodeunit/DN211AX,DN21 1AX,,,,other,Postcode,482429,387742,3500,18000,,,,,,,Gainsborough,http://data.ordnancesurvey.co.uk/id/4000000074575425,http://www.ordnancesurvey.co.uk/xml/codelists/localtype.xml#town,West Lindsey,http://data.ordnancesurvey.co.uk/id/7000000000043527,http://data.ordnancesurvey.co.uk/ontology/admingeo/District,Lincolnshire,http://data.ordnancesurvey.co.uk/id/7000000000005942,http://data.ordnancesurvey.co.uk/ontology/admingeo/County,East Midlands,http://data.ordnancesurvey.co.uk/id/7000000000041423,England,http://data.ordnancesurvey.co.uk/id/country/england,,,
LN12AF,http://data.ordnancesurvey.co.uk/id/postcodeunit/LN12AF,LN1 2AF,,,,other,Postcode,488871,380482,3500,18000,,,,,,,Sturton by Stow,http://data.ordnancesurvey.co.uk/id/4000000074574600,http://www.ordnancesurvey.co.uk/xml/codelists/localtype.xml#village,West Lindsey,http://data.ordnancesurvey.co.uk/id/7000000000043527,http://data.ordnancesurvey.co.uk/ontology/admingeo/District,Lincolnshire,http://data.ordnancesurvey.co.uk/id/7000000000005942,http://data.ordnancesurvey.co.uk/ontology/admingeo/County,East Midlands,http://data.ordnancesurvey.co.uk/id/7000000000041423,England,http://data.ordnancesurvey.co.uk/id/country/england,,,
DN214RZ,http://data.ordnancesurvey.co.uk/id/postcodeunit/DN214RZ,DN21 4RZ,,,,other,Postcode,499585,397467,3500,18000,,,,,,,,,,West Lindsey,http://data.ordnancesurvey.co.uk/id/7000000000043527,http://data.ordnancesurvey.co.uk/ontology/admingeo/District,Lincolnshire,http://data.ordnancesurvey.co.uk/id/7000000000005942,http://data.ordnancesurvey.co.uk/ontology/admingeo/County,East Midlands,http://data.ordnancesurvey.co.uk/id/7000000000041423,England,http://data.ordnancesurvey.co.uk/id/country/england,,,
DN213QT,http://data.ordnancesurvey.co.uk/id/postcodeunit/DN213QT,DN21 3QT,,,,other,Postcode,489026,399260,3500,18000,,,,,,,Scotton,http://data.ordnancesurvey.co.uk/id/4000000074575140,http://www.ordnancesurvey.co.uk/xml/codelists/localtype.xml#village,West Lindsey,http://data.ordnancesurvey.co.uk/id/7000000000043527,http://data.ordnancesurvey.co.uk/ontology/admingeo/District,Lincolnshire,http://data.ordnancesurvey.co.uk/id/7000000000005942,http://data.ordnancesurvey.co.uk/ontology/admingeo/County,East Midlands,http://data.ordnancesurvey.co.uk/id/7000000000041423,England,http://data.ordnancesurvey.co.uk/id/country/england,,,
DN212NG,http://data.ordnancesurvey.co.uk/id/postcodeunit/DN212NG,DN21 2NG,,,,other,Postcode,481354,389949,3500,18000,,,,,,,Gainsborough,http://data.ordnancesurvey.co.uk/id/4000000074575425,http://www.ordnancesurvey.co.uk/xml/codelists/localtype.xml#town,West Lindsey,http://data.ordnancesurvey.co.uk/id/7000000000043527,http://data.ordnancesurvey.co.uk/ontology/admingeo/District,Lincolnshire,http://data.ordnancesurvey.co.uk/id/7000000000005942,http://data.ordnancesurvey.co.uk/ontology/admingeo/County,East Midlands,http://data.ordnancesurvey.co.uk/id/7000000000041423,England,http://data.ordnancesurvey.co.uk/id/country/england,,,
DN219EZ,http://data.ordnancesurvey.co.uk/id/postcodeunit/DN219EZ,DN21 9EZ,,,,other,Postcode,481607,390035,3500,18000,,,,,,,Gainsborough,http://data.ordnancesurvey.co.uk/id/4000000074575425,http://www.ordnancesurvey.co.uk/xml/codelists/localtype.xml#town,West Lindsey,http://data.ordnancesurvey.co.uk/id/7000000000043527,http://data.ordnancesurvey.co.uk/ontology/admingeo/District,Lincolnshire,http://data.ordnancesurvey.co.uk/id/7000000000005942,http://data.ordnancesurvey.co.uk/ontology/admingeo/County,East Midlands,http://data.ordnancesurvey.co.uk/id/7000000000041423,England,http://data.ordnancesurvey.co.uk/id/country/england,,,
DN215NL,http://data.ordnancesurvey.co.uk/id/postcodeunit/DN215NL,DN21 5NL,,,,other,Postcode,486936,386874,3500,18000,,,,,,,Upton,http://data.ordnancesurvey.co.uk/id/4000000074578003,http://www.ordnancesurvey.co.uk/xml/codelists/localtype.xml#village,West Lindsey,http://data.ordnancesurvey.co.uk/id/7000000000043527,http://data.ordnancesurvey.co.uk/ontology/admingeo/District,Lincolnshire,http://data.ordnancesurvey.co.uk/id/7000000000005942,http://data.ordnancesurvey.co.uk/ontology/admingeo/County,East Midlands,http://data.ordnancesurvey.co.uk/id/7000000000041423,England,http://data.ordnancesurvey.co.uk/id/country/england,,,
DN212BZ,http://data.ordnancesurvey.co.uk/id/postcodeunit/DN212BZ,DN21 2BZ,,,,other,Postcode,481453,389890,3500,18000,,,,,,,Gainsborough,http://data.ordnancesurvey.co.uk/id/4000000074575425,http://www.ordnancesurvey.co.uk/xml/codelists/localtype.xml#town,West Lindsey,http://data.ordnancesurvey.co.uk/id/7000000000043527,http://data.ordnancesurvey.co.uk/ontology/admingeo/District,Lincolnshire,http://data.ordnancesurvey.co.uk/id/7000000000005942,http://data.ordnancesurvey.co.uk/ontology/admingeo/County,East Midlands,http://data.ordnancesurvey.co.uk/id/7000000000041423,England,http://data.ordnancesurvey.co.uk/id/country/england,,,
DN212AA,http://data.ordnancesurvey.co.uk/id/postcodeunit/DN212AA,DN21 2AA,,,,other,Postcode,481767,389553,3500,18000,,,,,,,Gainsborough,http://data.ordnancesurvey.co.uk/id/4000000074575425,http://www.ordnancesurvey.co.uk/xml/codelists/localtype.xml#town,West Lindsey,http://data.ordnancesurvey.co.uk/id/7000000000043527,http://data.ordnancesurvey.co.uk/ontology/admingeo/District,Lincolnshire,http://data.ordnancesurvey.co.uk/id/7000000000005942,http://data.ordnancesurvey.co.uk/ontology/admingeo/County,East Midlands,http://data.ordnancesurvey.co.uk/id/7000000000041423,England,http://data.ordnancesurvey.co.uk/id/country/england,,,
DN211YP,http://data.ordnancesurvey.co.uk/id/postcodeunit/DN211YP,DN21 1YP,,,,other,Postcode,482712,388801,3500,18000,,,,,,,Gainsborough,http://data.ordnancesurvey.co.uk/id/4000000074575425,http://www.ordnancesurvey.co.uk/xml/codelists/localtype.xml#town,West Lindsey,http://data.ordnancesurvey.co.uk/id/7000000000043527,http://data.ordnancesurvey.co.uk/ontology/admingeo/District,Lincolnshire,http://data.ordnancesurvey.co.uk/id/7000000000005942,http://data.ordnancesurvey.co.uk/ontology/admingeo/County,East Midlands,http://data.ordnancesurvey.co.uk/id/7000000000041423,England,http://data.ordnancesurvey.co.uk/id/country/england,,,
DN212UA,http://data.ordnancesurvey.co.uk/id/postcodeunit/DN212UA,DN21 2UA,,,,other,Postcode,480870,391042,3500,18000,,,,,,,Gainsborough,http://data.ordnancesurvey.co.uk/id/4000000074575425,http://www.ordnancesurvey.co.uk/xml/codelists/localtype.xml#town,West Lindsey,http://data.ordnancesurvey.co.uk/id/7000000000043527,http://data.ordnancesurvey.co.uk/ontology/admingeo/District,Lincolnshire,http://data.ordnancesurvey.co.uk/id/7000000000005942,http://data.ordnancesurvey.co.uk/ontology/admingeo/County,East Midlands,http://data.ordnancesurvey.co.uk/id/7000000000041423,England,http://data.ordnancesurvey.co.uk/id/country/england,,,
DN213HR,http://data.ordnancesurvey.co.uk/id/postcodeunit/DN213HR,DN21 3HR,,,,other,Postcode,483079,392798,3500,18000,,,,,,,,,,West Lindsey,http://data.ordnancesurvey.co.uk/id/7000000000043527,http://data.ordnancesurvey.co.uk/ontology/admingeo/District,Lincolnshire,http://data.ordnancesurvey.co.uk/id/7000000000005942,http://data.ordnancesurvey.co.uk/ontology/admingeo/County,East Midlands,http://data.ordnancesurvey.co.uk/id/7000000000041423,England,http://data.ordnancesurvey.co.uk/id/country/england,,,
LN82AW,http://data.ordnancesurvey.co.uk/id/postcodeunit/LN82AW,LN8 2AW,,,,other,Postcode,497334,389675,3500,18000,,,,,,,,,,West Lindsey,http://data.ordnancesurvey.co.uk/id/7000000000043527,http://data.ordnancesurvey.co.uk/ontology/admingeo/District,Lincolnshire,http://data.ordnancesurvey.co.uk/id/7000000000005942,http://data.ordnancesurvey.co.uk/ontology/admingeo/County,East Midlands,http://data.ordnancesurvey.co.uk/id/7000000000041423,England,http://data.ordnancesurvey.co.uk/id/country/england,,,
DN211UA,http://data.ordnancesurvey.co.uk/id/postcodeunit/DN211UA,DN21 1UA,,,,other,Postcode,482447,389512,3500,18000,,,,,,,Gainsborough,http://data.ordnancesurvey.co.uk/id/4000000074575425,http://www.ordnancesurvey.co.uk/xml/codelists/localtype.xml#town,West Lindsey,http://data.ordnancesurvey.co.uk/id/7000000000043527,http://data.ordnancesurvey.co.uk/ontology/admingeo/District,Lincolnshire,http://data.ordnancesurvey.co.uk/id/7000000000005942,http://data.ordnancesurvey.co.uk/ontology/admingeo/County,East Midlands,http://data.ordnancesurvey.co.uk/id/7000000000041423,England,http://data.ordnancesurvey.co.uk/id/country/england,,,
DN211DU,http://data.ordnancesurvey.co.uk/id/postcodeunit/DN211DU,DN21 1DU,,,,other,Postcode,481822,388995,3500,18000,,,,,,,Gainsborough,http://data.ordnancesurvey.co.uk/id/4000000074575425,http://www.ordnancesurvey.co.uk/xml/codelists/localtype.xml#town,West Lindsey,http://data.ordnancesurvey.co.uk/id/7000000000043527,http://data.ordnancesurvey.co.uk/ontology/admingeo/District,Lincolnshire,http://data.ordnancesurvey.co.uk/id/7000000000005942,http://data.ordnancesurvey.co.uk/ontology/admingeo/County,East Midlands,http://data.ordnancesurvey.co.uk/id/7000000000041423,England,http://data.ordnancesurvey.co.uk/id/country/england,,,
DN211BD,http://data.ordnancesurvey.co.uk/id/postcodeunit/DN211BD,DN21 1BD,,,,other,Postcode,481910,388650,3500,18000,,,,,,,Gainsborough,http://data.ordnancesurvey.co.uk/id/4000000074575425,http://www.ordnancesurvey.co.uk/xml/codelists/localtype.xml#town,West Lindsey,http://data.ordnancesurvey.co.uk/id/7000000000043527,http://data.ordnancesurvey.co.uk/ontology/admingeo/District,Lincolnshire,http://data.ordnancesurvey.co.uk/id/7000000000005942,http://data.ordnancesurvey.co.uk/ontology/admingeo/County,East Midlands,http://data.ordnancesurvey.co.uk/id/7000000000041423,England,http://data.ordnancesurvey.co.uk/id/country/england,,,
DN211PS,http://data.ordnancesurvey.co.uk/id/postcodeunit/DN211PS,DN21 1PS,,,,other,Postcode,482170,388607,3500,18000,,,,,,,Gainsborough,http://data.ordnancesurvey.co.uk/id/4000000074575425,http://www.ordnancesurvey.co.uk/xml/codelists/localtype.xml#town,West Lindsey,http://data.ordnancesurvey.co.uk/id/7000000000043527,http://data.ordnancesurvey.co.uk/ontology/admingeo/District,Lincolnshire,http://data.ordnancesurvey.co.uk/id/7000000000005942,http://data.ordnancesurvey.co.uk/ontology/admingeo/County,East Midlands,http://data.ordnancesurvey.co.uk/id/7000000000041423,England,http://data.ordnancesurvey.co.uk/id/country/england,,,
DN215AY,http://data.ordnancesurvey.co.uk/id/postcodeunit/DN215AY,DN21 5AY,,,,other,Postcode,483569,383338,3500,18000,,,,,,,,,,West Lindsey,http://data.ordnancesurvey.co.uk/id/7000000000043527,http://data.ordnancesurvey.co.uk/ontology/admingeo/District,Lincolnshire,http://data.ordnancesurvey.co.uk/id/7000000000005942,http://data.ordnancesurvey.co.uk/ontology/admingeo/County,East Midlands,http://data.ordnancesurvey.co.uk/id/7000000000041423,England,http://data.ordnancesurvey.co.uk/id/country/england,,,
DN211EQ,http://data.ordnancesurvey.co.uk/id/postcodeunit/DN211EQ,DN21 1EQ,,,,other,Postcode,482340,390463,3500,18000,,,,,,,Gainsborough,http://data.ordnancesurvey.co.uk/id/4000000074575425,http://www.ordnancesurvey.co.uk/xml/codelists/localtype.xml#town,West Lindsey,http://data.ordnancesurvey.co.uk/id/7000000000043527,http://data.ordnancesurvey.co.uk/ontology/admingeo/District,Lincolnshire,http://data.ordnancesurvey.co.uk/id/7000000000005942,http://data.ordnancesurvey.co.uk/ontology/admingeo/County,East Midlands,http://data.ordnancesurvey.co.uk/id/7000000000041423,England,http://data.ordnancesurvey.co.uk/id/country/england,,,
DN215XN,http://data.ordnancesurvey.co.uk/id/postcodeunit/DN215XN,DN21 5XN,,,,other,Postcode,495196,389768,3500,18000,,,,,,,Hemswell Cliff,http://data.ordnancesurvey.co.uk/id/4000000074574338,http://www.ordnancesurvey.co.uk/xml/codelists/localtype.xml#village,West Lindsey,http://data.ordnancesurvey.co.uk/id/7000000000043527,http://data.ordnancesurvey.co.uk/ontology/admingeo/District,Lincolnshire,http://data.ordnancesurvey.co.uk/id/7000000000005942,http://data.ordnancesurvey.co.uk/ontology/admingeo/County,East Midlands,http://data.ordnancesurvey.co.uk/id/7000000000041423,England,http://data.ordnancesurvey.co.uk/id/country/england,,,
DN212RD,http://data.ordnancesurvey.co.uk/id/postcodeunit/DN212RD,DN21 2RD,,,,other,Postcode,481431,390693,3500,18000,,,,,,,Gainsborough,http://data.ordnancesurvey.co.uk/id/4000000074575425,http://www.ordnancesurvey.co.uk/xml/codelists/localtype.xml#town,West Lindsey,http://data.ordnancesurvey.co.uk/id/7000000000043527,http://data.ordnancesurvey.co.uk/ontology/admingeo/District,Lincolnshire,http://data.ordnancesurvey.co.uk/id/7000000000005942,http://data.ordnancesurvey.co.uk/ontology/admingeo/County,East Midlands,http://data.ordnancesurvey.co.uk/id/7000000000041423,England,http://data.ordnancesurvey.co.uk/id/country/england,,,
DN215QE,http://data.ordnancesurvey.co.uk/id/postcodeunit/DN215QE,DN21 5QE,,,,other,Postcode,487255,391628,3500,18000,,,,,,,Corringham,http://data.ordnancesurvey.co.uk/id/4000000074575143,http://www.ordnancesurvey.co.uk/xml/codelists/localtype.xml#village,West Lindsey,http://data.ordnancesurvey.co.uk/id/7000000000043527,http://data.ordnancesurvey.co.uk/ontology/admingeo/District,Lincolnshire,http://data.ordnancesurvey.co.uk/id/7000000000005942,http://data.ordnancesurvey.co.uk/ontology/admingeo/County,East Midlands,http://data.ordnancesurvey.co.uk/id/7000000000041423,England,http://data.ordnancesurvey.co.uk/id/country/england,,,
DN213AP,http://data.ordnancesurvey.co.uk/id/postcodeunit/DN213AP,DN21 3AP,,,,other,Postcode,480999,391780,3500,18000,,,,,,,Gainsborough,http://data.ordnancesurvey.co.uk/id/4000000074575425,http://www.ordnancesurvey.co.uk/xml/codelists/localtype.xml#town,West Lindsey,http://data.ordnancesurvey.co.uk/id/7000000000043527,http://data.ordnancesurvey.co.uk/ontology/admingeo/District,Lincolnshire,http://data.ordnancesurvey.co.uk/id/7000000000005942,http://data.ordnancesurvey.co.uk/ontology/admingeo/County,East Midlands,http://data.ordnancesurvey.co.uk/id/7000000000041423,England,http://data.ordnancesurvey.co.uk/id/country/england,,,
LN82BT,http://data.ordnancesurvey.co.uk/id/postcodeunit/LN82BT,LN8 2BT,,,,other,Postcode,498330,392610,3500,18000,,,,,,,Bishop Norton,http://data.ordnancesurvey.co.uk/id/4000000074574339,http://www.ordnancesurvey.co.uk/xml/codelists/localtype.xml#village,West Lindsey,http://data.ordnancesurvey.co.uk/id/7000000000043527,http://data.ordnancesurvey.co.uk/ontology/admingeo/District,Lincolnshire,http://data.ordnancesurvey.co.uk/id/7000000000005942,http://data.ordnancesurvey.co.uk/ontology/admingeo/County,East Midlands,http://data.ordnancesurvey.co.uk/id/7000000000041423,England,http://data.ordnancesurvey.co.uk/id/country/england,,,
LN12SW,http://data.ordnancesurvey.co.uk/id/postcodeunit/LN12SW,LN1 2SW,,,,other,Postcode,488907,381172,3500,18000,,,,,,,Sturton by Stow,http://data.ordnancesurvey.co.uk/id/4000000074574600,http://www.ordnancesurvey.co.uk/xml/codelists/localtype.xml#village,West Lindsey,http://data.ordnancesurvey.co.uk/id/7000000000043527,http://data.ordnancesurvey.co.uk/ontology/admingeo/District,Lincolnshire,http://data.ordnancesurvey.co.uk/id/7000000000005942,http://data.ordnancesurvey.co.uk/ontology/admingeo/County,East Midlands,http://data.ordnancesurvey.co.uk/id/7000000000041423,England,http://data.ordnancesurvey.co.uk/id/country/england,,,
DN211JU,http://data.ordnancesurvey.co.uk/id/postcodeunit/DN211JU,DN21 1JU,,,,other,Postcode,481635,389120,3500,18000,,,,,,,Gainsborough,http://data.ordnancesurvey.co.uk/id/4000000074575425,http://www.ordnancesurvey.co.uk/xml/codelists/localtype.xml#town,West Lindsey,http://data.ordnancesurvey.co.uk/id/7000000000043527,http://data.ordnancesurvey.co.uk/ontology/admingeo/District,Lincolnshire,http://data.ordnancesurvey.co.uk/id/7000000000005942,http://data.ordnancesurvey.co.uk/ontology/admingeo/County,East Midlands,http://data.ordnancesurvey.co.uk/id/7000000000041423,England,http://data.ordnancesurvey.co.uk/id/country/england,,,
DN211FB,http://data.ordnancesurvey.co.uk/id/postcodeunit/DN211FB,DN21 1FB,,,,other,Postcode,482467,390586,3500,18000,,,,,,,Gainsborough,http://data.ordnancesurvey.co.uk/id/4000000074575425,http://www.ordnancesurvey.co.uk/xml/codelists/localtype.xml#town,West Lindsey,http://data.ordnancesurvey.co.uk/id/7000000000043527,http://data.ordnancesurvey.co.uk/ontology/admingeo/District,Lincolnshire,http://data.ordnancesurvey.co.uk/id/7000000000005942,http://data.ordnancesurvey.co.uk/ontology/admingeo/County,East Midlands,http://data.ordnancesurvey.co.uk/id/7000000000041423,England,http://data.ordnancesurvey.co.uk/id/country/england,,,
DN215FB,http://data.ordnancesurvey.co.uk/id/postcodeunit/DN215FB,DN21 5FB,,,,other,Postcode,484184,385608,3500,18000,,,,,,,Knaith Park,http://data.ordnancesurvey.co.uk/id/4000000074813593,http://www.ordnancesurvey.co.uk/xml/codelists/localtype.xml#village,West Lindsey,http://data.ordnancesurvey.co.uk/id/7000000000043527,http://data.ordnancesurvey.co.uk/ontology/admingeo/District,Lincolnshire,http://data.ordnancesurvey.co.uk/id/7000000000005942,http://data.ordnancesurvey.co.uk/ontology/admingeo/County,East Midlands,http://data.ordnancesurvey.co.uk/id/7000000000041423,England,http://data.ordnancesurvey.co.uk/id/country/england,,,
DN213DR,http://data.ordnancesurvey.co.uk/id/postcodeunit/DN213DR,DN21 3DR,,,,other,Postcode,480059,394273,3500,18000,,,,,,,,,,West Lindsey,http://data.ordnancesurvey.co.uk/id/7000000000043527,http://data.ordnancesurvey.co.uk/ontology/admingeo/District,Lincolnshire,http://data.ordnancesurvey.co.uk/id/7000000000005942,http://data.ordnancesurvey.co.uk/ontology/admingeo/County,East Midlands,http://data.ordnancesurvey.co.uk/id/7000000000041423,England,http://data.ordnancesurvey.co.uk/id/country/england,,,
DN211XN,http://data.ordnancesurvey.co.uk/id/postcodeunit/DN211XN,DN21 1XN,,,,other,Postcode,482166,389495,3500,18000,,,,,,,Gainsborough,http://data.ordnancesurvey.co.uk/id/4000000074575425,http://www.ordnancesurvey.co.uk/xml/codelists/localtype.xml#town,West Lindsey,http://data.ordnancesurvey.co.uk/id/7000000000043527,http://data.ordnancesurvey.co.uk/ontology/admingeo/District,Lincolnshire,http://data.ordnancesurvey.co.uk/id/7000000000005942,http://data.ordnancesurvey.co.uk/ontology/admingeo/County,East Midlands,http://data.ordnancesurvey.co.uk/id/7000000000041423,England,http://data.ordnancesurvey.co.uk/id/country/england,,,
DN214BF,http://data.ordnancesurvey.co.uk/id/postcodeunit/DN214BF,DN21 4BF,,,,other,Postcode,493488,399087,3500,18000,,,,,,,Kirton in Lindsey,http://data.ordnancesurvey.co.uk/id/4000000074574884,http://www.ordnancesurvey.co.uk/xml/codelists/localtype.xml#town,,,,North Lincolnshire,http://data.ordnancesurvey.co.uk/id/7000000000025623,http://data.ordnancesurvey.co.uk/ontology/admingeo/UnitaryAuthority,Yorkshire and the Humber,http://data.ordnancesurvey.co.uk/id/7000000000041430,England,http://data.ordnancesurvey.co.uk/id/country/england,,,
LN12YP,http://data.ordnancesurvey.co.uk/id/postcodeunit/LN12YP,LN1 2YP,,,,other,Postcode,494829,382836,3500,18000,,,,,,,Ingham,http://data.ordnancesurvey.co.uk/id/4000000074574875,http://www.ordnancesurvey.co.uk/xml/codelists/localtype.xml#village,West Lindsey,http://data.ordnancesurvey.co.uk/id/7000000000043527,http://data.ordnancesurvey.co.uk/ontology/admingeo/District,Lincolnshire,http://data.ordnancesurvey.co.uk/id/7000000000005942,http://data.ordnancesurvey.co.uk/ontology/admingeo/County,East Midlands,http://data.ordnancesurvey.co.uk/id/7000000000041423,England,http://data.ordnancesurvey.co.uk/id/country/england,,,
DN212PF,http://data.ordnancesurvey.co.uk/id/postcodeunit/DN212PF,DN21 2PF,,,,other,Postcode,480931,390738,3500,18000,,,,,,,Gainsborough,http://data.ordnancesurvey.co.uk/id/4000000074575425,http://www.ordnancesurvey.co.uk/xml/codelists/localtype.xml#town,West Lindsey,http://data.ordnancesurvey.co.uk/id/7000000000043527,http://data.ordnancesurvey.co.uk/ontology/admingeo/District,Lincolnshire,http://data.ordnancesurvey.co.uk/id/7000000000005942,http://data.ordnancesurvey.co.uk/ontology/admingeo/County,East Midlands,http://data.ordnancesurvey.co.uk/id/7000000000041423,England,http://data.ordnancesurvey.co.uk/id/country/england,,,
DN211HG,http://data.ordnancesurvey.co.uk/id/postcodeunit/DN211HG,DN21 1HG,,,,other,Postcode,482006,390473,3500,18000,,,,,,,Gainsborough,http://data.ordnancesurvey.co.uk/id/4000000074575425,http://www.ordnancesurvey.co.uk/xml/codelists/localtype.xml#town,West Lindsey,http://data.ordnancesurvey.co.uk/id/7000000000043527,http://data.ordnancesurvey.co.uk/ontology/admingeo/District,Lincolnshire,http://data.ordnancesurvey.co.uk/id/7000000000005942,http://data.ordnancesurvey.co.uk/ontology/admingeo/County,East Midlands,http://data.ordnancesurvey.co.uk/id/7000000000041423,England,http://data.ordnancesurvey.co.uk/id/country/england,,,
DN215BS,http://data.ordnancesurvey.co.uk/id/postcodeunit/DN215BS,DN21 5BS,,,,other,Postcode,494758,385839,3500,18000,,,,,,,Fillingham,http://data.ordnancesurvey.co.uk/id/4000000074574877,http://www.ordnancesurvey.co.uk/xml/codelists/localtype.xml#village,West Lindsey,http://data.ordnancesurvey.co.uk/id/7000000000043527,http://data.ordnancesurvey.co.uk/ontology/admingeo/District,Lincolnshire,http://data.ordnancesurvey.co.uk/id/7000000000005942,http://data.ordnancesurvey.co.uk/ontology/admingeo/County,East Midlands,http://data.ordnancesurvey.co.uk/id/7000000000041423,England,http://data.ordnancesurvey.co.uk/id/country/england,,,
DN211NY,http://data.ordnancesurvey.co.uk/id/postcodeunit/DN211NY,DN21 1NY,,,,other,Postcode,482818,388813,3500,18000,,,,,,,Gainsborough,http://data.ordnancesurvey.co.uk/id/4000000074575425,http://www.ordnancesurvey.co.uk/xml/codelists/localtype.xml#town,West Lindsey,http://data.ordnancesurvey.co.uk/id/7000000000043527,http://data.ordnancesurvey.co.uk/ontology/admingeo/District,Lincolnshire,http://data.ordnancesurvey.co.uk/id/7000000000005942,http://data.ordnancesurvey.co.uk/ontology/admingeo/County,East Midlands,http://data.ordnancesurvey.co.uk/id/7000000000041423,England,http://data.ordnancesurvey.co.uk/id/country/england,,,
LN12DW,http://data.ordnancesurvey.co.uk/id/postcodeunit/LN12DW,LN1 2DW,,,,other,Postcode,490851,383177,3500,18000,,,,,,,Coates,http://data.ordnancesurvey.co.uk/id/4000000074325997,http://www.ordnancesurvey.co.uk/xml/codelists/localtype.xml#hamlet,West Lindsey,http://data.ordnancesurvey.co.uk/id/7000000000043527,http://data.ordnancesurvey.co.uk/ontology/admingeo/District,Lincolnshire,http://data.ordnancesurvey.co.uk/id/7000000000005942,http://data.ordnancesurvey.co.uk/ontology/admingeo/County,East Midlands,http://data.ordnancesurvey.co.uk/id/7000000000041423,England,http://data.ordnancesurvey.co.uk/id/country/england,,,
DN211FN,http://data.ordnancesurvey.co.uk/id/postcodeunit/DN211FN,DN21 1FN,,,,other,Postcode,482607,388469,3500,18000,,,,,,,Gainsborough,http://data.ordnancesurvey.co.uk/id/4000000074575425,http://www.ordnancesurvey.co.uk/xml/codelists/localtype.xml#town,West Lindsey,http://data.ordnancesurvey.co.uk/id/7000000000043527,http://data.ordnancesurvey.co.uk/ontology/admingeo/District,Lincolnshire,http://data.ordnancesurvey.co.uk/id/7000000000005942,http://data.ordnancesurvey.co.uk/ontology/admingeo/County,East Midlands,http://data.ordnancesurvey.co.uk/id/7000000000041423,England,http://data.ordnancesurvey.co.uk/id/country/england,,,
DN213NB,http://data.ordnancesurvey.co.uk/id/postcodeunit/DN213NB,DN21 3NB,,,,other,Postcode,484908,394613,3500,18000,,,,,,,Blyton,http://data.ordnancesurvey.co.uk/id/4000000074575429,http://www.ordnancesurvey.co.uk/xml/codelists/localtype.xml#village,West Lindsey,http://data.ordnancesurvey.co.uk/id/7000000000043527,http://data.ordnancesurvey.co.uk/ontology/admingeo/District,Lincolnshire,http://data.ordnancesurvey.co.uk/id/7000000000005942,http://data.ordnancesurvey.co.uk/ontology/admingeo/County,East Midlands,http://data.ordnancesurvey.co.uk/id/7000000000041423,England,http://data.ordnancesurvey.co.uk/id/country/england,,,
DN215TU,http://data.ordnancesurvey.co.uk/id/postcodeunit/DN215TU,DN21 5TU,,,,other,Postcode,494678,390198,3500,18000,,,,,,,Hemswell Cliff,http://data.ordnancesurvey.co.uk/id/4000000074574338,http://www.ordnancesurvey.co.uk/xml/codelists/localtype.xml#village,West Lindsey,http://data.ordnancesurvey.co.uk/id/7000000000043527,http://data.ordnancesurvey.co.uk/ontology/admingeo/District,Lincolnshire,http://data.ordnancesurvey.co.uk/id/7000000000005942,http://data.ordnancesurvey.co.uk/ontology/admingeo/County,East Midlands,http://data.ordnancesurvey.co.uk/id/7000000000041423,England,http://data.ordnancesurvey.co.uk/id/country/england,,,
DN212PG,http://data.ordnancesurvey.co.uk/id/postcodeunit/DN212PG,DN21 2PG,,,,other,Postcode,480978,390581,3500,18000,,,,,,,Gainsborough,http://data.ordnancesurvey.co.uk/id/4000000074575425,http://www.ordnancesurvey.co.uk/xml/codelists/localtype.xml#town,West Lindsey,http://data.ordnancesurvey.co.uk/id/7000000000043527,http://data.ordnancesurvey.co.uk/ontology/admingeo/District,Lincolnshire,http://data.ordnancesurvey.co.uk/id/7000000000005942,http://data.ordnancesurvey.co.uk/ontology/admingeo/County,East Midlands,http://data.ordnancesurvey.co.uk/id/7000000000041423,England,http://data.ordnancesurvey.co.uk/id/country/england,,,
DN214DH,http://data.ordnancesurvey.co.uk/id/postcodeunit/DN214DH,DN21 4DH,,,,other,Postcode,493464,398389,3500,18000,,,,,,,Kirton in Lindsey,http://data.ordnancesurvey.co.uk/id/4000000074574884,http://www.ordnancesurvey.co.uk/xml/codelists/localtype.xml#town,,,,North Lincolnshire,http://data.ordnancesurvey.co.uk/id/7000000000025623,http://data.ordnancesurvey.co.uk/ontology/admingeo/UnitaryAuthority,Yorkshire and the Humber,http://data.ordnancesurvey.co.uk/id/7000000000041430,England,http://data.ordnancesurvey.co.uk/id/country/england,,,
DN212PR,http://data.ordnancesurvey.co.uk/id/postcodeunit/DN212PR,DN21 2PR,,,,other,Postcode,480864,390765,3500,18000,,,,,,,Gainsborough,http://data.ordnancesurvey.co.uk/id/4000000074575425,http://www.ordnancesurvey.co.uk/xml/codelists/localtype.xml#town,West Lindsey,http://data.ordnancesurvey.co.uk/id/7000000000043527,http://data.ordnancesurvey.co.uk/ontology/admingeo/District,Lincolnshire,http://data.ordnancesurvey.co.uk/id/7000000000005942,http://data.ordnancesurvey.co.uk/ontology/admingeo/County,East Midlands,http://data.ordnancesurvey.co.uk/id/7000000000041423,England,http://data.ordnancesurvey.co.uk/id/country/england,,,
DN212SU,http://data.ordnancesurvey.co.uk/id/postcodeunit/DN212SU,DN21 2SU,,,,other,Postcode,481215,390261,3500,18000,,,,,,,Gainsborough,http://data.ordnancesurvey.co.uk/id/4000000074575425,http://www.ordnancesurvey.co.uk/xml/codelists/localtype.xml#town,West Lindsey,http://data.ordnancesurvey.co.uk/id/7000000000043527,http://data.ordnancesurvey.co.uk/ontology/admingeo/District,Lincolnshire,http://data.ordnancesurvey.co.uk/id/7000000000005942,http://data.ordnancesurvey.co.uk/ontology/admingeo/County,East Midlands,http://data.ordnancesurvey.co.uk/id/7000000000041423,England,http://data.ordnancesurvey.co.uk/id/country/england,,,
DN214DZ,http://data.ordnancesurvey.co.uk/id/postcodeunit/DN214DZ,DN21 4DZ,,,,other,Postcode,493295,398535,3500,18000,,,,,,,Kirton in Lindsey,http://data.ordnancesurvey.co.uk/id/4000000074574884,http://www.ordnancesurvey.co.uk/xml/codelists/localtype.xml#town,,,,North Lincolnshire,http://data.ordnancesurvey.co.uk/id/7000000000025623,http://data.ordnancesurvey.co.uk/ontology/admingeo/UnitaryAuthority,Yorkshire and the Humber,http://data.ordnancesurvey.co.uk/id/7000000000041430,England,http://data.ordnancesurvey.co.uk/id/country/england,,,
LN82AR,http://data.ordnancesurvey.co.uk/id/postcodeunit/LN82AR,LN8 2AR,,,,other,Postcode,496640,389346,3500,18000,,,,,,,Caenby Corner,http://data.ordnancesurvey.co.uk/id/4000000074325696,http://www.ordnancesurvey.co.uk/xml/codelists/localtype.xml#otherSettlement,West Lindsey,http://data.ordnancesurvey.co.uk/id/7000000000043527,http://data.ordnancesurvey.co.uk/ontology/admingeo/District,Lincolnshire,http://data.ordnancesurvey.co.uk/id/7000000000005942,http://data.ordnancesurvey.co.uk/ontology/admingeo/County,East Midlands,http://data.ordnancesurvey.co.uk/id/7000000000041423,England,http://data.ordnancesurvey.co.uk/id/country/england,,,
DN211WB,http://data.ordnancesurvey.co.uk/id/postcodeunit/DN211WB,DN21 1WB,,,,other,Postcode,482545,390441,3500,18000,,,,,,,Gainsborough,http://data.ordnancesurvey.co.uk/id/4000000074575425,http://www.ordnancesurvey.co.uk/xml/codelists/localtype.xml#town,West Lindsey,http://data.ordnancesurvey.co.uk/id/7000000000043527,http://data.ordnancesurvey.co.uk/ontology/admingeo/District,Lincolnshire,http://data.ordnancesurvey.co.uk/id/7000000000005942,http://data.ordnancesurvey.co.uk/ontology/admingeo/County,East Midlands,http://data.ordnancesurvey.co.uk/id/7000000000041423,England,http://data.ordnancesurvey.co.uk/id/country/england,,,
LN12DY,http://data.ordnancesurvey.co.uk/id/postcodeunit/LN12DY,LN1 2DY,,,,other,Postcode,489332,380481,3500,18000,,,,,,,Sturton by Stow,http://data.ordnancesurvey.co.uk/id/4000000074574600,http://www.ordnancesurvey.co.uk/xml/codelists/localtype.xml#village,West Lindsey,http://data.ordnancesurvey.co.uk/id/7000000000043527,http://data.ordnancesurvey.co.uk/ontology/admingeo/District,Lincolnshire,http://data.ordnancesurvey.co.uk/id/7000000000005942,http://data.ordnancesurvey.co.uk/ontology/admingeo/County,East Midlands,http://data.ordnancesurvey.co.uk/id/7000000000041423,England,http://data.ordnancesurvey.co.uk/id/country/england,,,
LN12XZ,http://data.ordnancesurvey.co.uk/id/postcodeunit/LN12XZ,LN1 2XZ,,,,other,Postcode,494450,383587,3500,18000,,,,,,,Ingham,http://data.ordnancesurvey.co.uk/id/4000000074574875,http://www.ordnancesurvey.co.uk/xml/codelists/localtype.xml#village,West Lindsey,http://data.ordnancesurvey.co.uk/id/7000000000043527,http://data.ordnancesurvey.co.uk/ontology/admingeo/District,Lincolnshire,http://data.ordnancesurvey.co.uk/id/7000000000005942,http://data.ordnancesurvey.co.uk/ontology/admingeo/County,East Midlands,http://data.ordnancesurvey.co.uk/id/7000000000041423,England,http://data.ordnancesurvey.co.uk/id/country/england,,,
DN212PN,http://data.ordnancesurvey.co.uk/id/postcodeunit/DN212PN,DN21 2PN,,,,other,Postcode,480947,390348,3500,18000,,,,,,,Gainsborough,http://data.ordnancesurvey.co.uk/id/4000000074575425,http://www.ordnancesurvey.co.uk/xml/codelists/localtype.xml#town,West Lindsey,http://data.ordnancesurvey.co.uk/id/7000000000043527,http://data.ordnancesurvey.co.uk/ontology/admingeo/District,Lincolnshire,http://data.ordnancesurvey.co.uk/id/7000000000005942,http://data.ordnancesurvey.co.uk/ontology/admingeo/County,East Midlands,http://data.ordnancesurvey.co.uk/id/7000000000041423,England,http://data.ordnancesurvey.co.uk/id/country/england,,,
DN211HE,http://data.ordnancesurvey.co.uk/id/postcodeunit/DN211HE,DN21 1HE,,,,other,Postcode,481875,390429,3500,18000,,,,,,,Gainsborough,http://data.ordnancesurvey.co.uk/id/4000000074575425,http://www.ordnancesurvey.co.uk/xml/codelists/localtype.xml#town,West Lindsey,http://data.ordnancesurvey.co.uk/id/7000000000043527,http://data.ordnancesurvey.co.uk/ontology/admingeo/District,Lincolnshire,http://data.ordnancesurvey.co.uk/id/7000000000005942,http://data.ordnancesurvey.co.uk/ontology/admingeo/County,East Midlands,http://data.ordnancesurvey.co.uk/id/7000000000041423,England,http://data.ordnancesurvey.co.uk/id/country/england,,,
DN213GB,http://data.ordnancesurvey.co.uk/id/postcodeunit/DN213GB,DN21 3GB,,,,other,Postcode,480768,392231,3500,18000,,,,,,,Gainsborough,http://data.ordnancesurvey.co.uk/id/4000000074575425,http://www.ordnancesurvey.co.uk/xml/codelists/localtype.xml#town,West Lindsey,http://data.ordnancesurvey.co.uk/id/7000000000043527,http://data.ordnancesurvey.co.uk/ontology/admingeo/District,Lincolnshire,http://data.ordnancesurvey.co.uk/id/7000000000005942,http://data.ordnancesurvey.co.uk/ontology/admingeo/County,East Midlands,http://data.ordnancesurvey.co.uk/id/7000000000041423,England,http://data.ordnancesurvey.co.uk/id/country/england,,,
DN212TR,http://data.ordnancesurvey.co.uk/id/postcodeunit/DN212TR,DN21 2TR,,,,other,Postcode,480946,391112,3500,18000,,,,,,,Gainsborough,http://data.ordnancesurvey.co.uk/id/4000000074575425,http://www.ordnancesurvey.co.uk/xml/codelists/localtype.xml#town,West Lindsey,http://data.ordnancesurvey.co.uk/id/7000000000043527,http://data.ordnancesurvey.co.uk/ontology/admingeo/District,Lincolnshire,http://data.ordnancesurvey.co.uk/id/7000000000005942,http://data.ordnancesurvey.co.uk/ontology/admingeo/County,East Midlands,http://data.ordnancesurvey.co.uk/id/7000000000041423,England,http://data.ordnancesurvey.co.uk/id/country/england,,,
DN213LY,http://data.ordnancesurvey.co.uk/id/postcodeunit/DN213LY,DN21 3LY,,,,other,Postcode,484973,394691,3500,18000,,,,,,,Blyton,http://data.ordnancesurvey.co.uk/id/4000000074575429,http://www.ordnancesurvey.co.uk/xml/codelists/localtype.xml#village,West Lindsey,http://data.ordnancesurvey.co.uk/id/7000000000043527,http://data.ordnancesurvey.co.uk/ontology/admingeo/District,Lincolnshire,http://data.ordnancesurvey.co.uk/id/7000000000005942,http://data.ordnancesurvey.co.uk/ontology/admingeo/County,East Midlands,http://data.ordnancesurvey.co.uk/id/7000000000041423,England,http://data.ordnancesurvey.co.uk/id/country/england,,,
DN215YR,http://data.ordnancesurvey.co.uk/id/postcodeunit/DN215YR,DN21 5YR,,,,other,Postcode,486796,386713,3500,18000,,,,,,,Upton,http://data.ordnancesurvey.co.uk/id/4000000074578003,http://www.ordnancesurvey.co.uk/xml/codelists/localtype.xml#village,West Lindsey,http://data.ordnancesurvey.co.uk/id/7000000000043527,http://data.ordnancesurvey.co.uk/ontology/admingeo/District,Lincolnshire,http://data.ordnancesurvey.co.uk/id/7000000000005942,http://data.ordnancesurvey.co.uk/ontology/admingeo/County,East Midlands,http://data.ordnancesurvey.co.uk/id/7000000000041423,England,http://data.ordnancesurvey.co.uk/id/country/england,,,
DN215NP,http://data.ordnancesurvey.co.uk/id/postcodeunit/DN215NP,DN21 5NP,,,,other,Postcode,487082,386944,3500,18000,,,,,,,Upton,http://data.ordnancesurvey.co.uk/id/4000000074578003,http://www.ordnancesurvey.co.uk/xml/codelists/localtype.xml#village,West Lindsey,http://data.ordnancesurvey.co.uk/id/7000000000043527,http://data.ordnancesurvey.co.uk/ontology/admingeo/District,Lincolnshire,http://data.ordnancesurvey.co.uk/id/7000000000005942,http://data.ordnancesurvey.co.uk/ontology/admingeo/County,East Midlands,http://data.ordnancesurvey.co.uk/id/7000000000041423,England,http://data.ordnancesurvey.co.uk/id/country/england,,,
DN211DN,http://data.ordnancesurvey.co.uk/id/postcodeunit/DN211DN,DN21 1DN,,,,other,Postcode,481791,388885,3500,18000,,,,,,,Gainsborough,http://data.ordnancesurvey.co.uk/id/4000000074575425,http://www.ordnancesurvey.co.uk/xml/codelists/localtype.xml#town,West Lindsey,http://data.ordnancesurvey.co.uk/id/7000000000043527,http://data.ordnancesurvey.co.uk/ontology/admingeo/District,Lincolnshire,http://data.ordnancesurvey.co.uk/id/7000000000005942,http://data.ordnancesurvey.co.uk/ontology/admingeo/County,East Midlands,http://data.ordnancesurvey.co.uk/id/7000000000041423,England,http://data.ordnancesurvey.co.uk/id/country/england,,,
DN212AT,http://data.ordnancesurvey.co.uk/id/postcodeunit/DN212AT,DN21 2AT,,,,other,Postcode,481433,389627,3500,18000,,,,,,,Gainsborough,http://data.ordnancesurvey.co.uk/id/4000000074575425,http://www.ordnancesurvey.co.uk/xml/codelists/localtype.xml#town,West Lindsey,http://data.ordnancesurvey.co.uk/id/7000000000043527,http://data.ordnancesurvey.co.uk/ontology/admingeo/District,Lincolnshire,http://data.ordnancesurvey.co.uk/id/7000000000005942,http://data.ordnancesurvey.co.uk/ontology/admingeo/County,East Midlands,http://data.ordnancesurvey.co.uk/id/7000000000041423,England,http://data.ordnancesurvey.co.uk/id/country/england,,,
DN215UZ,http://data.ordnancesurvey.co.uk/id/postcodeunit/DN215UZ,DN21 5UZ,,,,other,Postcode,492125,388992,3500,18000,,,,,,,,,,West Lindsey,http://data.ordnancesurvey.co.uk/id/7000000000043527,http://data.ordnancesurvey.co.uk/ontology/admingeo/District,Lincolnshire,http://data.ordnancesurvey.co.uk/id/7000000000005942,http://data.ordnancesurvey.co.uk/ontology/admingeo/County,East Midlands,http://data.ordnancesurvey.co.uk/id/7000000000041423,England,http://data.ordnancesurvey.co.uk/id/country/england,,,
DN214HE,http://data.ordnancesurvey.co.uk/id/postcodeunit/DN214HE,DN21 4HE,,,,other,Postcode,493685,394271,3500,18000,,,,,,,Blyborough,http://data.ordnancesurvey.co.uk/id/4000000074574882,http://www.ordnancesurvey.co.uk/xml/codelists/localtype.xml#hamlet,West Lindsey,http://data.ordnancesurvey.co.uk/id/7000000000043527,http://data.ordnancesurvey.co.uk/ontology/admingeo/District,Lincolnshire,http://data.ordnancesurvey.co.uk/id/7000000000005942,http://data.ordnancesurvey.co.uk/ontology/admingeo/County,East Midlands,http://data.ordnancesurvey.co.uk/id/7000000000041423,England,http://data.ordnancesurvey.co.uk/id/country/england,,,
DN215AX,http://data.ordnancesurvey.co.uk/id/postcodeunit/DN215AX,DN21 5AX,,,,other,Postcode,487311,384410,3500,18000,,,,,,,Willingham by Stow,http://data.ordnancesurvey.co.uk/id/4000000074575139,http://www.ordnancesurvey.co.uk/xml/codelists/localtype.xml#village,West Lindsey,http://data.ordnancesurvey.co.uk/id/7000000000043527,http://data.ordnancesurvey.co.uk/ontology/admingeo/District,Lincolnshire,http://data.ordnancesurvey.co.uk/id/7000000000005942,http://data.ordnancesurvey.co.uk/ontology/admingeo/County,East Midlands,http://data.ordnancesurvey.co.uk/id/7000000000041423,England,http://data.ordnancesurvey.co.uk/id/country/england,,,
LN12AQ,http://data.ordnancesurvey.co.uk/id/postcodeunit/LN12AQ,LN1 2AQ,,,,other,Postcode,488921,380381,3500,18000,,,,,,,Sturton by Stow,http://data.ordnancesurvey.co.uk/id/4000000074574600,http://www.ordnancesurvey.co.uk/xml/codelists/localtype.xml#village,West Lindsey,http://data.ordnancesurvey.co.uk/id/7000000000043527,http://data.ordnancesurvey.co.uk/ontology/admingeo/District,Lincolnshire,http://data.ordnancesurvey.co.uk/id/7000000000005942,http://data.ordnancesurvey.co.uk/ontology/admingeo/County,East Midlands,http://data.ordnancesurvey.co.uk/id/7000000000041423,England,http://data.ordnancesurvey.co.uk/id/country/england,,,
DN211ZR,http://data.ordnancesurvey.co.uk/id/postcodeunit/DN211ZR,DN21 1ZR,,,,other,Postcode,482653,390703,3500,18000,,,,,,,Gainsborough,http://data.ordnancesurvey.co.uk/id/4000000074575425,http://www.ordnancesurvey.co.uk/xml/codelists/localtype.xml#town,West Lindsey,http://data.ordnancesurvey.co.uk/id/7000000000043527,http://data.ordnancesurvey.co.uk/ontology/admingeo/District,Lincolnshire,http://data.ordnancesurvey.co.uk/id/7000000000005942,http://data.ordnancesurvey.co.uk/ontology/admingeo/County,East Midlands,http://data.ordnancesurvey.co.uk/id/7000000000041423,England,http://data.ordnancesurvey.co.uk/id/country/england,,,
DN212QX,http://data.ordnancesurvey.co.uk/id/postcodeunit/DN212QX,DN21 2QX,,,,other,Postcode,481581,390683,3500,18000,,,,,,,Gainsborough,http://data.ordnancesurvey.co.uk/id/4000000074575425,http://www.ordnancesurvey.co.uk/xml/codelists/localtype.xml#town,West Lindsey,http://data.ordnancesurvey.co.uk/id/7000000000043527,http://data.ordnancesurvey.co.uk/ontology/admingeo/District,Lincolnshire,http://data.ordnancesurvey.co.uk/id/7000000000005942,http://data.ordnancesurvey.co.uk/ontology/admingeo/County,East Midlands,http://data.ordnancesurvey.co.uk/id/7000000000041423,England,http://data.ordnancesurvey.co.uk/id/country/england,,,
DN211AB,http://data.ordnancesurvey.co.uk/id/postcodeunit/DN211AB,DN21 1AB,,,,other,Postcode,481783,388715,3500,18000,,,,,,,Gainsborough,http://data.ordnancesurvey.co.uk/id/4000000074575425,http://www.ordnancesurvey.co.uk/xml/codelists/localtype.xml#town,West Lindsey,http://data.ordnancesurvey.co.uk/id/7000000000043527,http://data.ordnancesurvey.co.uk/ontology/admingeo/District,Lincolnshire,http://data.ordnancesurvey.co.uk/id/7000000000005942,http://data.ordnancesurvey.co.uk/ontology/admingeo/County,East Midlands,http://data.ordnancesurvey.co.uk/id/7000000000041423,England,http://data.ordnancesurvey.co.uk/id/country/england,,,
DN211SL,http://data.ordnancesurvey.co.uk/id/postcodeunit/DN211SL,DN21 1SL,,,,other,Postcode,482468,389844,3500,18000,,,,,,,Gainsborough,http://data.ordnancesurvey.co.uk/id/4000000074575425,http://www.ordnancesurvey.co.uk/xml/codelists/localtype.xml#town,West Lindsey,http://data.ordnancesurvey.co.uk/id/7000000000043527,http://data.ordnancesurvey.co.uk/ontology/admingeo/District,Lincolnshire,http://data.ordnancesurvey.co.uk/id/7000000000005942,http://data.ordnancesurvey.co.uk/ontology/admingeo/County,East Midlands,http://data.ordnancesurvey.co.uk/id/7000000000041423,England,http://data.ordnancesurvey.co.uk/id/country/england,,,
DN214SZ,http://data.ordnancesurvey.co.uk/id/postcodeunit/DN214SZ,DN21 4SZ,,,,other,Postcode,498507,396107,3500,18000,,,,,,,Waddingham,http://data.ordnancesurvey.co.uk/id/4000000074574880,http://www.ordnancesurvey.co.uk/xml/codelists/localtype.xml#village,West Lindsey,http://data.ordnancesurvey.co.uk/id/7000000000043527,http://data.ordnancesurvey.co.uk/ontology/admingeo/District,Lincolnshire,http://data.ordnancesurvey.co.uk/id/7000000000005942,http://data.ordnancesurvey.co.uk/ontology/admingeo/County,East Midlands,http://data.ordnancesurvey.co.uk/id/7000000000041423,England,http://data.ordnancesurvey.co.uk/id/country/england,,,
LN82DL,http://data.ordnancesurvey.co.uk/id/postcodeunit/LN82DL,LN8 2DL,,,,other,Postcode,497865,384948,3500,18000,,,,,,,West Firsby,http://data.ordnancesurvey.co.uk/id/4000000074574876,http://www.ordnancesurvey.co.uk/xml/codelists/localtype.xml#hamlet,West Lindsey,http://data.ordnancesurvey.co.uk/id/7000000000043527,http://data.ordnancesurvey.co.uk/ontology/admingeo/District,Lincolnshire,http://data.ordnancesurvey.co.uk/id/7000000000005942,http://data.ordnancesurvey.co.uk/ontology/admingeo/County,East Midlands,http://data.ordnancesurvey.co.uk/id/7000000000041423,England,http://data.ordnancesurvey.co.uk/id/country/england,,,
LN82BA,http://data.ordnancesurvey.co.uk/id/postcodeunit/LN82BA,LN8 2BA,,,,other,Postcode,499846,392772,3500,18000,,,,,,,,,,West Lindsey,http://data.ordnancesurvey.co.uk/id/7000000000043527,http://data.ordnancesurvey.co.uk/ontology/admingeo/District,Lincolnshire,http://data.ordnancesurvey.co.uk/id/7000000000005942,http://data.ordnancesurvey.co.uk/ontology/admingeo/County,East Midlands,http://data.ordnancesurvey.co.uk/id/7000000000041423,England,http://data.ordnancesurvey.co.uk/id/country/england,,,
DN212HZ,http://data.ordnancesurvey.co.uk/id/postcodeunit/DN212HZ,DN21 2HZ,,,,other,Postcode,481573,390253,3500,18000,,,,,,,Gainsborough,http://data.ordnancesurvey.co.uk/id/4000000074575425,http://www.ordnancesurvey.co.uk/xml/codelists/localtype.xml#town,West Lindsey,http://data.ordnancesurvey.co.uk/id/7000000000043527,http://data.ordnancesurvey.co.uk/ontology/admingeo/District,Lincolnshire,http://data.ordnancesurvey.co.uk/id/7000000000005942,http://data.ordnancesurvey.co.uk/ontology/admingeo/County,East Midlands,http://data.ordnancesurvey.co.uk/id/7000000000041423,England,http://data.ordnancesurvey.co.uk/id/country/england,,,
DN212EQ,http://data.ordnancesurvey.co.uk/id/postcodeunit/DN212EQ,DN21 2EQ,,,,other,Postcode,481692,389587,3500,18000,,,,,,,Gainsborough,http://data.ordnancesurvey.co.uk/id/4000000074575425,http://www.ordnancesurvey.co.uk/xml/codelists/localtype.xml#town,West Lindsey,http://data.ordnancesurvey.co.uk/id/7000000000043527,http://data.ordnancesurvey.co.uk/ontology/admingeo/District,Lincolnshire,http://data.ordnancesurvey.co.uk/id/7000000000005942,http://data.ordnancesurvey.co.uk/ontology/admingeo/County,East Midlands,http://data.ordnancesurvey.co.uk/id/7000000000041423,England,http://data.ordnancesurvey.co.uk/id/country/england,,,
DN211DG,http://data.ordnancesurvey.co.uk/id/postcodeunit/DN211DG,DN21 1DG,,,,other,Postcode,481843,388730,3500,18000,,,,,,,Gainsborough,http://data.ordnancesurvey.co.uk/id/4000000074575425,http://www.ordnancesurvey.co.uk/xml/codelists/localtype.xml#town,West Lindsey,http://data.ordnancesurvey.co.uk/id/7000000000043527,http://data.ordnancesurvey.co.uk/ontology/admingeo/District,Lincolnshire,http://data.ordnancesurvey.co.uk/id/7000000000005942,http://data.ordnancesurvey.co.uk/ontology/admingeo/County,East Midlands,http://data.ordnancesurvey.co.uk/id/7000000000041423,England,http://data.ordnancesurvey.co.uk/id/country/england,,,
DN215HX,http://data.ordnancesurvey.co.uk/id/postcodeunit/DN215HX,DN21 5HX,,,,other,Postcode,482980,387066,3500,18000,,,,,,,Lea,http://data.ordnancesurvey.co.uk/id/4000000074578253,http://www.ordnancesurvey.co.uk/xml/codelists/localtype.xml#village,West Lindsey,http://data.ordnancesurvey.co.uk/id/7000000000043527,http://data.ordnancesurvey.co.uk/ontology/admingeo/District,Lincolnshire,http://data.ordnancesurvey.co.uk/id/7000000000005942,http://data.ordnancesurvey.co.uk/ontology/admingeo/County,East Midlands,http://data.ordnancesurvey.co.uk/id/7000000000041423,England,http://data.ordnancesurvey.co.uk/id/country/england,,,
DN212PT,http://data.ordnancesurvey.co.uk/id/postcodeunit/DN212PT,DN21 2PT,,,,other,Postcode,480896,390454,3500,18000,,,,,,,Gainsborough,http://data.ordnancesurvey.co.uk/id/4000000074575425,http://www.ordnancesurvey.co.uk/xml/codelists/localtype.xml#town,West Lindsey,http://data.ordnancesurvey.co.uk/id/7000000000043527,http://data.ordnancesurvey.co.uk/ontology/admingeo/District,Lincolnshire,http://data.ordnancesurvey.co.uk/id/7000000000005942,http://data.ordnancesurvey.co.uk/ontology/admingeo/County,East Midlands,http://data.ordnancesurvey.co.uk/id/7000000000041423,England,http://data.ordnancesurvey.co.uk/id/country/england,,,
DN212AP,http://data.ordnancesurvey.co.uk/id/postcodeunit/DN212AP,DN21 2AP,,,,other,Postcode,481615,389494,3500,18000,,,,,,,Gainsborough,http://data.ordnancesurvey.co.uk/id/4000000074575425,http://www.ordnancesurvey.co.uk/xml/codelists/localtype.xml#town,West Lindsey,http://data.ordnancesurvey.co.uk/id/7000000000043527,http://data.ordnancesurvey.co.uk/ontology/admingeo/District,Lincolnshire,http://data.ordnancesurvey.co.uk/id/7000000000005942,http://data.ordnancesurvey.co.uk/ontology/admingeo/County,East Midlands,http://data.ordnancesurvey.co.uk/id/7000000000041423,England,http://data.ordnancesurvey.co.uk/id/country/england,,,
LN12SL,http://data.ordnancesurvey.co.uk/id/postcodeunit/LN12SL,LN1 2SL,,,,other,Postcode,494791,381956,3500,18000,,,,,,,Cammeringham,http://data.ordnancesurvey.co.uk/id/4000000074574873,http://www.ordnancesurvey.co.uk/xml/codelists/localtype.xml#village,West Lindsey,http://data.ordnancesurvey.co.uk/id/7000000000043527,http://data.ordnancesurvey.co.uk/ontology/admingeo/District,Lincolnshire,http://data.ordnancesurvey.co.uk/id/7000000000005942,http://data.ordnancesurvey.co.uk/ontology/admingeo/County,East Midlands,http://data.ordnancesurvey.co.uk/id/7000000000041423,England,http://data.ordnancesurvey.co.uk/id/country/england,,,
DN214PL,http://data.ordnancesurvey.co.uk/id/postcodeunit/DN214PL,DN21 4PL,,,,other,Postcode,493512,398688,3500,18000,,,,,,,Kirton in Lindsey,http://data.ordnancesurvey.co.uk/id/4000000074574884,http://www.ordnancesurvey.co.uk/xml/codelists/localtype.xml#town,,,,North Lincolnshire,http://data.ordnancesurvey.co.uk/id/7000000000025623,http://data.ordnancesurvey.co.uk/ontology/admingeo/UnitaryAuthority,Yorkshire and the Humber,http://data.ordnancesurvey.co.uk/id/7000000000041430,England,http://data.ordnancesurvey.co.uk/id/country/england,,,
DN215DF,http://data.ordnancesurvey.co.uk/id/postcodeunit/DN215DF,DN21 5DF,,,,other,Postcode,494669,388182,3500,18000,,,,,,,Glentworth,http://data.ordnancesurvey.co.uk/id/4000000074574337,http://www.ordnancesurvey.co.uk/xml/codelists/localtype.xml#village,West Lindsey,http://data.ordnancesurvey.co.uk/id/7000000000043527,http://data.ordnancesurvey.co.uk/ontology/admingeo/District,Lincolnshire,http://data.ordnancesurvey.co.uk/id/7000000000005942,http://data.ordnancesurvey.co.uk/ontology/admingeo/County,East Midlands,http://data.ordnancesurvey.co.uk/id/7000000000041423,England,http://data.ordnancesurvey.co.uk/id/country/england,,,
DN213PT,http://data.ordnancesurvey.co.uk/id/postcodeunit/DN213PT,DN21 3PT,,,,other,Postcode,484881,397550,3500,18000,,,,,,,Laughton,http://data.ordnancesurvey.co.uk/id/4000000074575722,http://www.ordnancesurvey.co.uk/xml/codelists/localtype.xml#village,West Lindsey,http://data.ordnancesurvey.co.uk/id/7000000000043527,http://data.ordnancesurvey.co.uk/ontology/admingeo/District,Lincolnshire,http://data.ordnancesurvey.co.uk/id/7000000000005942,http://data.ordnancesurvey.co.uk/ontology/admingeo/County,East Midlands,http://data.ordnancesurvey.co.uk/id/7000000000041423,England,http://data.ordnancesurvey.co.uk/id/country/england,,,
DN215TS,http://data.ordnancesurvey.co.uk/id/postcodeunit/DN215TS,DN21 5TS,,,,other,Postcode,493524,390422,3500,18000,,,,,,,,,,West Lindsey,http://data.ordnancesurvey.co.uk/id/7000000000043527,http://data.ordnancesurvey.co.uk/ontology/admingeo/District,Lincolnshire,http://data.ordnancesurvey.co.uk/id/7000000000005942,http://data.ordnancesurvey.co.uk/ontology/admingeo/County,East Midlands,http://data.ordnancesurvey.co.uk/id/7000000000041423,England,http://data.ordnancesurvey.co.uk/id/country/england,,,
LN12GS,http://data.ordnancesurvey.co.uk/id/postcodeunit/LN12GS,LN1 2GS,,,,other,Postcode,488877,381256,3500,18000,,,,,,,Sturton by Stow,http://data.ordnancesurvey.co.uk/id/4000000074574600,http://www.ordnancesurvey.co.uk/xml/codelists/localtype.xml#village,West Lindsey,http://data.ordnancesurvey.co.uk/id/7000000000043527,http://data.ordnancesurvey.co.uk/ontology/admingeo/District,Lincolnshire,http://data.ordnancesurvey.co.uk/id/7000000000005942,http://data.ordnancesurvey.co.uk/ontology/admingeo/County,East Midlands,http://data.ordnancesurvey.co.uk/id/7000000000041423,England,http://data.ordnancesurvey.co.uk/id/country/england,,,
DN220HD,http://data.ordnancesurvey.co.uk/id/postcodeunit/DN220HD,DN22 0HD,,,,other,Postcode,482487,382537,3500,18000,,,,,,,Littleborough,http://data.ordnancesurvey.co.uk/id/4000000074577538,http://www.ordnancesurvey.co.uk/xml/codelists/localtype.xml#hamlet,Bassetlaw,http://data.ordnancesurvey.co.uk/id/7000000000008122,http://data.ordnancesurvey.co.uk/ontology/admingeo/District,Nottinghamshire,http://data.ordnancesurvey.co.uk/id/7000000000008127,http://data.ordnancesurvey.co.uk/ontology/admingeo/County,East Midlands,http://data.ordnancesurvey.co.uk/id/7000000000041423,England,http://data.ordnancesurvey.co.uk/id/country/england,,,
DN214DL,http://data.ordnancesurvey.co.uk/id/postcodeunit/DN214DL,DN21 4DL,,,,other,Postcode,493674,398222,3500,18000,,,,,,,Kirton in Lindsey,http://data.ordnancesurvey.co.uk/id/4000000074574884,http://www.ordnancesurvey.co.uk/xml/codelists/localtype.xml#town,,,,North Lincolnshire,http://data.ordnancesurvey.co.uk/id/7000000000025623,http://data.ordnancesurvey.co.uk/ontology/admingeo/UnitaryAuthority,Yorkshire and the Humber,http://data.ordnancesurvey.co.uk/id/7000000000041430,England,http://data.ordnancesurvey.co.uk/id/country/england,,,
LN12AY,http://data.ordnancesurvey.co.uk/id/postcodeunit/LN12AY,LN1 2AY,,,,other,Postcode,488919,380445,3500,18000,,,,,,,Sturton by Stow,http://data.ordnancesurvey.co.uk/id/4000000074574600,http://www.ordnancesurvey.co.uk/xml/codelists/localtype.xml#village,West Lindsey,http://data.ordnancesurvey.co.uk/id/7000000000043527,http://data.ordnancesurvey.co.uk/ontology/admingeo/District,Lincolnshire,http://data.ordnancesurvey.co.uk/id/7000000000005942,http://data.ordnancesurvey.co.uk/ontology/admingeo/County,East Midlands,http://data.ordnancesurvey.co.uk/id/7000000000041423,England,http://data.ordnancesurvey.co.uk/id/country/england,,,
DN213LQ,http://data.ordnancesurvey.co.uk/id/postcodeunit/DN213LQ,DN21 3LQ,,,,other,Postcode,485909,395990,3500,18000,,,,,,,,,,West Lindsey,http://data.ordnancesurvey.co.uk/id/7000000000043527,http://data.ordnancesurvey.co.uk/ontology/admingeo/District,Lincolnshire,http://data.ordnancesurvey.co.uk/id/7000000000005942,http://data.ordnancesurvey.co.uk/ontology/admingeo/County,East Midlands,http://data.ordnancesurvey.co.uk/id/7000000000041423,England,http://data.ordnancesurvey.co.uk/id/country/england,,,
DN215PG,http://data.ordnancesurvey.co.uk/id/postcodeunit/DN215PG,DN21 5PG,,,,other,Postcode,485450,385633,3500,18000,,,,,,,Kexby,http://data.ordnancesurvey.co.uk/id/4000000074577769,http://www.ordnancesurvey.co.uk/xml/codelists/localtype.xml#village,West Lindsey,http://data.ordnancesurvey.co.uk/id/7000000000043527,http://data.ordnancesurvey.co.uk/ontology/admingeo/District,Lincolnshire,http://data.ordnancesurvey.co.uk/id/7000000000005942,http://data.ordnancesurvey.co.uk/ontology/admingeo/County,East Midlands,http://data.ordnancesurvey.co.uk/id/7000000000041423,England,http://data.ordnancesurvey.co.uk/id/country/england,,,
DN215FR,http://data.ordnancesurvey.co.uk/id/postcodeunit/DN215FR,DN21 5FR,,,,other,Postcode,487095,386907,3500,18000,,,,,,,Upton,http://data.ordnancesurvey.co.uk/id/4000000074578003,http://www.ordnancesurvey.co.uk/xml/codelists/localtype.xml#village,West Lindsey,http://data.ordnancesurvey.co.uk/id/7000000000043527,http://data.ordnancesurvey.co.uk/ontology/admingeo/District,Lincolnshire,http://data.ordnancesurvey.co.uk/id/7000000000005942,http://data.ordnancesurvey.co.uk/ontology/admingeo/County,East Midlands,http://data.ordnancesurvey.co.uk/id/7000000000041423,England,http://data.ordnancesurvey.co.uk/id/country/england,,,
DN212TU,http://data.ordnancesurvey.co.uk/id/postcodeunit/DN212TU,DN21 2TU,,,,other,Postcode,480772,390895,3500,18000,,,,,,,Gainsborough,http://data.ordnancesurvey.co.uk/id/4000000074575425,http://www.ordnancesurvey.co.uk/xml/codelists/localtype.xml#town,West Lindsey,http://data.ordnancesurvey.co.uk/id/7000000000043527,http://data.ordnancesurvey.co.uk/ontology/admingeo/District,Lincolnshire,http://data.ordnancesurvey.co.uk/id/7000000000005942,http://data.ordnancesurvey.co.uk/ontology/admingeo/County,East Midlands,http://data.ordnancesurvey.co.uk/id/7000000000041423,England,http://data.ordnancesurvey.co.uk/id/country/england,,,
DN212HL,http://data.ordnancesurvey.co.uk/id/postcodeunit/DN212HL,DN21 2HL,,,,other,Postcode,481828,390028,3500,18000,,,,,,,Gainsborough,http://data.ordnancesurvey.co.uk/id/4000000074575425,http://www.ordnancesurvey.co.uk/xml/codelists/localtype.xml#town,West Lindsey,http://data.ordnancesurvey.co.uk/id/7000000000043527,http://data.ordnancesurvey.co.uk/ontology/admingeo/District,Lincolnshire,http://data.ordnancesurvey.co.uk/id/7000000000005942,http://data.ordnancesurvey.co.uk/ontology/admingeo/County,East Midlands,http://data.ordnancesurvey.co.uk/id/7000000000041423,England,http://data.ordnancesurvey.co.uk/id/country/england,,,
DN212JX,http://data.ordnancesurvey.co.uk/id/postcodeunit/DN212JX,DN21 2JX,,,,other,Postcode,481419,390296,3500,18000,,,,,,,Gainsborough,http://data.ordnancesurvey.co.uk/id/4000000074575425,http://www.ordnancesurvey.co.uk/xml/codelists/localtype.xml#town,West Lindsey,http://data.ordnancesurvey.co.uk/id/7000000000043527,http://data.ordnancesurvey.co.uk/ontology/admingeo/District,Lincolnshire,http://data.ordnancesurvey.co.uk/id/7000000000005942,http://data.ordnancesurvey.co.uk/ontology/admingeo/County,East Midlands,http://data.ordnancesurvey.co.uk/id/7000000000041423,England,http://data.ordnancesurvey.co.uk/id/country/england,,,
LN12YT,http://data.ordnancesurvey.co.uk/id/postcodeunit/LN12YT,LN1 2YT,,,,other,Postcode,494933,382958,3500,18000,,,,,,,Ingham,http://data.ordnancesurvey.co.uk/id/4000000074574875,http://www.ordnancesurvey.co.uk/xml/codelists/localtype.xml#village,West Lindsey,http://data.ordnancesurvey.co.uk/id/7000000000043527,http://data.ordnancesurvey.co.uk/ontology/admingeo/District,Lincolnshire,http://data.ordnancesurvey.co.uk/id/7000000000005942,http://data.ordnancesurvey.co.uk/ontology/admingeo/County,East Midlands,http://data.ordnancesurvey.co.uk/id/7000000000041423,England,http://data.ordnancesurvey.co.uk/id/country/england,,,
DN215HS,http://data.ordnancesurvey.co.uk/id/postcodeunit/DN215HS,DN21 5HS,,,,other,Postcode,482810,387002,3500,18000,,,,,,,Lea,http://data.ordnancesurvey.co.uk/id/4000000074578253,http://www.ordnancesurvey.co.uk/xml/codelists/localtype.xml#village,West Lindsey,http://data.ordnancesurvey.co.uk/id/7000000000043527,http://data.ordnancesurvey.co.uk/ontology/admingeo/District,Lincolnshire,http://data.ordnancesurvey.co.uk/id/7000000000005942,http://data.ordnancesurvey.co.uk/ontology/admingeo/County,East Midlands,http://data.ordnancesurvey.co.uk/id/7000000000041423,England,http://data.ordnancesurvey.co.uk/id/country/england,,,
DN212RL,http://data.ordnancesurvey.co.uk/id/postcodeunit/DN212RL,DN21 2RL,,,,other,Postcode,481282,390873,3500,18000,,,,,,,Gainsborough,http://data.ordnancesurvey.co.uk/id/4000000074575425,http://www.ordnancesurvey.co.uk/xml/codelists/localtype.xml#town,West Lindsey,http://data.ordnancesurvey.co.uk/id/7000000000043527,http://data.ordnancesurvey.co.uk/ontology/admingeo/District,Lincolnshire,http://data.ordnancesurvey.co.uk/id/7000000000005942,http://data.ordnancesurvey.co.uk/ontology/admingeo/County,East Midlands,http://data.ordnancesurvey.co.uk/id/7000000000041423,England,http://data.ordnancesurvey.co.uk/id/country/england,,,
DN212TW,http://data.ordnancesurvey.co.uk/id/postcodeunit/DN212TW,DN21 2TW,,,,other,Postcode,481026,391171,3500,18000,,,,,,,Gainsborough,http://data.ordnancesurvey.co.uk/id/4000000074575425,http://www.ordnancesurvey.co.uk/xml/codelists/localtype.xml#town,West Lindsey,http://data.ordnancesurvey.co.uk/id/7000000000043527,http://data.ordnancesurvey.co.uk/ontology/admingeo/District,Lincolnshire,http://data.ordnancesurvey.co.uk/id/7000000000005942,http://data.ordnancesurvey.co.uk/ontology/admingeo/County,East Midlands,http://data.ordnancesurvey.co.uk/id/7000000000041423,England,http://data.ordnancesurvey.co.uk/id/country/england,,,
DN213NL,http://data.ordnancesurvey.co.uk/id/postcodeunit/DN213NL,DN21 3NL,,,,other,Postcode,484997,394483,3500,18000,,,,,,,Blyton,http://data.ordnancesurvey.co.uk/id/4000000074575429,http://www.ordnancesurvey.co.uk/xml/codelists/localtype.xml#village,West Lindsey,http://data.ordnancesurvey.co.uk/id/7000000000043527,http://data.ordnancesurvey.co.uk/ontology/admingeo/District,Lincolnshire,http://data.ordnancesurvey.co.uk/id/7000000000005942,http://data.ordnancesurvey.co.uk/ontology/admingeo/County,East Midlands,http://data.ordnancesurvey.co.uk/id/7000000000041423,England,http://data.ordnancesurvey.co.uk/id/country/england,,,
DN214EN,http://data.ordnancesurvey.co.uk/id/postcodeunit/DN214EN,DN21 4EN,,,,other,Postcode,492388,397261,3500,18000,,,,,,,,,,,,,North Lincolnshire,http://data.ordnancesurvey.co.uk/id/7000000000025623,http://data.ordnancesurvey.co.uk/ontology/admingeo/UnitaryAuthority,Yorkshire and the Humber,http://data.ordnancesurvey.co.uk/id/7000000000041430,England,http://data.ordnancesurvey.co.uk/id/country/england,,,
DN211FE,http://data.ordnancesurvey.co.uk/id/postcodeunit/DN211FE,DN21 1FE,,,,other,Postcode,482471,390634,3500,18000,,,,,,,Gainsborough,http://data.ordnancesurvey.co.uk/id/4000000074575425,http://www.ordnancesurvey.co.uk/xml/codelists/localtype.xml#town,West Lindsey,http://data.ordnancesurvey.co.uk/id/7000000000043527,http://data.ordnancesurvey.co.uk/ontology/admingeo/District,Lincolnshire,http://data.ordnancesurvey.co.uk/id/7000000000005942,http://data.ordnancesurvey.co.uk/ontology/admingeo/County,East Midlands,http://data.ordnancesurvey.co.uk/id/7000000000041423,England,http://data.ordnancesurvey.co.uk/id/country/england,,,
DN211SB,http://data.ordnancesurvey.co.uk/id/postcodeunit/DN211SB,DN21 1SB,,,,other,Postcode,483176,389028,3500,18000,,,,,,,Gainsborough,http://data.ordnancesurvey.co.uk/id/4000000074575425,http://www.ordnancesurvey.co.uk/xml/codelists/localtype.xml#town,West Lindsey,http://data.ordnancesurvey.co.uk/id/7000000000043527,http://data.ordnancesurvey.co.uk/ontology/admingeo/District,Lincolnshire,http://data.ordnancesurvey.co.uk/id/7000000000005942,http://data.ordnancesurvey.co.uk/ontology/admingeo/County,East Midlands,http://data.ordnancesurvey.co.uk/id/7000000000041423,England,http://data.ordnancesurvey.co.uk/id/country/england,,,
DN211FX,http://data.ordnancesurvey.co.uk/id/postcodeunit/DN211FX,DN21 1FX,,,,other,Postcode,483255,388430,3500,18000,,,,,,,Gainsborough,http://data.ordnancesurvey.co.uk/id/4000000074575425,http://www.ordnancesurvey.co.uk/xml/codelists/localtype.xml#town,West Lindsey,http://data.ordnancesurvey.co.uk/id/7000000000043527,http://data.ordnancesurvey.co.uk/ontology/admingeo/District,Lincolnshire,http://data.ordnancesurvey.co.uk/id/7000000000005942,http://data.ordnancesurvey.co.uk/ontology/admingeo/County,East Midlands,http://data.ordnancesurvey.co.uk/id/7000000000041423,England,http://data.ordnancesurvey.co.uk/id/country/england,,,
DN214TA,http://data.ordnancesurvey.co.uk/id/postcodeunit/DN214TA,DN21 4TA,,,,other,Postcode,498173,396216,3500,18000,,,,,,,Waddingham,http://data.ordnancesurvey.co.uk/id/4000000074574880,http://www.ordnancesurvey.co.uk/xml/codelists/localtype.xml#village,West Lindsey,http://data.ordnancesurvey.co.uk/id/7000000000043527,http://data.ordnancesurvey.co.uk/ontology/admingeo/District,Lincolnshire,http://data.ordnancesurvey.co.uk/id/7000000000005942,http://data.ordnancesurvey.co.uk/ontology/admingeo/County,East Midlands,http://data.ordnancesurvey.co.uk/id/7000000000041423,England,http://data.ordnancesurvey.co.uk/id/country/england,,,
DN211FU,http://data.ordnancesurvey.co.uk/id/postcodeunit/DN211FU,DN21 1FU,,,,other,Postcode,482701,390508,3500,18000,,,,,,,Gainsborough,http://data.ordnancesurvey.co.uk/id/4000000074575425,http://www.ordnancesurvey.co.uk/xml/codelists/localtype.xml#town,West Lindsey,http://data.ordnancesurvey.co.uk/id/7000000000043527,http://data.ordnancesurvey.co.uk/ontology/admingeo/District,Lincolnshire,http://data.ordnancesurvey.co.uk/id/7000000000005942,http://data.ordnancesurvey.co.uk/ontology/admingeo/County,East Midlands,http://data.ordnancesurvey.co.uk/id/7000000000041423,England,http://data.ordnancesurvey.co.uk/id/country/england,,,
DN211GT,http://data.ordnancesurvey.co.uk/id/postcodeunit/DN211GT,DN21 1GT,,,,other,Postcode,482785,390434,3500,18000,,,,,,,Gainsborough,http://data.ordnancesurvey.co.uk/id/4000000074575425,http://www.ordnancesurvey.co.uk/xml/codelists/localtype.xml#town,West Lindsey,http://data.ordnancesurvey.co.uk/id/7000000000043527,http://data.ordnancesurvey.co.uk/ontology/admingeo/District,Lincolnshire,http://data.ordnancesurvey.co.uk/id/7000000000005942,http://data.ordnancesurvey.co.uk/ontology/admingeo/County,East Midlands,http://data.ordnancesurvey.co.uk/id/7000000000041423,England,http://data.ordnancesurvey.co.uk/id/country/england,,,
LN12AX,http://data.ordnancesurvey.co.uk/id/postcodeunit/LN12AX,LN1 2AX,,,,other,Postcode,488970,380438,3500,18000,,,,,,,Sturton by Stow,http://data.ordnancesurvey.co.uk/id/4000000074574600,http://www.ordnancesurvey.co.uk/xml/codelists/localtype.xml#village,West Lindsey,http://data.ordnancesurvey.co.uk/id/7000000000043527,http://data.ordnancesurvey.co.uk/ontology/admingeo/District,Lincolnshire,http://data.ordnancesurvey.co.uk/id/7000000000005942,http://data.ordnancesurvey.co.uk/ontology/admingeo/County,East Midlands,http://data.ordnancesurvey.co.uk/id/7000000000041423,England,http://data.ordnancesurvey.co.uk/id/country/england,,,
DN215HB,http://data.ordnancesurvey.co.uk/id/postcodeunit/DN215HB,DN21 5HB,,,,other,Postcode,483466,385152,3500,18000,,,,,,,,,,West Lindsey,http://data.ordnancesurvey.co.uk/id/7000000000043527,http://data.ordnancesurvey.co.uk/ontology/admingeo/District,Lincolnshire,http://data.ordnancesurvey.co.uk/id/7000000000005942,http://data.ordnancesurvey.co.uk/ontology/admingeo/County,East Midlands,http://data.ordnancesurvey.co.uk/id/7000000000041423,England,http://data.ordnancesurvey.co.uk/id/country/england,,,
DN211DE,http://data.ordnancesurvey.co.uk/id/postcodeunit/DN211DE,DN21 1DE,,,,other,Postcode,481919,388680,3500,18000,,,,,,,Gainsborough,http://data.ordnancesurvey.co.uk/id/4000000074575425,http://www.ordnancesurvey.co.uk/xml/codelists/localtype.xml#town,West Lindsey,http://data.ordnancesurvey.co.uk/id/7000000000043527,http://data.ordnancesurvey.co.uk/ontology/admingeo/District,Lincolnshire,http://data.ordnancesurvey.co.uk/id/7000000000005942,http://data.ordnancesurvey.co.uk/ontology/admingeo/County,East Midlands,http://data.ordnancesurvey.co.uk/id/7000000000041423,England,http://data.ordnancesurvey.co.uk/id/country/england,,,
LN12YX,http://data.ordnancesurvey.co.uk/id/postcodeunit/LN12YX,LN1 2YX,,,,other,Postcode,489220,380745,3500,18000,,,,,,,Sturton by Stow,http://data.ordnancesurvey.co.uk/id/4000000074574600,http://www.ordnancesurvey.co.uk/xml/codelists/localtype.xml#village,West Lindsey,http://data.ordnancesurvey.co.uk/id/7000000000043527,http://data.ordnancesurvey.co.uk/ontology/admingeo/District,Lincolnshire,http://data.ordnancesurvey.co.uk/id/7000000000005942,http://data.ordnancesurvey.co.uk/ontology/admingeo/County,East Midlands,http://data.ordnancesurvey.co.uk/id/7000000000041423,England,http://data.ordnancesurvey.co.uk/id/country/england,,,
DN211TD,http://data.ordnancesurvey.co.uk/id/postcodeunit/DN211TD,DN21 1TD,,,,other,Postcode,482728,389764,3500,18000,,,,,,,Gainsborough,http://data.ordnancesurvey.co.uk/id/4000000074575425,http://www.ordnancesurvey.co.uk/xml/codelists/localtype.xml#town,West Lindsey,http://data.ordnancesurvey.co.uk/id/7000000000043527,http://data.ordnancesurvey.co.uk/ontology/admingeo/District,Lincolnshire,http://data.ordnancesurvey.co.uk/id/7000000000005942,http://data.ordnancesurvey.co.uk/ontology/admingeo/County,East Midlands,http://data.ordnancesurvey.co.uk/id/7000000000041423,England,http://data.ordnancesurvey.co.uk/id/country/england,,,
DN214JE,http://data.ordnancesurvey.co.uk/id/postcodeunit/DN214JE,DN21 4JE,,,,other,Postcode,496457,397395,3500,18000,,,,,,,,,,,,,North Lincolnshire,http://data.ordnancesurvey.co.uk/id/7000000000025623,http://data.ordnancesurvey.co.uk/ontology/admingeo/UnitaryAuthority,Yorkshire and the Humber,http://data.ordnancesurvey.co.uk/id/7000000000041430,England,http://data.ordnancesurvey.co.uk/id/country/england,,,
DN213RA,http://data.ordnancesurvey.co.uk/id/postcodeunit/DN213RA,DN21 3RA,,,,other,Postcode,488915,398978,3500,18000,,,,,,,Scotton,http://data.ordnancesurvey.co.uk/id/4000000074575140,http://www.ordnancesurvey.co.uk/xml/codelists/localtype.xml#village,West Lindsey,http://data.ordnancesurvey.co.uk/id/7000000000043527,http://data.ordnancesurvey.co.uk/ontology/admingeo/District,Lincolnshire,http://data.ordnancesurvey.co.uk/id/7000000000005942,http://data.ordnancesurvey.co.uk/ontology/admingeo/County,East Midlands,http://data.ordnancesurvey.co.uk/id/7000000000041423,England,http://data.ordnancesurvey.co.uk/id/country/england,,,
LN12EA,http://data.ordnancesurvey.co.uk/id/postcodeunit/LN12EA,LN1 2EA,,,,other,Postcode,489269,380495,3500,18000,,,,,,,Sturton by Stow,http://data.ordnancesurvey.co.uk/id/4000000074574600,http://www.ordnancesurvey.co.uk/xml/codelists/localtype.xml#village,West Lindsey,http://data.ordnancesurvey.co.uk/id/7000000000043527,http://data.ordnancesurvey.co.uk/ontology/admingeo/District,Lincolnshire,http://data.ordnancesurvey.co.uk/id/7000000000005942,http://data.ordnancesurvey.co.uk/ontology/admingeo/County,East Midlands,http://data.ordnancesurvey.co.uk/id/7000000000041423,England,http://data.ordnancesurvey.co.uk/id/country/england,,,
DN212LH,http://data.ordnancesurvey.co.uk/id/postcodeunit/DN212LH,DN21 2LH,,,,other,Postcode,481335,390159,3500,18000,,,,,,,Gainsborough,http://data.ordnancesurvey.co.uk/id/4000000074575425,http://www.ordnancesurvey.co.uk/xml/codelists/localtype.xml#town,West Lindsey,http://data.ordnancesurvey.co.uk/id/7000000000043527,http://data.ordnancesurvey.co.uk/ontology/admingeo/District,Lincolnshire,http://data.ordnancesurvey.co.uk/id/7000000000005942,http://data.ordnancesurvey.co.uk/ontology/admingeo/County,East Midlands,http://data.ordnancesurvey.co.uk/id/7000000000041423,England,http://data.ordnancesurvey.co.uk/id/country/england,,,
DN211WQ,http://data.ordnancesurvey.co.uk/id/postcodeunit/DN211WQ,DN21 1WQ,,,,other,Postcode,482677,389173,3500,18000,,,,,,,Gainsborough,http://data.ordnancesurvey.co.uk/id/4000000074575425,http://www.ordnancesurvey.co.uk/xml/codelists/localtype.xml#town,West Lindsey,http://data.ordnancesurvey.co.uk/id/7000000000043527,http://data.ordnancesurvey.co.uk/ontology/admingeo/District,Lincolnshire,http://data.ordnancesurvey.co.uk/id/7000000000005942,http://data.ordnancesurvey.co.uk/ontology/admingeo/County,East Midlands,http://data.ordnancesurvey.co.uk/id/7000000000041423,England,http://data.ordnancesurvey.co.uk/id/country/england,,,
DN214AN,http://data.ordnancesurvey.co.uk/id/postcodeunit/DN214AN,DN21 4AN,,,,other,Postcode,491602,396528,3500,18000,,,,,,,,,,West Lindsey,http://data.ordnancesurvey.co.uk/id/7000000000043527,http://data.ordnancesurvey.co.uk/ontology/admingeo/District,Lincolnshire,http://data.ordnancesurvey.co.uk/id/7000000000005942,http://data.ordnancesurvey.co.uk/ontology/admingeo/County,East Midlands,http://data.ordnancesurvey.co.uk/id/7000000000041423,England,http://data.ordnancesurvey.co.uk/id/country/england,,,
DN211HJ,http://data.ordnancesurvey.co.uk/id/postcodeunit/DN211HJ,DN21 1HJ,,,,other,Postcode,482056,390857,3500,18000,,,,,,,Gainsborough,http://data.ordnancesurvey.co.uk/id/4000000074575425,http://www.ordnancesurvey.co.uk/xml/codelists/localtype.xml#town,West Lindsey,http://data.ordnancesurvey.co.uk/id/7000000000043527,http://data.ordnancesurvey.co.uk/ontology/admingeo/District,Lincolnshire,http://data.ordnancesurvey.co.uk/id/7000000000005942,http://data.ordnancesurvey.co.uk/ontology/admingeo/County,East Midlands,http://data.ordnancesurvey.co.uk/id/7000000000041423,England,http://data.ordnancesurvey.co.uk/id/country/england,,,
DN213NJ,http://data.ordnancesurvey.co.uk/id/postcodeunit/DN213NJ,DN21 3NJ,,,,other,Postcode,484967,394448,3500,18000,,,,,,,Blyton,http://data.ordnancesurvey.co.uk/id/4000000074575429,http://www.ordnancesurvey.co.uk/xml/codelists/localtype.xml#village,West Lindsey,http://data.ordnancesurvey.co.uk/id/7000000000043527,http://data.ordnancesurvey.co.uk/ontology/admingeo/District,Lincolnshire,http://data.ordnancesurvey.co.uk/id/7000000000005942,http://data.ordnancesurvey.co.uk/ontology/admingeo/County,East Midlands,http://data.ordnancesurvey.co.uk/id/7000000000041423,England,http://data.ordnancesurvey.co.uk/id/country/england,,,
DN220ER,http://data.ordnancesurvey.co.uk/id/postcodeunit/DN220ER,DN22 0ER,,,,other,Postcode,480160,380027,3500,18000,,,,,,,,,,Bassetlaw,http://data.ordnancesurvey.co.uk/id/7000000000008122,http://data.ordnancesurvey.co.uk/ontology/admingeo/District,Nottinghamshire,http://data.ordnancesurvey.co.uk/id/7000000000008127,http://data.ordnancesurvey.co.uk/ontology/admingeo/County,East Midlands,http://data.ordnancesurvey.co.uk/id/7000000000041423,England,http://data.ordnancesurvey.co.uk/id/country/england,,,
DN212RZ,http://data.ordnancesurvey.co.uk/id/postcodeunit/DN212RZ,DN21 2RZ,,,,other,Postcode,481165,390834,3500,18000,,,,,,,Gainsborough,http://data.ordnancesurvey.co.uk/id/4000000074575425,http://www.ordnancesurvey.co.uk/xml/codelists/localtype.xml#town,West Lindsey,http://data.ordnancesurvey.co.uk/id/7000000000043527,http://data.ordnancesurvey.co.uk/ontology/admingeo/District,Lincolnshire,http://data.ordnancesurvey.co.uk/id/7000000000005942,http://data.ordnancesurvey.co.uk/ontology/admingeo/County,East Midlands,http://data.ordnancesurvey.co.uk/id/7000000000041423,England,http://data.ordnancesurvey.co.uk/id/country/england,,,
DN214BJ,http://data.ordnancesurvey.co.uk/id/postcodeunit/DN214BJ,DN21 4BJ,,,,other,Postcode,493247,399157,3500,18000,,,,,,,Kirton in Lindsey,http://data.ordnancesurvey.co.uk/id/4000000074574884,http://www.ordnancesurvey.co.uk/xml/codelists/localtype.xml#town,,,,North Lincolnshire,http://data.ordnancesurvey.co.uk/id/7000000000025623,http://data.ordnancesurvey.co.uk/ontology/admingeo/UnitaryAuthority,Yorkshire and the Humber,http://data.ordnancesurvey.co.uk/id/7000000000041430,England,http://data.ordnancesurvey.co.uk/id/country/england,,,
DN213NH,http://data.ordnancesurvey.co.uk/id/postcodeunit/DN213NH,DN21 3NH,,,,other,Postcode,485069,394493,3500,18000,,,,,,,Blyton,http://data.ordnancesurvey.co.uk/id/4000000074575429,http://www.ordnancesurvey.co.uk/xml/codelists/localtype.xml#village,West Lindsey,http://data.ordnancesurvey.co.uk/id/7000000000043527,http://data.ordnancesurvey.co.uk/ontology/admingeo/District,Lincolnshire,http://data.ordnancesurvey.co.uk/id/7000000000005942,http://data.ordnancesurvey.co.uk/ontology/admingeo/County,East Midlands,http://data.ordnancesurvey.co.uk/id/7000000000041423,England,http://data.ordnancesurvey.co.uk/id/country/england,,,
DN213AB,http://data.ordnancesurvey.co.uk/id/postcodeunit/DN213AB,DN21 3AB,,,,other,Postcode,480937,391564,3500,18000,,,,,,,Gainsborough,http://data.ordnancesurvey.co.uk/id/4000000074575425,http://www.ordnancesurvey.co.uk/xml/codelists/localtype.xml#town,West Lindsey,http://data.ordnancesurvey.co.uk/id/7000000000043527,http://data.ordnancesurvey.co.uk/ontology/admingeo/District,Lincolnshire,http://data.ordnancesurvey.co.uk/id/7000000000005942,http://data.ordnancesurvey.co.uk/ontology/admingeo/County,East Midlands,http://data.ordnancesurvey.co.uk/id/7000000000041423,England,http://data.ordnancesurvey.co.uk/id/country/england,,,
DN211XW,http://data.ordnancesurvey.co.uk/id/postcodeunit/DN211XW,DN21 1XW,,,,other,Postcode,482167,389468,3500,18000,,,,,,,Gainsborough,http://data.ordnancesurvey.co.uk/id/4000000074575425,http://www.ordnancesurvey.co.uk/xml/codelists/localtype.xml#town,West Lindsey,http://data.ordnancesurvey.co.uk/id/7000000000043527,http://data.ordnancesurvey.co.uk/ontology/admingeo/District,Lincolnshire,http://data.ordnancesurvey.co.uk/id/7000000000005942,http://data.ordnancesurvey.co.uk/ontology/admingeo/County,East Midlands,http://data.ordnancesurvey.co.uk/id/7000000000041423,England,http://data.ordnancesurvey.co.uk/id/country/england,,,
DN215HA,http://data.ordnancesurvey.co.uk/id/postcodeunit/DN215HA,DN21 5HA,,,,other,Postcode,484063,385629,3500,18000,,,,,,,Knaith Park,http://data.ordnancesurvey.co.uk/id/4000000074813593,http://www.ordnancesurvey.co.uk/xml/codelists/localtype.xml#village,West Lindsey,http://data.ordnancesurvey.co.uk/id/7000000000043527,http://data.ordnancesurvey.co.uk/ontology/admingeo/District,Lincolnshire,http://data.ordnancesurvey.co.uk/id/7000000000005942,http://data.ordnancesurvey.co.uk/ontology/admingeo/County,East Midlands,http://data.ordnancesurvey.co.uk/id/7000000000041423,England,http://data.ordnancesurvey.co.uk/id/country/england,,,
DN213RE,http://data.ordnancesurvey.co.uk/id/postcodeunit/DN213RE,DN21 3RE,,,,other,Postcode,489048,399196,3500,18000,,,,,,,Scotton,http://data.ordnancesurvey.co.uk/id/4000000074575140,http://www.ordnancesurvey.co.uk/xml/codelists/localtype.xml#village,West Lindsey,http://data.ordnancesurvey.co.uk/id/7000000000043527,http://data.ordnancesurvey.co.uk/ontology/admingeo/District,Lincolnshire,http://data.ordnancesurvey.co.uk/id/7000000000005942,http://data.ordnancesurvey.co.uk/ontology/admingeo/County,East Midlands,http://data.ordnancesurvey.co.uk/id/7000000000041423,England,http://data.ordnancesurvey.co.uk/id/country/england,,,
DN214ND,http://data.ordnancesurvey.co.uk/id/postcodeunit/DN214ND,DN21 4ND,,,,other,Postcode,493645,398733,3500,18000,,,,,,,Kirton in Lindsey,http://data.ordnancesurvey.co.uk/id/4000000074574884,http://www.ordnancesurvey.co.uk/xml/codelists/localtype.xml#town,,,,North Lincolnshire,http://data.ordnancesurvey.co.uk/id/7000000000025623,http://data.ordnancesurvey.co.uk/ontology/admingeo/UnitaryAuthority,Yorkshire and the Humber,http://data.ordnancesurvey.co.uk/id/7000000000041430,England,http://data.ordnancesurvey.co.uk/id/country/england,,,
LN12YY,http://data.ordnancesurvey.co.uk/id/postcodeunit/LN12YY,LN1 2YY,,,,other,Postcode,494831,382890,3500,18000,,,,,,,Ingham,http://data.ordnancesurvey.co.uk/id/4000000074574875,http://www.ordnancesurvey.co.uk/xml/codelists/localtype.xml#village,West Lindsey,http://data.ordnancesurvey.co.uk/id/7000000000043527,http://data.ordnancesurvey.co.uk/ontology/admingeo/District,Lincolnshire,http://data.ordnancesurvey.co.uk/id/7000000000005942,http://data.ordnancesurvey.co.uk/ontology/admingeo/County,East Midlands,http://data.ordnancesurvey.co.uk/id/7000000000041423,England,http://data.ordnancesurvey.co.uk/id/country/england,,,
LN12DF,http://data.ordnancesurvey.co.uk/id/postcodeunit/LN12DF,LN1 2DF,,,,other,Postcode,488283,382061,3500,18000,,,,,,,Stow,http://data.ordnancesurvey.co.uk/id/4000000074574878,http://www.ordnancesurvey.co.uk/xml/codelists/localtype.xml#village,West Lindsey,http://data.ordnancesurvey.co.uk/id/7000000000043527,http://data.ordnancesurvey.co.uk/ontology/admingeo/District,Lincolnshire,http://data.ordnancesurvey.co.uk/id/7000000000005942,http://data.ordnancesurvey.co.uk/ontology/admingeo/County,East Midlands,http://data.ordnancesurvey.co.uk/id/7000000000041423,England,http://data.ordnancesurvey.co.uk/id/country/england,,,
DN215BT,http://data.ordnancesurvey.co.uk/id/postcodeunit/DN215BT,DN21 5BT,,,,other,Postcode,495392,385827,3500,18000,,,,,,,Fillingham,http://data.ordnancesurvey.co.uk/id/4000000074574877,http://www.ordnancesurvey.co.uk/xml/codelists/localtype.xml#village,West Lindsey,http://data.ordnancesurvey.co.uk/id/7000000000043527,http://data.ordnancesurvey.co.uk/ontology/admingeo/District,Lincolnshire,http://data.ordnancesurvey.co.uk/id/7000000000005942,http://data.ordnancesurvey.co.uk/ontology/admingeo/County,East Midlands,http://data.ordnancesurvey.co.uk/id/7000000000041423,England,http://data.ordnancesurvey.co.uk/id/country/england,,,
DN211GE,http://data.ordnancesurvey.co.uk/id/postcodeunit/DN211GE,DN21 1GE,,,,other,Postcode,482392,390402,3500,18000,,,,,,,Gainsborough,http://data.ordnancesurvey.co.uk/id/4000000074575425,http://www.ordnancesurvey.co.uk/xml/codelists/localtype.xml#town,West Lindsey,http://data.ordnancesurvey.co.uk/id/7000000000043527,http://data.ordnancesurvey.co.uk/ontology/admingeo/District,Lincolnshire,http://data.ordnancesurvey.co.uk/id/7000000000005942,http://data.ordnancesurvey.co.uk/ontology/admingeo/County,East Midlands,http://data.ordnancesurvey.co.uk/id/7000000000041423,England,http://data.ordnancesurvey.co.uk/id/country/england,,,
DN211ZJ,http://data.ordnancesurvey.co.uk/id/postcodeunit/DN211ZJ,DN21 1ZJ,,,,other,Postcode,482589,388963,3500,18000,,,,,,,Gainsborough,http://data.ordnancesurvey.co.uk/id/4000000074575425,http://www.ordnancesurvey.co.uk/xml/codelists/localtype.xml#town,West Lindsey,http://data.ordnancesurvey.co.uk/id/7000000000043527,http://data.ordnancesurvey.co.uk/ontology/admingeo/District,Lincolnshire,http://data.ordnancesurvey.co.uk/id/7000000000005942,http://data.ordnancesurvey.co.uk/ontology/admingeo/County,East Midlands,http://data.ordnancesurvey.co.uk/id/7000000000041423,England,http://data.ordnancesurvey.co.uk/id/country/england,,,
DN211SJ,http://data.ordnancesurvey.co.uk/id/postcodeunit/DN211SJ,DN21 1SJ,,,,other,Postcode,482425,389793,3500,18000,,,,,,,Gainsborough,http://data.ordnancesurvey.co.uk/id/4000000074575425,http://www.ordnancesurvey.co.uk/xml/codelists/localtype.xml#town,West Lindsey,http://data.ordnancesurvey.co.uk/id/7000000000043527,http://data.ordnancesurvey.co.uk/ontology/admingeo/District,Lincolnshire,http://data.ordnancesurvey.co.uk/id/7000000000005942,http://data.ordnancesurvey.co.uk/ontology/admingeo/County,East Midlands,http://data.ordnancesurvey.co.uk/id/7000000000041423,England,http://data.ordnancesurvey.co.uk/id/country/england,,,
DN212HU,http://data.ordnancesurvey.co.uk/id/postcodeunit/DN212HU,DN21 2HU,,,,other,Postcode,481490,390232,3500,18000,,,,,,,Gainsborough,http://data.ordnancesurvey.co.uk/id/4000000074575425,http://www.ordnancesurvey.co.uk/xml/codelists/localtype.xml#town,West Lindsey,http://data.ordnancesurvey.co.uk/id/7000000000043527,http://data.ordnancesurvey.co.uk/ontology/admingeo/District,Lincolnshire,http://data.ordnancesurvey.co.uk/id/7000000000005942,http://data.ordnancesurvey.co.uk/ontology/admingeo/County,East Midlands,http://data.ordnancesurvey.co.uk/id/7000000000041423,England,http://data.ordnancesurvey.co.uk/id/country/england,,,
DN215QY,http://data.ordnancesurvey.co.uk/id/postcodeunit/DN215QY,DN21 5QY,,,,other,Postcode,487148,391658,3500,18000,,,,,,,Corringham,http://data.ordnancesurvey.co.uk/id/4000000074575143,http://www.ordnancesurvey.co.uk/xml/codelists/localtype.xml#village,West Lindsey,http://data.ordnancesurvey.co.uk/id/7000000000043527,http://data.ordnancesurvey.co.uk/ontology/admingeo/District,Lincolnshire,http://data.ordnancesurvey.co.uk/id/7000000000005942,http://data.ordnancesurvey.co.uk/ontology/admingeo/County,East Midlands,http://data.ordnancesurvey.co.uk/id/7000000000041423,England,http://data.ordnancesurvey.co.uk/id/country/england,,,
DN211HZ,http://data.ordnancesurvey.co.uk/id/postcodeunit/DN211HZ,DN21 1HZ,,,,other,Postcode,481644,389449,3500,18000,,,,,,,Gainsborough,http://data.ordnancesurvey.co.uk/id/4000000074575425,http://www.ordnancesurvey.co.uk/xml/codelists/localtype.xml#town,West Lindsey,http://data.ordnancesurvey.co.uk/id/7000000000043527,http://data.ordnancesurvey.co.uk/ontology/admingeo/District,Lincolnshire,http://data.ordnancesurvey.co.uk/id/7000000000005942,http://data.ordnancesurvey.co.uk/ontology/admingeo/County,East Midlands,http://data.ordnancesurvey.co.uk/id/7000000000041423,England,http://data.ordnancesurvey.co.uk/id/country/england,,,
DN214PR,http://data.ordnancesurvey.co.uk/id/postcodeunit/DN214PR,DN21 4PR,,,,other,Postcode,493370,398513,3500,18000,,,,,,,Kirton in Lindsey,http://data.ordnancesurvey.co.uk/id/4000000074574884,http://www.ordnancesurvey.co.uk/xml/codelists/localtype.xml#town,,,,North Lincolnshire,http://data.ordnancesurvey.co.uk/id/7000000000025623,http://data.ordnancesurvey.co.uk/ontology/admingeo/UnitaryAuthority,Yorkshire and the Humber,http://data.ordnancesurvey.co.uk/id/7000000000041430,England,http://data.ordnancesurvey.co.uk/id/country/england,,,
DN213AG,http://data.ordnancesurvey.co.uk/id/postcodeunit/DN213AG,DN21 3AG,,,,other,Postcode,480763,391568,3500,18000,,,,,,,Gainsborough,http://data.ordnancesurvey.co.uk/id/4000000074575425,http://www.ordnancesurvey.co.uk/xml/codelists/localtype.xml#town,West Lindsey,http://data.ordnancesurvey.co.uk/id/7000000000043527,http://data.ordnancesurvey.co.uk/ontology/admingeo/District,Lincolnshire,http://data.ordnancesurvey.co.uk/id/7000000000005942,http://data.ordnancesurvey.co.uk/ontology/admingeo/County,East Midlands,http://data.ordnancesurvey.co.uk/id/7000000000041423,England,http://data.ordnancesurvey.co.uk/id/country/england,,,
DN215PR,http://data.ordnancesurvey.co.uk/id/postcodeunit/DN215PR,DN21 5PR,,,,other,Postcode,486096,388285,3500,18000,,,,,,,,,,West Lindsey,http://data.ordnancesurvey.co.uk/id/7000000000043527,http://data.ordnancesurvey.co.uk/ontology/admingeo/District,Lincolnshire,http://data.ordnancesurvey.co.uk/id/7000000000005942,http://data.ordnancesurvey.co.uk/ontology/admingeo/County,East Midlands,http://data.ordnancesurvey.co.uk/id/7000000000041423,England,http://data.ordnancesurvey.co.uk/id/country/england,,,
DN211BQ,http://data.ordnancesurvey.co.uk/id/postcodeunit/DN211BQ,DN21 1BQ,,,,other,Postcode,481849,389330,3500,18000,,,,,,,Gainsborough,http://data.ordnancesurvey.co.uk/id/4000000074575425,http://www.ordnancesurvey.co.uk/xml/codelists/localtype.xml#town,West Lindsey,http://data.ordnancesurvey.co.uk/id/7000000000043527,http://data.ordnancesurvey.co.uk/ontology/admingeo/District,Lincolnshire,http://data.ordnancesurvey.co.uk/id/7000000000005942,http://data.ordnancesurvey.co.uk/ontology/admingeo/County,East Midlands,http://data.ordnancesurvey.co.uk/id/7000000000041423,England,http://data.ordnancesurvey.co.uk/id/country/england,,,
DN91BQ,http://data.ordnancesurvey.co.uk/id/postcodeunit/DN91BQ,DN9 1BQ,,,,other,Postcode,480633,396902,3500,18000,,,,,,,Gunthorpe,http://data.ordnancesurvey.co.uk/id/4000000074576001,http://www.ordnancesurvey.co.uk/xml/codelists/localtype.xml#village,,,,North Lincolnshire,http://data.ordnancesurvey.co.uk/id/7000000000025623,http://data.ordnancesurvey.co.uk/ontology/admingeo/UnitaryAuthority,Yorkshire and the Humber,http://data.ordnancesurvey.co.uk/id/7000000000041430,England,http://data.ordnancesurvey.co.uk/id/country/england,,,
LN12AG,http://data.ordnancesurvey.co.uk/id/postcodeunit/LN12AG,LN1 2AG,,,,other,Postcode,489117,380497,3500,18000,,,,,,,Sturton by Stow,http://data.ordnancesurvey.co.uk/id/4000000074574600,http://www.ordnancesurvey.co.uk/xml/codelists/localtype.xml#village,West Lindsey,http://data.ordnancesurvey.co.uk/id/7000000000043527,http://data.ordnancesurvey.co.uk/ontology/admingeo/District,Lincolnshire,http://data.ordnancesurvey.co.uk/id/7000000000005942,http://data.ordnancesurvey.co.uk/ontology/admingeo/County,East Midlands,http://data.ordnancesurvey.co.uk/id/7000000000041423,England,http://data.ordnancesurvey.co.uk/id/country/england,,,
DN213NN,http://data.ordnancesurvey.co.uk/id/postcodeunit/DN213NN,DN21 3NN,,,,other,Postcode,484873,394473,3500,18000,,,,,,,Blyton,http://data.ordnancesurvey.co.uk/id/4000000074575429,http://www.ordnancesurvey.co.uk/xml/codelists/localtype.xml#village,West Lindsey,http://data.ordnancesurvey.co.uk/id/7000000000043527,http://data.ordnancesurvey.co.uk/ontology/admingeo/District,Lincolnshire,http://data.ordnancesurvey.co.uk/id/7000000000005942,http://data.ordnancesurvey.co.uk/ontology/admingeo/County,East Midlands,http://data.ordnancesurvey.co.uk/id/7000000000041423,England,http://data.ordnancesurvey.co.uk/id/country/england,,,
LN12UY,http://data.ordnancesurvey.co.uk/id/postcodeunit/LN12UY,LN1 2UY,,,,other,Postcode,494705,383678,3500,18000,,,,,,,Ingham,http://data.ordnancesurvey.co.uk/id/4000000074574875,http://www.ordnancesurvey.co.uk/xml/codelists/localtype.xml#village,West Lindsey,http://data.ordnancesurvey.co.uk/id/7000000000043527,http://data.ordnancesurvey.co.uk/ontology/admingeo/District,Lincolnshire,http://data.ordnancesurvey.co.uk/id/7000000000005942,http://data.ordnancesurvey.co.uk/ontology/admingeo/County,East Midlands,http://data.ordnancesurvey.co.uk/id/7000000000041423,England,http://data.ordnancesurvey.co.uk/id/country/england,,,
DN215HR,http://data.ordnancesurvey.co.uk/id/postcodeunit/DN215HR,DN21 5HR,,,,other,Postcode,482744,386933,3500,18000,,,,,,,Lea,http://data.ordnancesurvey.co.uk/id/4000000074578253,http://www.ordnancesurvey.co.uk/xml/codelists/localtype.xml#village,West Lindsey,http://data.ordnancesurvey.co.uk/id/7000000000043527,http://data.ordnancesurvey.co.uk/ontology/admingeo/District,Lincolnshire,http://data.ordnancesurvey.co.uk/id/7000000000005942,http://data.ordnancesurvey.co.uk/ontology/admingeo/County,East Midlands,http://data.ordnancesurvey.co.uk/id/7000000000041423,England,http://data.ordnancesurvey.co.uk/id/country/england,,,
DN211TJ,http://data.ordnancesurvey.co.uk/id/postcodeunit/DN211TJ,DN21 1TJ,,,,other,Postcode,482526,389945,3500,18000,,,,,,,Gainsborough,http://data.ordnancesurvey.co.uk/id/4000000074575425,http://www.ordnancesurvey.co.uk/xml/codelists/localtype.xml#town,West Lindsey,http://data.ordnancesurvey.co.uk/id/7000000000043527,http://data.ordnancesurvey.co.uk/ontology/admingeo/District,Lincolnshire,http://data.ordnancesurvey.co.uk/id/7000000000005942,http://data.ordnancesurvey.co.uk/ontology/admingeo/County,East Midlands,http://data.ordnancesurvey.co.uk/id/7000000000041423,England,http://data.ordnancesurvey.co.uk/id/country/england,,,
DN214LU,http://data.ordnancesurvey.co.uk/id/postcodeunit/DN214LU,DN21 4LU,,,,other,Postcode,493831,398684,3500,18000,,,,,,,Kirton in Lindsey,http://data.ordnancesurvey.co.uk/id/4000000074574884,http://www.ordnancesurvey.co.uk/xml/codelists/localtype.xml#town,,,,North Lincolnshire,http://data.ordnancesurvey.co.uk/id/7000000000025623,http://data.ordnancesurvey.co.uk/ontology/admingeo/UnitaryAuthority,Yorkshire and the Humber,http://data.ordnancesurvey.co.uk/id/7000000000041430,England,http://data.ordnancesurvey.co.uk/id/country/england,,,
DN213PX,http://data.ordnancesurvey.co.uk/id/postcodeunit/DN213PX,DN21 3PX,,,,other,Postcode,486303,397891,3500,18000,,,,,,,,,,West Lindsey,http://data.ordnancesurvey.co.uk/id/7000000000043527,http://data.ordnancesurvey.co.uk/ontology/admingeo/District,Lincolnshire,http://data.ordnancesurvey.co.uk/id/7000000000005942,http://data.ordnancesurvey.co.uk/ontology/admingeo/County,East Midlands,http://data.ordnancesurvey.co.uk/id/7000000000041423,England,http://data.ordnancesurvey.co.uk/id/country/england,,,
DN213LT,http://data.ordnancesurvey.co.uk/id/postcodeunit/DN213LT,DN21 3LT,,,,other,Postcode,485800,395327,3500,18000,,,,,,,Blyton,http://data.ordnancesurvey.co.uk/id/4000000074575429,http://www.ordnancesurvey.co.uk/xml/codelists/localtype.xml#village,West Lindsey,http://data.ordnancesurvey.co.uk/id/7000000000043527,http://data.ordnancesurvey.co.uk/ontology/admingeo/District,Lincolnshire,http://data.ordnancesurvey.co.uk/id/7000000000005942,http://data.ordnancesurvey.co.uk/ontology/admingeo/County,East Midlands,http://data.ordnancesurvey.co.uk/id/7000000000041423,England,http://data.ordnancesurvey.co.uk/id/country/england,,,
DN215AB,http://data.ordnancesurvey.co.uk/id/postcodeunit/DN215AB,DN21 5AB,,,,other,Postcode,483844,382050,3500,18000,,,,,,,Marton,http://data.ordnancesurvey.co.uk/id/4000000074577537,http://www.ordnancesurvey.co.uk/xml/codelists/localtype.xml#village,West Lindsey,http://data.ordnancesurvey.co.uk/id/7000000000043527,http://data.ordnancesurvey.co.uk/ontology/admingeo/District,Lincolnshire,http://data.ordnancesurvey.co.uk/id/7000000000005942,http://data.ordnancesurvey.co.uk/ontology/admingeo/County,East Midlands,http://data.ordnancesurvey.co.uk/id/7000000000041423,England,http://data.ordnancesurvey.co.uk/id/country/england,,,
DN215XQ,http://data.ordnancesurvey.co.uk/id/postcodeunit/DN215XQ,DN21 5XQ,,,,other,Postcode,495213,389922,3500,18000,,,,,,,Hemswell Cliff,http://data.ordnancesurvey.co.uk/id/4000000074574338,http://www.ordnancesurvey.co.uk/xml/codelists/localtype.xml#village,West Lindsey,http://data.ordnancesurvey.co.uk/id/7000000000043527,http://data.ordnancesurvey.co.uk/ontology/admingeo/District,Lincolnshire,http://data.ordnancesurvey.co.uk/id/7000000000005942,http://data.ordnancesurvey.co.uk/ontology/admingeo/County,East Midlands,http://data.ordnancesurvey.co.uk/id/7000000000041423,England,http://data.ordnancesurvey.co.uk/id/country/england,,,
DN214LX,http://data.ordnancesurvey.co.uk/id/postcodeunit/DN214LX,DN21 4LX,,,,other,Postcode,493734,398630,3500,18000,,,,,,,Kirton in Lindsey,http://data.ordnancesurvey.co.uk/id/4000000074574884,http://www.ordnancesurvey.co.uk/xml/codelists/localtype.xml#town,,,,North Lincolnshire,http://data.ordnancesurvey.co.uk/id/7000000000025623,http://data.ordnancesurvey.co.uk/ontology/admingeo/UnitaryAuthority,Yorkshire and the Humber,http://data.ordnancesurvey.co.uk/id/7000000000041430,England,http://data.ordnancesurvey.co.uk/id/country/england,,,
DN211YD,http://data.ordnancesurvey.co.uk/id/postcodeunit/DN211YD,DN21 1YD,,,,other,Postcode,482346,390716,3500,18000,,,,,,,Gainsborough,http://data.ordnancesurvey.co.uk/id/4000000074575425,http://www.ordnancesurvey.co.uk/xml/codelists/localtype.xml#town,West Lindsey,http://data.ordnancesurvey.co.uk/id/7000000000043527,http://data.ordnancesurvey.co.uk/ontology/admingeo/District,Lincolnshire,http://data.ordnancesurvey.co.uk/id/7000000000005942,http://data.ordnancesurvey.co.uk/ontology/admingeo/County,East Midlands,http://data.ordnancesurvey.co.uk/id/7000000000041423,England,http://data.ordnancesurvey.co.uk/id/country/england,,,
DN214UL,http://data.ordnancesurvey.co.uk/id/postcodeunit/DN214UL,DN21 4UL,,,,other,Postcode,499978,394950,3500,18000,,,,,,,,,,West Lindsey,http://data.ordnancesurvey.co.uk/id/7000000000043527,http://data.ordnancesurvey.co.uk/ontology/admingeo/District,Lincolnshire,http://data.ordnancesurvey.co.uk/id/7000000000005942,http://data.ordnancesurvey.co.uk/ontology/admingeo/County,East Midlands,http://data.ordnancesurvey.co.uk/id/7000000000041423,England,http://data.ordnancesurvey.co.uk/id/country/england,,,
DN212NA,http://data.ordnancesurvey.co.uk/id/postcodeunit/DN212NA,DN21 2NA,,,,other,Postcode,481705,389816,3500,18000,,,,,,,Gainsborough,http://data.ordnancesurvey.co.uk/id/4000000074575425,http://www.ordnancesurvey.co.uk/xml/codelists/localtype.xml#town,West Lindsey,http://data.ordnancesurvey.co.uk/id/7000000000043527,http://data.ordnancesurvey.co.uk/ontology/admingeo/District,Lincolnshire,http://data.ordnancesurvey.co.uk/id/7000000000005942,http://data.ordnancesurvey.co.uk/ontology/admingeo/County,East Midlands,http://data.ordnancesurvey.co.uk/id/7000000000041423,England,http://data.ordnancesurvey.co.uk/id/country/england,,,
DN211TY,http://data.ordnancesurvey.co.uk/id/postcodeunit/DN211TY,DN21 1TY,,,,other,Postcode,482370,389649,3500,18000,,,,,,,Gainsborough,http://data.ordnancesurvey.co.uk/id/4000000074575425,http://www.ordnancesurvey.co.uk/xml/codelists/localtype.xml#town,West Lindsey,http://data.ordnancesurvey.co.uk/id/7000000000043527,http://data.ordnancesurvey.co.uk/ontology/admingeo/District,Lincolnshire,http://data.ordnancesurvey.co.uk/id/7000000000005942,http://data.ordnancesurvey.co.uk/ontology/admingeo/County,East Midlands,http://data.ordnancesurvey.co.uk/id/7000000000041423,England,http://data.ordnancesurvey.co.uk/id/country/england,,,
DN212TZ,http://data.ordnancesurvey.co.uk/id/postcodeunit/DN212TZ,DN21 2TZ,,,,other,Postcode,480763,391036,3500,18000,,,,,,,Gainsborough,http://data.ordnancesurvey.co.uk/id/4000000074575425,http://www.ordnancesurvey.co.uk/xml/codelists/localtype.xml#town,West Lindsey,http://data.ordnancesurvey.co.uk/id/7000000000043527,http://data.ordnancesurvey.co.uk/ontology/admingeo/District,Lincolnshire,http://data.ordnancesurvey.co.uk/id/7000000000005942,http://data.ordnancesurvey.co.uk/ontology/admingeo/County,East Midlands,http://data.ordnancesurvey.co.uk/id/7000000000041423,England,http://data.ordnancesurvey.co.uk/id/country/england,,,
DN215NW,http://data.ordnancesurvey.co.uk/id/postcodeunit/DN215NW,DN21 5NW,,,,other,Postcode,486930,387012,3500,18000,,,,,,,Upton,http://data.ordnancesurvey.co.uk/id/4000000074578003,http://www.ordnancesurvey.co.uk/xml/codelists/localtype.xml#village,West Lindsey,http://data.ordnancesurvey.co.uk/id/7000000000043527,http://data.ordnancesurvey.co.uk/ontology/admingeo/District,Lincolnshire,http://data.ordnancesurvey.co.uk/id/7000000000005942,http://data.ordnancesurvey.co.uk/ontology/admingeo/County,East Midlands,http://data.ordnancesurvey.co.uk/id/7000000000041423,England,http://data.ordnancesurvey.co.uk/id/country/england,,,
DN215QR,http://data.ordnancesurvey.co.uk/id/postcodeunit/DN215QR,DN21 5QR,,,,other,Postcode,487058,391113,3500,18000,,,,,,,Corringham,http://data.ordnancesurvey.co.uk/id/4000000074575143,http://www.ordnancesurvey.co.uk/xml/codelists/localtype.xml#village,West Lindsey,http://data.ordnancesurvey.co.uk/id/7000000000043527,http://data.ordnancesurvey.co.uk/ontology/admingeo/District,Lincolnshire,http://data.ordnancesurvey.co.uk/id/7000000000005942,http://data.ordnancesurvey.co.uk/ontology/admingeo/County,East Midlands,http://data.ordnancesurvey.co.uk/id/7000000000041423,England,http://data.ordnancesurvey.co.uk/id/country/england,,,
DN213NY,http://data.ordnancesurvey.co.uk/id/postcodeunit/DN213NY,DN21 3NY,,,,other,Postcode,486516,393981,3500,18000,,,,,,,Pilham,http://data.ordnancesurvey.co.uk/id/4000000074575428,http://www.ordnancesurvey.co.uk/xml/codelists/localtype.xml#hamlet,West Lindsey,http://data.ordnancesurvey.co.uk/id/7000000000043527,http://data.ordnancesurvey.co.uk/ontology/admingeo/District,Lincolnshire,http://data.ordnancesurvey.co.uk/id/7000000000005942,http://data.ordnancesurvey.co.uk/ontology/admingeo/County,East Midlands,http://data.ordnancesurvey.co.uk/id/7000000000041423,England,http://data.ordnancesurvey.co.uk/id/country/england,,,
DN214AQ,http://data.ordnancesurvey.co.uk/id/postcodeunit/DN214AQ,DN21 4AQ,,,,other,Postcode,489576,396888,3500,18000,,,,,,,Northorpe,http://data.ordnancesurvey.co.uk/id/4000000074574885,http://www.ordnancesurvey.co.uk/xml/codelists/localtype.xml#village,West Lindsey,http://data.ordnancesurvey.co.uk/id/7000000000043527,http://data.ordnancesurvey.co.uk/ontology/admingeo/District,Lincolnshire,http://data.ordnancesurvey.co.uk/id/7000000000005942,http://data.ordnancesurvey.co.uk/ontology/admingeo/County,East Midlands,http://data.ordnancesurvey.co.uk/id/7000000000041423,England,http://data.ordnancesurvey.co.uk/id/country/england,,,
DN211FG,http://data.ordnancesurvey.co.uk/id/postcodeunit/DN211FG,DN21 1FG,,,,other,Postcode,482508,390537,3500,18000,,,,,,,Gainsborough,http://data.ordnancesurvey.co.uk/id/4000000074575425,http://www.ordnancesurvey.co.uk/xml/codelists/localtype.xml#town,West Lindsey,http://data.ordnancesurvey.co.uk/id/7000000000043527,http://data.ordnancesurvey.co.uk/ontology/admingeo/District,Lincolnshire,http://data.ordnancesurvey.co.uk/id/7000000000005942,http://data.ordnancesurvey.co.uk/ontology/admingeo/County,East Midlands,http://data.ordnancesurvey.co.uk/id/7000000000041423,England,http://data.ordnancesurvey.co.uk/id/country/england,,,
DN214AE,http://data.ordnancesurvey.co.uk/id/postcodeunit/DN214AE,DN21 4AE,,,,other,Postcode,489620,397202,3500,18000,,,,,,,Northorpe,http://data.ordnancesurvey.co.uk/id/4000000074574885,http://www.ordnancesurvey.co.uk/xml/codelists/localtype.xml#village,West Lindsey,http://data.ordnancesurvey.co.uk/id/7000000000043527,http://data.ordnancesurvey.co.uk/ontology/admingeo/District,Lincolnshire,http://data.ordnancesurvey.co.uk/id/7000000000005942,http://data.ordnancesurvey.co.uk/ontology/admingeo/County,East Midlands,http://data.ordnancesurvey.co.uk/id/7000000000041423,England,http://data.ordnancesurvey.co.uk/id/country/england,,,
LN12XJ,http://data.ordnancesurvey.co.uk/id/postcodeunit/LN12XJ,LN1 2XJ,,,,other,Postcode,494855,383408,3500,18000,,,,,,,Ingham,http://data.ordnancesurvey.co.uk/id/4000000074574875,http://www.ordnancesurvey.co.uk/xml/codelists/localtype.xml#village,West Lindsey,http://data.ordnancesurvey.co.uk/id/7000000000043527,http://data.ordnancesurvey.co.uk/ontology/admingeo/District,Lincolnshire,http://data.ordnancesurvey.co.uk/id/7000000000005942,http://data.ordnancesurvey.co.uk/ontology/admingeo/County,East Midlands,http://data.ordnancesurvey.co.uk/id/7000000000041423,England,http://data.ordnancesurvey.co.uk/id/country/england,,,
DN211NS,http://data.ordnancesurvey.co.uk/id/postcodeunit/DN211NS,DN21 1NS,,,,other,Postcode,481882,390989,3500,18000,,,,,,,Gainsborough,http://data.ordnancesurvey.co.uk/id/4000000074575425,http://www.ordnancesurvey.co.uk/xml/codelists/localtype.xml#town,West Lindsey,http://data.ordnancesurvey.co.uk/id/7000000000043527,http://data.ordnancesurvey.co.uk/ontology/admingeo/District,Lincolnshire,http://data.ordnancesurvey.co.uk/id/7000000000005942,http://data.ordnancesurvey.co.uk/ontology/admingeo/County,East Midlands,http://data.ordnancesurvey.co.uk/id/7000000000041423,England,http://data.ordnancesurvey.co.uk/id/country/england,,,
DN212TD,http://data.ordnancesurvey.co.uk/id/postcodeunit/DN212TD,DN21 2TD,,,,other,Postcode,480726,391327,3500,18000,,,,,,,Gainsborough,http://data.ordnancesurvey.co.uk/id/4000000074575425,http://www.ordnancesurvey.co.uk/xml/codelists/localtype.xml#town,West Lindsey,http://data.ordnancesurvey.co.uk/id/7000000000043527,http://data.ordnancesurvey.co.uk/ontology/admingeo/District,Lincolnshire,http://data.ordnancesurvey.co.uk/id/7000000000005942,http://data.ordnancesurvey.co.uk/ontology/admingeo/County,East Midlands,http://data.ordnancesurvey.co.uk/id/7000000000041423,England,http://data.ordnancesurvey.co.uk/id/country/england,,,
DN215UD,http://data.ordnancesurvey.co.uk/id/postcodeunit/DN215UD,DN21 5UD,,,,other,Postcode,495649,389140,3500,18000,,,,,,,,,,West Lindsey,http://data.ordnancesurvey.co.uk/id/7000000000043527,http://data.ordnancesurvey.co.uk/ontology/admingeo/District,Lincolnshire,http://data.ordnancesurvey.co.uk/id/7000000000005942,http://data.ordnancesurvey.co.uk/ontology/admingeo/County,East Midlands,http://data.ordnancesurvey.co.uk/id/7000000000041423,England,http://data.ordnancesurvey.co.uk/id/country/england,,,
DN211LR,http://data.ordnancesurvey.co.uk/id/postcodeunit/DN211LR,DN21 1LR,,,,other,Postcode,481513,389317,3500,18000,,,,,,,Gainsborough,http://data.ordnancesurvey.co.uk/id/4000000074575425,http://www.ordnancesurvey.co.uk/xml/codelists/localtype.xml#town,West Lindsey,http://data.ordnancesurvey.co.uk/id/7000000000043527,http://data.ordnancesurvey.co.uk/ontology/admingeo/District,Lincolnshire,http://data.ordnancesurvey.co.uk/id/7000000000005942,http://data.ordnancesurvey.co.uk/ontology/admingeo/County,East Midlands,http://data.ordnancesurvey.co.uk/id/7000000000041423,England,http://data.ordnancesurvey.co.uk/id/country/england,,,
DN212EH,http://data.ordnancesurvey.co.uk/id/postcodeunit/DN212EH,DN21 2EH,,,,other,Postcode,481846,389856,3500,18000,,,,,,,Gainsborough,http://data.ordnancesurvey.co.uk/id/4000000074575425,http://www.ordnancesurvey.co.uk/xml/codelists/localtype.xml#town,West Lindsey,http://data.ordnancesurvey.co.uk/id/7000000000043527,http://data.ordnancesurvey.co.uk/ontology/admingeo/District,Lincolnshire,http://data.ordnancesurvey.co.uk/id/7000000000005942,http://data.ordnancesurvey.co.uk/ontology/admingeo/County,East Midlands,http://data.ordnancesurvey.co.uk/id/7000000000041423,England,http://data.ordnancesurvey.co.uk/id/country/england,,,
DN215UQ,http://data.ordnancesurvey.co.uk/id/postcodeunit/DN215UQ,DN21 5UQ,,,,other,Postcode,492995,390936,3500,18000,,,,,,,Hemswell,http://data.ordnancesurvey.co.uk/id/4000000074574603,http://www.ordnancesurvey.co.uk/xml/codelists/localtype.xml#village,West Lindsey,http://data.ordnancesurvey.co.uk/id/7000000000043527,http://data.ordnancesurvey.co.uk/ontology/admingeo/District,Lincolnshire,http://data.ordnancesurvey.co.uk/id/7000000000005942,http://data.ordnancesurvey.co.uk/ontology/admingeo/County,East Midlands,http://data.ordnancesurvey.co.uk/id/7000000000041423,England,http://data.ordnancesurvey.co.uk/id/country/england,,,
LN12DU,http://data.ordnancesurvey.co.uk/id/postcodeunit/LN12DU,LN1 2DU,,,,other,Postcode,489154,380418,3500,18000,,,,,,,Sturton by Stow,http://data.ordnancesurvey.co.uk/id/4000000074574600,http://www.ordnancesurvey.co.uk/xml/codelists/localtype.xml#village,West Lindsey,http://data.ordnancesurvey.co.uk/id/7000000000043527,http://data.ordnancesurvey.co.uk/ontology/admingeo/District,Lincolnshire,http://data.ordnancesurvey.co.uk/id/7000000000005942,http://data.ordnancesurvey.co.uk/ontology/admingeo/County,East Midlands,http://data.ordnancesurvey.co.uk/id/7000000000041423,England,http://data.ordnancesurvey.co.uk/id/country/england,,,
DN215UA,http://data.ordnancesurvey.co.uk/id/postcodeunit/DN215UA,DN21 5UA,,,,other,Postcode,495647,389516,3500,18000,,,,,,,Hemswell Cliff,http://data.ordnancesurvey.co.uk/id/4000000074574338,http://www.ordnancesurvey.co.uk/xml/codelists/localtype.xml#village,West Lindsey,http://data.ordnancesurvey.co.uk/id/7000000000043527,http://data.ordnancesurvey.co.uk/ontology/admingeo/District,Lincolnshire,http://data.ordnancesurvey.co.uk/id/7000000000005942,http://data.ordnancesurvey.co.uk/ontology/admingeo/County,East Midlands,http://data.ordnancesurvey.co.uk/id/7000000000041423,England,http://data.ordnancesurvey.co.uk/id/country/england,,,
LN12FP,http://data.ordnancesurvey.co.uk/id/postcodeunit/LN12FP,LN1 2FP,,,,other,Postcode,494938,383289,3500,18000,,,,,,,Ingham,http://data.ordnancesurvey.co.uk/id/4000000074574875,http://www.ordnancesurvey.co.uk/xml/codelists/localtype.xml#village,West Lindsey,http://data.ordnancesurvey.co.uk/id/7000000000043527,http://data.ordnancesurvey.co.uk/ontology/admingeo/District,Lincolnshire,http://data.ordnancesurvey.co.uk/id/7000000000005942,http://data.ordnancesurvey.co.uk/ontology/admingeo/County,East Midlands,http://data.ordnancesurvey.co.uk/id/7000000000041423,England,http://data.ordnancesurvey.co.uk/id/country/england,,,
DN213FH,http://data.ordnancesurvey.co.uk/id/postcodeunit/DN213FH,DN21 3FH,,,,other,Postcode,485395,394952,3500,18000,,,,,,,Blyton,http://data.ordnancesurvey.co.uk/id/4000000074575429,http://www.ordnancesurvey.co.uk/xml/codelists/localtype.xml#village,West Lindsey,http://data.ordnancesurvey.co.uk/id/7000000000043527,http://data.ordnancesurvey.co.uk/ontology/admingeo/District,Lincolnshire,http://data.ordnancesurvey.co.uk/id/7000000000005942,http://data.ordnancesurvey.co.uk/ontology/admingeo/County,East Midlands,http://data.ordnancesurvey.co.uk/id/7000000000041423,England,http://data.ordnancesurvey.co.uk/id/country/england,,,
DN213AS,http://data.ordnancesurvey.co.uk/id/postcodeunit/DN213AS,DN21 3AS,,,,other,Postcode,480933,391701,3500,18000,,,,,,,Gainsborough,http://data.ordnancesurvey.co.uk/id/4000000074575425,http://www.ordnancesurvey.co.uk/xml/codelists/localtype.xml#town,West Lindsey,http://data.ordnancesurvey.co.uk/id/7000000000043527,http://data.ordnancesurvey.co.uk/ontology/admingeo/District,Lincolnshire,http://data.ordnancesurvey.co.uk/id/7000000000005942,http://data.ordnancesurvey.co.uk/ontology/admingeo/County,East Midlands,http://data.ordnancesurvey.co.uk/id/7000000000041423,England,http://data.ordnancesurvey.co.uk/id/country/england,,,
DN212EU,http://data.ordnancesurvey.co.uk/id/postcodeunit/DN212EU,DN21 2EU,,,,other,Postcode,481459,389884,3500,18000,,,,,,,Gainsborough,http://data.ordnancesurvey.co.uk/id/4000000074575425,http://www.ordnancesurvey.co.uk/xml/codelists/localtype.xml#town,West Lindsey,http://data.ordnancesurvey.co.uk/id/7000000000043527,http://data.ordnancesurvey.co.uk/ontology/admingeo/District,Lincolnshire,http://data.ordnancesurvey.co.uk/id/7000000000005942,http://data.ordnancesurvey.co.uk/ontology/admingeo/County,East Midlands,http://data.ordnancesurvey.co.uk/id/7000000000041423,England,http://data.ordnancesurvey.co.uk/id/country/england,,,
DN211PT,http://data.ordnancesurvey.co.uk/id/postcodeunit/DN211PT,DN21 1PT,,,,other,Postcode,483077,389266,3500,18000,,,,,,,Gainsborough,http://data.ordnancesurvey.co.uk/id/4000000074575425,http://www.ordnancesurvey.co.uk/xml/codelists/localtype.xml#town,West Lindsey,http://data.ordnancesurvey.co.uk/id/7000000000043527,http://data.ordnancesurvey.co.uk/ontology/admingeo/District,Lincolnshire,http://data.ordnancesurvey.co.uk/id/7000000000005942,http://data.ordnancesurvey.co.uk/ontology/admingeo/County,East Midlands,http://data.ordnancesurvey.co.uk/id/7000000000041423,England,http://data.ordnancesurvey.co.uk/id/country/england,,,
DN211NG,http://data.ordnancesurvey.co.uk/id/postcodeunit/DN211NG,DN21 1NG,,,,other,Postcode,480505,390166,3500,18000,,,,,,,Gainsborough,http://data.ordnancesurvey.co.uk/id/4000000074575425,http://www.ordnancesurvey.co.uk/xml/codelists/localtype.xml#town,Bassetlaw,http://data.ordnancesurvey.co.uk/id/7000000000008122,http://data.ordnancesurvey.co.uk/ontology/admingeo/District,Nottinghamshire,http://data.ordnancesurvey.co.uk/id/7000000000008127,http://data.ordnancesurvey.co.uk/ontology/admingeo/County,East Midlands,http://data.ordnancesurvey.co.uk/id/7000000000041423,England,http://data.ordnancesurvey.co.uk/id/country/england,,,
LN82HB,http://data.ordnancesurvey.co.uk/id/postcodeunit/LN82HB,LN8 2HB,,,,other,Postcode,499997,387854,3500,18000,,,,,,,Normanby-by-Spital,http://data.ordnancesurvey.co.uk/id/4000000074550240,http://www.ordnancesurvey.co.uk/xml/codelists/localtype.xml#village,West Lindsey,http://data.ordnancesurvey.co.uk/id/7000000000043527,http://data.ordnancesurvey.co.uk/ontology/admingeo/District,Lincolnshire,http://data.ordnancesurvey.co.uk/id/7000000000005942,http://data.ordnancesurvey.co.uk/ontology/admingeo/County,East Midlands,http://data.ordnancesurvey.co.uk/id/7000000000041423,England,http://data.ordnancesurvey.co.uk/id/country/england,,,
DN214UN,http://data.ordnancesurvey.co.uk/id/postcodeunit/DN214UN,DN21 4UN,,,,other,Postcode,499985,395236,3500,18000,,,,,,,,,,West Lindsey,http://data.ordnancesurvey.co.uk/id/7000000000043527,http://data.ordnancesurvey.co.uk/ontology/admingeo/District,Lincolnshire,http://data.ordnancesurvey.co.uk/id/7000000000005942,http://data.ordnancesurvey.co.uk/ontology/admingeo/County,East Midlands,http://data.ordnancesurvey.co.uk/id/7000000000041423,England,http://data.ordnancesurvey.co.uk/id/country/england,,,
DN215XJ,http://data.ordnancesurvey.co.uk/id/postcodeunit/DN215XJ,DN21 5XJ,,,,other,Postcode,495189,389694,3500,18000,,,,,,,Hemswell Cliff,http://data.ordnancesurvey.co.uk/id/4000000074574338,http://www.ordnancesurvey.co.uk/xml/codelists/localtype.xml#village,West Lindsey,http://data.ordnancesurvey.co.uk/id/7000000000043527,http://data.ordnancesurvey.co.uk/ontology/admingeo/District,Lincolnshire,http://data.ordnancesurvey.co.uk/id/7000000000005942,http://data.ordnancesurvey.co.uk/ontology/admingeo/County,East Midlands,http://data.ordnancesurvey.co.uk/id/7000000000041423,England,http://data.ordnancesurvey.co.uk/id/country/england,,,
DN212HJ,http://data.ordnancesurvey.co.uk/id/postcodeunit/DN212HJ,DN21 2HJ,,,,other,Postcode,481794,390164,3500,18000,,,,,,,Gainsborough,http://data.ordnancesurvey.co.uk/id/4000000074575425,http://www.ordnancesurvey.co.uk/xml/codelists/localtype.xml#town,West Lindsey,http://data.ordnancesurvey.co.uk/id/7000000000043527,http://data.ordnancesurvey.co.uk/ontology/admingeo/District,Lincolnshire,http://data.ordnancesurvey.co.uk/id/7000000000005942,http://data.ordnancesurvey.co.uk/ontology/admingeo/County,East Midlands,http://data.ordnancesurvey.co.uk/id/7000000000041423,England,http://data.ordnancesurvey.co.uk/id/country/england,,,
DN214PJ,http://data.ordnancesurvey.co.uk/id/postcodeunit/DN214PJ,DN21 4PJ,,,,other,Postcode,493410,398602,3500,18000,,,,,,,Kirton in Lindsey,http://data.ordnancesurvey.co.uk/id/4000000074574884,http://www.ordnancesurvey.co.uk/xml/codelists/localtype.xml#town,,,,North Lincolnshire,http://data.ordnancesurvey.co.uk/id/7000000000025623,http://data.ordnancesurvey.co.uk/ontology/admingeo/UnitaryAuthority,Yorkshire and the Humber,http://data.ordnancesurvey.co.uk/id/7000000000041430,England,http://data.ordnancesurvey.co.uk/id/country/england,,,
DN211XY,http://data.ordnancesurvey.co.uk/id/postcodeunit/DN211XY,DN21 1XY,,,,other,Postcode,483345,389034,3500,18000,,,,,,,Gainsborough,http://data.ordnancesurvey.co.uk/id/4000000074575425,http://www.ordnancesurvey.co.uk/xml/codelists/localtype.xml#town,West Lindsey,http://data.ordnancesurvey.co.uk/id/7000000000043527,http://data.ordnancesurvey.co.uk/ontology/admingeo/District,Lincolnshire,http://data.ordnancesurvey.co.uk/id/7000000000005942,http://data.ordnancesurvey.co.uk/ontology/admingeo/County,East Midlands,http://data.ordnancesurvey.co.uk/id/7000000000041423,England,http://data.ordnancesurvey.co.uk/id/country/england,,,
DN213PA,http://data.ordnancesurvey.co.uk/id/postcodeunit/DN213PA,DN21 3PA,,,,other,Postcode,488063,393989,3500,18000,,,,,,,,,,West Lindsey,http://data.ordnancesurvey.co.uk/id/7000000000043527,http://data.ordnancesurvey.co.uk/ontology/admingeo/District,Lincolnshire,http://data.ordnancesurvey.co.uk/id/7000000000005942,http://data.ordnancesurvey.co.uk/ontology/admingeo/County,East Midlands,http://data.ordnancesurvey.co.uk/id/7000000000041423,England,http://data.ordnancesurvey.co.uk/id/country/england,,,
DN214DJ,http://data.ordnancesurvey.co.uk/id/postcodeunit/DN214DJ,DN21 4DJ,,,,other,Postcode,493508,398291,3500,18000,,,,,,,Kirton in Lindsey,http://data.ordnancesurvey.co.uk/id/4000000074574884,http://www.ordnancesurvey.co.uk/xml/codelists/localtype.xml#town,,,,North Lincolnshire,http://data.ordnancesurvey.co.uk/id/7000000000025623,http://data.ordnancesurvey.co.uk/ontology/admingeo/UnitaryAuthority,Yorkshire and the Humber,http://data.ordnancesurvey.co.uk/id/7000000000041430,England,http://data.ordnancesurvey.co.uk/id/country/england,,,
DN211BH,http://data.ordnancesurvey.co.uk/id/postcodeunit/DN211BH,DN21 1BH,,,,other,Postcode,481828,389313,3500,18000,,,,,,,Gainsborough,http://data.ordnancesurvey.co.uk/id/4000000074575425,http://www.ordnancesurvey.co.uk/xml/codelists/localtype.xml#town,West Lindsey,http://data.ordnancesurvey.co.uk/id/7000000000043527,http://data.ordnancesurvey.co.uk/ontology/admingeo/District,Lincolnshire,http://data.ordnancesurvey.co.uk/id/7000000000005942,http://data.ordnancesurvey.co.uk/ontology/admingeo/County,East Midlands,http://data.ordnancesurvey.co.uk/id/7000000000041423,England,http://data.ordnancesurvey.co.uk/id/country/england,,,
DN215JW,http://data.ordnancesurvey.co.uk/id/postcodeunit/DN215JW,DN21 5JW,,,,other,Postcode,482544,387046,3500,18000,,,,,,,Lea,http://data.ordnancesurvey.co.uk/id/4000000074578253,http://www.ordnancesurvey.co.uk/xml/codelists/localtype.xml#village,West Lindsey,http://data.ordnancesurvey.co.uk/id/7000000000043527,http://data.ordnancesurvey.co.uk/ontology/admingeo/District,Lincolnshire,http://data.ordnancesurvey.co.uk/id/7000000000005942,http://data.ordnancesurvey.co.uk/ontology/admingeo/County,East Midlands,http://data.ordnancesurvey.co.uk/id/7000000000041423,England,http://data.ordnancesurvey.co.uk/id/country/england,,,
DN211TL,http://data.ordnancesurvey.co.uk/id/postcodeunit/DN211TL,DN21 1TL,,,,other,Postcode,482462,389907,3500,18000,,,,,,,Gainsborough,http://data.ordnancesurvey.co.uk/id/4000000074575425,http://www.ordnancesurvey.co.uk/xml/codelists/localtype.xml#town,West Lindsey,http://data.ordnancesurvey.co.uk/id/7000000000043527,http://data.ordnancesurvey.co.uk/ontology/admingeo/District,Lincolnshire,http://data.ordnancesurvey.co.uk/id/7000000000005942,http://data.ordnancesurvey.co.uk/ontology/admingeo/County,East Midlands,http://data.ordnancesurvey.co.uk/id/7000000000041423,England,http://data.ordnancesurvey.co.uk/id/country/england,,,
DN213PS,http://data.ordnancesurvey.co.uk/id/postcodeunit/DN213PS,DN21 3PS,,,,other,Postcode,484621,397447,3500,18000,,,,,,,Laughton,http://data.ordnancesurvey.co.uk/id/4000000074575722,http://www.ordnancesurvey.co.uk/xml/codelists/localtype.xml#village,West Lindsey,http://data.ordnancesurvey.co.uk/id/7000000000043527,http://data.ordnancesurvey.co.uk/ontology/admingeo/District,Lincolnshire,http://data.ordnancesurvey.co.uk/id/7000000000005942,http://data.ordnancesurvey.co.uk/ontology/admingeo/County,East Midlands,http://data.ordnancesurvey.co.uk/id/7000000000041423,England,http://data.ordnancesurvey.co.uk/id/country/england,,,
DN214SD,http://data.ordnancesurvey.co.uk/id/postcodeunit/DN214SD,DN21 4SD,,,,other,Postcode,498130,396155,3500,18000,,,,,,,Waddingham,http://data.ordnancesurvey.co.uk/id/4000000074574880,http://www.ordnancesurvey.co.uk/xml/codelists/localtype.xml#village,West Lindsey,http://data.ordnancesurvey.co.uk/id/7000000000043527,http://data.ordnancesurvey.co.uk/ontology/admingeo/District,Lincolnshire,http://data.ordnancesurvey.co.uk/id/7000000000005942,http://data.ordnancesurvey.co.uk/ontology/admingeo/County,East Midlands,http://data.ordnancesurvey.co.uk/id/7000000000041423,England,http://data.ordnancesurvey.co.uk/id/country/england,,,
DN215LQ,http://data.ordnancesurvey.co.uk/id/postcodeunit/DN215LQ,DN21 5LQ,,,,other,Postcode,488216,383005,3500,18000,,,,,,,Normanby by Stow,http://data.ordnancesurvey.co.uk/id/4000000074575138,http://www.ordnancesurvey.co.uk/xml/codelists/localtype.xml#hamlet,West Lindsey,http://data.ordnancesurvey.co.uk/id/7000000000043527,http://data.ordnancesurvey.co.uk/ontology/admingeo/District,Lincolnshire,http://data.ordnancesurvey.co.uk/id/7000000000005942,http://data.ordnancesurvey.co.uk/ontology/admingeo/County,East Midlands,http://data.ordnancesurvey.co.uk/id/7000000000041423,England,http://data.ordnancesurvey.co.uk/id/country/england,,,
DN211RW,http://data.ordnancesurvey.co.uk/id/postcodeunit/DN211RW,DN21 1RW,,,,other,Postcode,482754,389991,3500,18000,,,,,,,Gainsborough,http://data.ordnancesurvey.co.uk/id/4000000074575425,http://www.ordnancesurvey.co.uk/xml/codelists/localtype.xml#town,West Lindsey,http://data.ordnancesurvey.co.uk/id/7000000000043527,http://data.ordnancesurvey.co.uk/ontology/admingeo/District,Lincolnshire,http://data.ordnancesurvey.co.uk/id/7000000000005942,http://data.ordnancesurvey.co.uk/ontology/admingeo/County,East Midlands,http://data.ordnancesurvey.co.uk/id/7000000000041423,England,http://data.ordnancesurvey.co.uk/id/country/england,,,
DN215XS,http://data.ordnancesurvey.co.uk/id/postcodeunit/DN215XS,DN21 5XS,,,,other,Postcode,495105,389878,3500,18000,,,,,,,Hemswell Cliff,http://data.ordnancesurvey.co.uk/id/4000000074574338,http://www.ordnancesurvey.co.uk/xml/codelists/localtype.xml#village,West Lindsey,http://data.ordnancesurvey.co.uk/id/7000000000043527,http://data.ordnancesurvey.co.uk/ontology/admingeo/District,Lincolnshire,http://data.ordnancesurvey.co.uk/id/7000000000005942,http://data.ordnancesurvey.co.uk/ontology/admingeo/County,East Midlands,http://data.ordnancesurvey.co.uk/id/7000000000041423,England,http://data.ordnancesurvey.co.uk/id/country/england,,,
DN213AD,http://data.ordnancesurvey.co.uk/id/postcodeunit/DN213AD,DN21 3AD,,,,other,Postcode,480912,391481,3500,18000,,,,,,,Gainsborough,http://data.ordnancesurvey.co.uk/id/4000000074575425,http://www.ordnancesurvey.co.uk/xml/codelists/localtype.xml#town,West Lindsey,http://data.ordnancesurvey.co.uk/id/7000000000043527,http://data.ordnancesurvey.co.uk/ontology/admingeo/District,Lincolnshire,http://data.ordnancesurvey.co.uk/id/7000000000005942,http://data.ordnancesurvey.co.uk/ontology/admingeo/County,East Midlands,http://data.ordnancesurvey.co.uk/id/7000000000041423,England,http://data.ordnancesurvey.co.uk/id/country/england,,,
DN213ND,http://data.ordnancesurvey.co.uk/id/postcodeunit/DN213ND,DN21 3ND,,,,other,Postcode,484869,394505,3500,18000,,,,,,,Blyton,http://data.ordnancesurvey.co.uk/id/4000000074575429,http://www.ordnancesurvey.co.uk/xml/codelists/localtype.xml#village,West Lindsey,http://data.ordnancesurvey.co.uk/id/7000000000043527,http://data.ordnancesurvey.co.uk/ontology/admingeo/District,Lincolnshire,http://data.ordnancesurvey.co.uk/id/7000000000005942,http://data.ordnancesurvey.co.uk/ontology/admingeo/County,East Midlands,http://data.ordnancesurvey.co.uk/id/7000000000041423,England,http://data.ordnancesurvey.co.uk/id/country/england,,,
DN212QZ,http://data.ordnancesurvey.co.uk/id/postcodeunit/DN212QZ,DN21 2QZ,,,,other,Postcode,481528,390777,3500,18000,,,,,,,Gainsborough,http://data.ordnancesurvey.co.uk/id/4000000074575425,http://www.ordnancesurvey.co.uk/xml/codelists/localtype.xml#town,West Lindsey,http://data.ordnancesurvey.co.uk/id/7000000000043527,http://data.ordnancesurvey.co.uk/ontology/admingeo/District,Lincolnshire,http://data.ordnancesurvey.co.uk/id/7000000000005942,http://data.ordnancesurvey.co.uk/ontology/admingeo/County,East Midlands,http://data.ordnancesurvey.co.uk/id/7000000000041423,England,http://data.ordnancesurvey.co.uk/id/country/england,,,
DN212JQ,http://data.ordnancesurvey.co.uk/id/postcodeunit/DN212JQ,DN21 2JQ,,,,other,Postcode,481593,390161,3500,18000,,,,,,,Gainsborough,http://data.ordnancesurvey.co.uk/id/4000000074575425,http://www.ordnancesurvey.co.uk/xml/codelists/localtype.xml#town,West Lindsey,http://data.ordnancesurvey.co.uk/id/7000000000043527,http://data.ordnancesurvey.co.uk/ontology/admingeo/District,Lincolnshire,http://data.ordnancesurvey.co.uk/id/7000000000005942,http://data.ordnancesurvey.co.uk/ontology/admingeo/County,East Midlands,http://data.ordnancesurvey.co.uk/id/7000000000041423,England,http://data.ordnancesurvey.co.uk/id/country/england,,,
DN212UL,http://data.ordnancesurvey.co.uk/id/postcodeunit/DN212UL,DN21 2UL,,,,other,Postcode,481228,391225,3500,18000,,,,,,,Gainsborough,http://data.ordnancesurvey.co.uk/id/4000000074575425,http://www.ordnancesurvey.co.uk/xml/codelists/localtype.xml#town,West Lindsey,http://data.ordnancesurvey.co.uk/id/7000000000043527,http://data.ordnancesurvey.co.uk/ontology/admingeo/District,Lincolnshire,http://data.ordnancesurvey.co.uk/id/7000000000005942,http://data.ordnancesurvey.co.uk/ontology/admingeo/County,East Midlands,http://data.ordnancesurvey.co.uk/id/7000000000041423,England,http://data.ordnancesurvey.co.uk/id/country/england,,,
DN213NA,http://data.ordnancesurvey.co.uk/id/postcodeunit/DN213NA,DN21 3NA,,,,other,Postcode,484867,394684,3500,18000,,,,,,,Blyton,http://data.ordnancesurvey.co.uk/id/4000000074575429,http://www.ordnancesurvey.co.uk/xml/codelists/localtype.xml#village,West Lindsey,http://data.ordnancesurvey.co.uk/id/7000000000043527,http://data.ordnancesurvey.co.uk/ontology/admingeo/District,Lincolnshire,http://data.ordnancesurvey.co.uk/id/7000000000005942,http://data.ordnancesurvey.co.uk/ontology/admingeo/County,East Midlands,http://data.ordnancesurvey.co.uk/id/7000000000041423,England,http://data.ordnancesurvey.co.uk/id/country/england,,,
DN215PY,http://data.ordnancesurvey.co.uk/id/postcodeunit/DN215PY,DN21 5PY,,,,other,Postcode,487598,389622,3500,18000,,,,,,,Springthorpe,http://data.ordnancesurvey.co.uk/id/4000000074575141,http://www.ordnancesurvey.co.uk/xml/codelists/localtype.xml#village,West Lindsey,http://data.ordnancesurvey.co.uk/id/7000000000043527,http://data.ordnancesurvey.co.uk/ontology/admingeo/District,Lincolnshire,http://data.ordnancesurvey.co.uk/id/7000000000005942,http://data.ordnancesurvey.co.uk/ontology/admingeo/County,East Midlands,http://data.ordnancesurvey.co.uk/id/7000000000041423,England,http://data.ordnancesurvey.co.uk/id/country/england,,,
DN211ZH,http://data.ordnancesurvey.co.uk/id/postcodeunit/DN211ZH,DN21 1ZH,,,,other,Postcode,482852,388707,3500,18000,,,,,,,Gainsborough,http://data.ordnancesurvey.co.uk/id/4000000074575425,http://www.ordnancesurvey.co.uk/xml/codelists/localtype.xml#town,West Lindsey,http://data.ordnancesurvey.co.uk/id/7000000000043527,http://data.ordnancesurvey.co.uk/ontology/admingeo/District,Lincolnshire,http://data.ordnancesurvey.co.uk/id/7000000000005942,http://data.ordnancesurvey.co.uk/ontology/admingeo/County,East Midlands,http://data.ordnancesurvey.co.uk/id/7000000000041423,England,http://data.ordnancesurvey.co.uk/id/country/england,,,
DN212LG,http://data.ordnancesurvey.co.uk/id/postcodeunit/DN212LG,DN21 2LG,,,,other,Postcode,481229,390212,3500,18000,,,,,,,Gainsborough,http://data.ordnancesurvey.co.uk/id/4000000074575425,http://www.ordnancesurvey.co.uk/xml/codelists/localtype.xml#town,West Lindsey,http://data.ordnancesurvey.co.uk/id/7000000000043527,http://data.ordnancesurvey.co.uk/ontology/admingeo/District,Lincolnshire,http://data.ordnancesurvey.co.uk/id/7000000000005942,http://data.ordnancesurvey.co.uk/ontology/admingeo/County,East Midlands,http://data.ordnancesurvey.co.uk/id/7000000000041423,England,http://data.ordnancesurvey.co.uk/id/country/england,,,
DN213SY,http://data.ordnancesurvey.co.uk/id/postcodeunit/DN213SY,DN21 3SY,,,,other,Postcode,485411,394878,3500,18000,,,,,,,Blyton,http://data.ordnancesurvey.co.uk/id/4000000074575429,http://www.ordnancesurvey.co.uk/xml/codelists/localtype.xml#village,West Lindsey,http://data.ordnancesurvey.co.uk/id/7000000000043527,http://data.ordnancesurvey.co.uk/ontology/admingeo/District,Lincolnshire,http://data.ordnancesurvey.co.uk/id/7000000000005942,http://data.ordnancesurvey.co.uk/ontology/admingeo/County,East Midlands,http://data.ordnancesurvey.co.uk/id/7000000000041423,England,http://data.ordnancesurvey.co.uk/id/country/england,,,
DN211PA,http://data.ordnancesurvey.co.uk/id/postcodeunit/DN211PA,DN21 1PA,,,,other,Postcode,482790,390292,3500,18000,,,,,,,Gainsborough,http://data.ordnancesurvey.co.uk/id/4000000074575425,http://www.ordnancesurvey.co.uk/xml/codelists/localtype.xml#town,West Lindsey,http://data.ordnancesurvey.co.uk/id/7000000000043527,http://data.ordnancesurvey.co.uk/ontology/admingeo/District,Lincolnshire,http://data.ordnancesurvey.co.uk/id/7000000000005942,http://data.ordnancesurvey.co.uk/ontology/admingeo/County,East Midlands,http://data.ordnancesurvey.co.uk/id/7000000000041423,England,http://data.ordnancesurvey.co.uk/id/country/england,,,
DN215JA,http://data.ordnancesurvey.co.uk/id/postcodeunit/DN215JA,DN21 5JA,,,,other,Postcode,482938,386821,3500,18000,,,,,,,Lea,http://data.ordnancesurvey.co.uk/id/4000000074578253,http://www.ordnancesurvey.co.uk/xml/codelists/localtype.xml#village,West Lindsey,http://data.ordnancesurvey.co.uk/id/7000000000043527,http://data.ordnancesurvey.co.uk/ontology/admingeo/District,Lincolnshire,http://data.ordnancesurvey.co.uk/id/7000000000005942,http://data.ordnancesurvey.co.uk/ontology/admingeo/County,East Midlands,http://data.ordnancesurvey.co.uk/id/7000000000041423,England,http://data.ordnancesurvey.co.uk/id/country/england,,,
DN215AA,http://data.ordnancesurvey.co.uk/id/postcodeunit/DN215AA,DN21 5AA,,,,other,Postcode,483944,382146,3500,18000,,,,,,,Marton,http://data.ordnancesurvey.co.uk/id/4000000074577537,http://www.ordnancesurvey.co.uk/xml/codelists/localtype.xml#village,West Lindsey,http://data.ordnancesurvey.co.uk/id/7000000000043527,http://data.ordnancesurvey.co.uk/ontology/admingeo/District,Lincolnshire,http://data.ordnancesurvey.co.uk/id/7000000000005942,http://data.ordnancesurvey.co.uk/ontology/admingeo/County,East Midlands,http://data.ordnancesurvey.co.uk/id/7000000000041423,England,http://data.ordnancesurvey.co.uk/id/country/england,,,
DN211LZ,http://data.ordnancesurvey.co.uk/id/postcodeunit/DN211LZ,DN21 1LZ,,,,other,Postcode,481704,389008,3500,18000,,,,,,,Gainsborough,http://data.ordnancesurvey.co.uk/id/4000000074575425,http://www.ordnancesurvey.co.uk/xml/codelists/localtype.xml#town,West Lindsey,http://data.ordnancesurvey.co.uk/id/7000000000043527,http://data.ordnancesurvey.co.uk/ontology/admingeo/District,Lincolnshire,http://data.ordnancesurvey.co.uk/id/7000000000005942,http://data.ordnancesurvey.co.uk/ontology/admingeo/County,East Midlands,http://data.ordnancesurvey.co.uk/id/7000000000041423,England,http://data.ordnancesurvey.co.uk/id/country/england,,,
DN213JF,http://data.ordnancesurvey.co.uk/id/postcodeunit/DN213JF,DN21 3JF,,,,other,Postcode,487002,399148,3500,18000,,,,,,,,,,West Lindsey,http://data.ordnancesurvey.co.uk/id/7000000000043527,http://data.ordnancesurvey.co.uk/ontology/admingeo/District,Lincolnshire,http://data.ordnancesurvey.co.uk/id/7000000000005942,http://data.ordnancesurvey.co.uk/ontology/admingeo/County,East Midlands,http://data.ordnancesurvey.co.uk/id/7000000000041423,England,http://data.ordnancesurvey.co.uk/id/country/england,,,
DN91BH,http://data.ordnancesurvey.co.uk/id/postcodeunit/DN91BH,DN9 1BH,,,,other,Postcode,480522,396745,3500,18000,,,,,,,Gunthorpe,http://data.ordnancesurvey.co.uk/id/4000000074576001,http://www.ordnancesurvey.co.uk/xml/codelists/localtype.xml#village,,,,North Lincolnshire,http://data.ordnancesurvey.co.uk/id/7000000000025623,http://data.ordnancesurvey.co.uk/ontology/admingeo/UnitaryAuthority,Yorkshire and the Humber,http://data.ordnancesurvey.co.uk/id/7000000000041430,England,http://data.ordnancesurvey.co.uk/id/country/england,,,
DN215TT,http://data.ordnancesurvey.co.uk/id/postcodeunit/DN215TT,DN21 5TT,,,,other,Postcode,493762,389954,3500,18000,,,,,,,Harpswell,http://data.ordnancesurvey.co.uk/id/4000000074574341,http://www.ordnancesurvey.co.uk/xml/codelists/localtype.xml#hamlet,West Lindsey,http://data.ordnancesurvey.co.uk/id/7000000000043527,http://data.ordnancesurvey.co.uk/ontology/admingeo/District,Lincolnshire,http://data.ordnancesurvey.co.uk/id/7000000000005942,http://data.ordnancesurvey.co.uk/ontology/admingeo/County,East Midlands,http://data.ordnancesurvey.co.uk/id/7000000000041423,England,http://data.ordnancesurvey.co.uk/id/country/england,,,
DN211HX,http://data.ordnancesurvey.co.uk/id/postcodeunit/DN211HX,DN21 1HX,,,,other,Postcode,481625,389401,3500,18000,,,,,,,Gainsborough,http://data.ordnancesurvey.co.uk/id/4000000074575425,http://www.ordnancesurvey.co.uk/xml/codelists/localtype.xml#town,West Lindsey,http://data.ordnancesurvey.co.uk/id/7000000000043527,http://data.ordnancesurvey.co.uk/ontology/admingeo/District,Lincolnshire,http://data.ordnancesurvey.co.uk/id/7000000000005942,http://data.ordnancesurvey.co.uk/ontology/admingeo/County,East Midlands,http://data.ordnancesurvey.co.uk/id/7000000000041423,England,http://data.ordnancesurvey.co.uk/id/country/england,,,
DN213EN,http://data.ordnancesurvey.co.uk/id/postcodeunit/DN213EN,DN21 3EN,,,,other,Postcode,482058,393536,3500,18000,,,,,,,,,,West Lindsey,http://data.ordnancesurvey.co.uk/id/7000000000043527,http://data.ordnancesurvey.co.uk/ontology/admingeo/District,Lincolnshire,http://data.ordnancesurvey.co.uk/id/7000000000005942,http://data.ordnancesurvey.co.uk/ontology/admingeo/County,East Midlands,http://data.ordnancesurvey.co.uk/id/7000000000041423,England,http://data.ordnancesurvey.co.uk/id/country/england,,,
LN12AN,http://data.ordnancesurvey.co.uk/id/postcodeunit/LN12AN,LN1 2AN,,,,other,Postcode,485837,381167,3500,18000,,,,,,,,,,West Lindsey,http://data.ordnancesurvey.co.uk/id/7000000000043527,http://data.ordnancesurvey.co.uk/ontology/admingeo/District,Lincolnshire,http://data.ordnancesurvey.co.uk/id/7000000000005942,http://data.ordnancesurvey.co.uk/ontology/admingeo/County,East Midlands,http://data.ordnancesurvey.co.uk/id/7000000000041423,England,http://data.ordnancesurvey.co.uk/id/country/england,,,
LN12BX,http://data.ordnancesurvey.co.uk/id/postcodeunit/LN12BX,LN1 2BX,,,,other,Postcode,488932,380836,3500,18000,,,,,,,Sturton by Stow,http://data.ordnancesurvey.co.uk/id/4000000074574600,http://www.ordnancesurvey.co.uk/xml/codelists/localtype.xml#village,West Lindsey,http://data.ordnancesurvey.co.uk/id/7000000000043527,http://data.ordnancesurvey.co.uk/ontology/admingeo/District,Lincolnshire,http://data.ordnancesurvey.co.uk/id/7000000000005942,http://data.ordnancesurvey.co.uk/ontology/admingeo/County,East Midlands,http://data.ordnancesurvey.co.uk/id/7000000000041423,England,http://data.ordnancesurvey.co.uk/id/country/england,,,
DN211SW,http://data.ordnancesurvey.co.uk/id/postcodeunit/DN211SW,DN21 1SW,,,,other,Postcode,482638,389685,3500,18000,,,,,,,Gainsborough,http://data.ordnancesurvey.co.uk/id/4000000074575425,http://www.ordnancesurvey.co.uk/xml/codelists/localtype.xml#town,West Lindsey,http://data.ordnancesurvey.co.uk/id/7000000000043527,http://data.ordnancesurvey.co.uk/ontology/admingeo/District,Lincolnshire,http://data.ordnancesurvey.co.uk/id/7000000000005942,http://data.ordnancesurvey.co.uk/ontology/admingeo/County,East Midlands,http://data.ordnancesurvey.co.uk/id/7000000000041423,England,http://data.ordnancesurvey.co.uk/id/country/england,,,
DN211YG,http://data.ordnancesurvey.co.uk/id/postcodeunit/DN211YG,DN21 1YG,,,,other,Postcode,482368,390768,3500,18000,,,,,,,Gainsborough,http://data.ordnancesurvey.co.uk/id/4000000074575425,http://www.ordnancesurvey.co.uk/xml/codelists/localtype.xml#town,West Lindsey,http://data.ordnancesurvey.co.uk/id/7000000000043527,http://data.ordnancesurvey.co.uk/ontology/admingeo/District,Lincolnshire,http://data.ordnancesurvey.co.uk/id/7000000000005942,http://data.ordnancesurvey.co.uk/ontology/admingeo/County,East Midlands,http://data.ordnancesurvey.co.uk/id/7000000000041423,England,http://data.ordnancesurvey.co.uk/id/country/england,,,
DN219EP,http://data.ordnancesurvey.co.uk/id/postcodeunit/DN219EP,DN21 9EP,,,,other,Postcode,481607,390035,3500,18000,,,,,,,Gainsborough,http://data.ordnancesurvey.co.uk/id/4000000074575425,http://www.ordnancesurvey.co.uk/xml/codelists/localtype.xml#town,West Lindsey,http://data.ordnancesurvey.co.uk/id/7000000000043527,http://data.ordnancesurvey.co.uk/ontology/admingeo/District,Lincolnshire,http://data.ordnancesurvey.co.uk/id/7000000000005942,http://data.ordnancesurvey.co.uk/ontology/admingeo/County,East Midlands,http://data.ordnancesurvey.co.uk/id/7000000000041423,England,http://data.ordnancesurvey.co.uk/id/country/england,,,
DN211BU,http://data.ordnancesurvey.co.uk/id/postcodeunit/DN211BU,DN21 1BU,,,,other,Postcode,481731,389175,3500,18000,,,,,,,Gainsborough,http://data.ordnancesurvey.co.uk/id/4000000074575425,http://www.ordnancesurvey.co.uk/xml/codelists/localtype.xml#town,West Lindsey,http://data.ordnancesurvey.co.uk/id/7000000000043527,http://data.ordnancesurvey.co.uk/ontology/admingeo/District,Lincolnshire,http://data.ordnancesurvey.co.uk/id/7000000000005942,http://data.ordnancesurvey.co.uk/ontology/admingeo/County,East Midlands,http://data.ordnancesurvey.co.uk/id/7000000000041423,England,http://data.ordnancesurvey.co.uk/id/country/england,,,
LN12AD,http://data.ordnancesurvey.co.uk/id/postcodeunit/LN12AD,LN1 2AD,,,,other,Postcode,488974,380004,3500,18000,,,,,,,Sturton by Stow,http://data.ordnancesurvey.co.uk/id/4000000074574600,http://www.ordnancesurvey.co.uk/xml/codelists/localtype.xml#village,West Lindsey,http://data.ordnancesurvey.co.uk/id/7000000000043527,http://data.ordnancesurvey.co.uk/ontology/admingeo/District,Lincolnshire,http://data.ordnancesurvey.co.uk/id/7000000000005942,http://data.ordnancesurvey.co.uk/ontology/admingeo/County,East Midlands,http://data.ordnancesurvey.co.uk/id/7000000000041423,England,http://data.ordnancesurvey.co.uk/id/country/england,,,
DN213BY,http://data.ordnancesurvey.co.uk/id/postcodeunit/DN213BY,DN21 3BY,,,,other,Postcode,480573,391941,3500,18000,,,,,,,Gainsborough,http://data.ordnancesurvey.co.uk/id/4000000074575425,http://www.ordnancesurvey.co.uk/xml/codelists/localtype.xml#town,West Lindsey,http://data.ordnancesurvey.co.uk/id/7000000000043527,http://data.ordnancesurvey.co.uk/ontology/admingeo/District,Lincolnshire,http://data.ordnancesurvey.co.uk/id/7000000000005942,http://data.ordnancesurvey.co.uk/ontology/admingeo/County,East Midlands,http://data.ordnancesurvey.co.uk/id/7000000000041423,England,http://data.ordnancesurvey.co.uk/id/country/england,,,
DN213JD,http://data.ordnancesurvey.co.uk/id/postcodeunit/DN213JD,DN21 3JD,,,,other,Postcode,487540,399878,3500,18000,,,,,,,,,,West Lindsey,http://data.ordnancesurvey.co.uk/id/7000000000043527,http://data.ordnancesurvey.co.uk/ontology/admingeo/District,Lincolnshire,http://data.ordnancesurvey.co.uk/id/7000000000005942,http://data.ordnancesurvey.co.uk/ontology/admingeo/County,East Midlands,http://data.ordnancesurvey.co.uk/id/7000000000041423,England,http://data.ordnancesurvey.co.uk/id/country/england,,,
DN212TF,http://data.ordnancesurvey.co.uk/id/postcodeunit/DN212TF,DN21 2TF,,,,other,Postcode,480762,391227,3500,18000,,,,,,,Gainsborough,http://data.ordnancesurvey.co.uk/id/4000000074575425,http://www.ordnancesurvey.co.uk/xml/codelists/localtype.xml#town,West Lindsey,http://data.ordnancesurvey.co.uk/id/7000000000043527,http://data.ordnancesurvey.co.uk/ontology/admingeo/District,Lincolnshire,http://data.ordnancesurvey.co.uk/id/7000000000005942,http://data.ordnancesurvey.co.uk/ontology/admingeo/County,East Midlands,http://data.ordnancesurvey.co.uk/id/7000000000041423,England,http://data.ordnancesurvey.co.uk/id/country/england,,,
DN213PU,http://data.ordnancesurvey.co.uk/id/postcodeunit/DN213PU,DN21 3PU,,,,other,Postcode,484901,398556,3500,18000,,,,,,,,,,West Lindsey,http://data.ordnancesurvey.co.uk/id/7000000000043527,http://data.ordnancesurvey.co.uk/ontology/admingeo/District,Lincolnshire,http://data.ordnancesurvey.co.uk/id/7000000000005942,http://data.ordnancesurvey.co.uk/ontology/admingeo/County,East Midlands,http://data.ordnancesurvey.co.uk/id/7000000000041423,England,http://data.ordnancesurvey.co.uk/id/country/england,,,
DN215LB,http://data.ordnancesurvey.co.uk/id/postcodeunit/DN215LB,DN21 5LB,,,,other,Postcode,487667,384415,3500,18000,,,,,,,Willingham by Stow,http://data.ordnancesurvey.co.uk/id/4000000074575139,http://www.ordnancesurvey.co.uk/xml/codelists/localtype.xml#village,West Lindsey,http://data.ordnancesurvey.co.uk/id/7000000000043527,http://data.ordnancesurvey.co.uk/ontology/admingeo/District,Lincolnshire,http://data.ordnancesurvey.co.uk/id/7000000000005942,http://data.ordnancesurvey.co.uk/ontology/admingeo/County,East Midlands,http://data.ordnancesurvey.co.uk/id/7000000000041423,England,http://data.ordnancesurvey.co.uk/id/country/england,,,
DN215JU,http://data.ordnancesurvey.co.uk/id/postcodeunit/DN215JU,DN21 5JU,,,,other,Postcode,487270,384371,3500,18000,,,,,,,Willingham by Stow,http://data.ordnancesurvey.co.uk/id/4000000074575139,http://www.ordnancesurvey.co.uk/xml/codelists/localtype.xml#village,West Lindsey,http://data.ordnancesurvey.co.uk/id/7000000000043527,http://data.ordnancesurvey.co.uk/ontology/admingeo/District,Lincolnshire,http://data.ordnancesurvey.co.uk/id/7000000000005942,http://data.ordnancesurvey.co.uk/ontology/admingeo/County,East Midlands,http://data.ordnancesurvey.co.uk/id/7000000000041423,England,http://data.ordnancesurvey.co.uk/id/country/england,,,
DN214DR,http://data.ordnancesurvey.co.uk/id/postcodeunit/DN214DR,DN21 4DR,,,,other,Postcode,493619,398516,3500,18000,,,,,,,Kirton in Lindsey,http://data.ordnancesurvey.co.uk/id/4000000074574884,http://www.ordnancesurvey.co.uk/xml/codelists/localtype.xml#town,,,,North Lincolnshire,http://data.ordnancesurvey.co.uk/id/7000000000025623,http://data.ordnancesurvey.co.uk/ontology/admingeo/UnitaryAuthority,Yorkshire and the Humber,http://data.ordnancesurvey.co.uk/id/7000000000041430,England,http://data.ordnancesurvey.co.uk/id/country/england,,,
DN215PN,http://data.ordnancesurvey.co.uk/id/postcodeunit/DN215PN,DN21 5PN,,,,other,Postcode,485913,387442,3500,18000,,,,,,,,,,West Lindsey,http://data.ordnancesurvey.co.uk/id/7000000000043527,http://data.ordnancesurvey.co.uk/ontology/admingeo/District,Lincolnshire,http://data.ordnancesurvey.co.uk/id/7000000000005942,http://data.ordnancesurvey.co.uk/ontology/admingeo/County,East Midlands,http://data.ordnancesurvey.co.uk/id/7000000000041423,England,http://data.ordnancesurvey.co.uk/id/country/england,,,
DN213LE,http://data.ordnancesurvey.co.uk/id/postcodeunit/DN213LE,DN21 3LE,,,,other,Postcode,486039,394925,3500,18000,,,,,,,Blyton,http://data.ordnancesurvey.co.uk/id/4000000074575429,http://www.ordnancesurvey.co.uk/xml/codelists/localtype.xml#village,West Lindsey,http://data.ordnancesurvey.co.uk/id/7000000000043527,http://data.ordnancesurvey.co.uk/ontology/admingeo/District,Lincolnshire,http://data.ordnancesurvey.co.uk/id/7000000000005942,http://data.ordnancesurvey.co.uk/ontology/admingeo/County,East Midlands,http://data.ordnancesurvey.co.uk/id/7000000000041423,England,http://data.ordnancesurvey.co.uk/id/country/england,,,
DN215HY,http://data.ordnancesurvey.co.uk/id/postcodeunit/DN215HY,DN21 5HY,,,,other,Postcode,482972,386932,3500,18000,,,,,,,Lea,http://data.ordnancesurvey.co.uk/id/4000000074578253,http://www.ordnancesurvey.co.uk/xml/codelists/localtype.xml#village,West Lindsey,http://data.ordnancesurvey.co.uk/id/7000000000043527,http://data.ordnancesurvey.co.uk/ontology/admingeo/District,Lincolnshire,http://data.ordnancesurvey.co.uk/id/7000000000005942,http://data.ordnancesurvey.co.uk/ontology/admingeo/County,East Midlands,http://data.ordnancesurvey.co.uk/id/7000000000041423,England,http://data.ordnancesurvey.co.uk/id/country/england,,,
DN212JR,http://data.ordnancesurvey.co.uk/id/postcodeunit/DN212JR,DN21 2JR,,,,other,Postcode,481486,390135,3500,18000,,,,,,,Gainsborough,http://data.ordnancesurvey.co.uk/id/4000000074575425,http://www.ordnancesurvey.co.uk/xml/codelists/localtype.xml#town,West Lindsey,http://data.ordnancesurvey.co.uk/id/7000000000043527,http://data.ordnancesurvey.co.uk/ontology/admingeo/District,Lincolnshire,http://data.ordnancesurvey.co.uk/id/7000000000005942,http://data.ordnancesurvey.co.uk/ontology/admingeo/County,East Midlands,http://data.ordnancesurvey.co.uk/id/7000000000041423,England,http://data.ordnancesurvey.co.uk/id/country/england,,,
DN211ZF,http://data.ordnancesurvey.co.uk/id/postcodeunit/DN211ZF,DN21 1ZF,,,,other,Postcode,483022,388768,3500,18000,,,,,,,Gainsborough,http://data.ordnancesurvey.co.uk/id/4000000074575425,http://www.ordnancesurvey.co.uk/xml/codelists/localtype.xml#town,West Lindsey,http://data.ordnancesurvey.co.uk/id/7000000000043527,http://data.ordnancesurvey.co.uk/ontology/admingeo/District,Lincolnshire,http://data.ordnancesurvey.co.uk/id/7000000000005942,http://data.ordnancesurvey.co.uk/ontology/admingeo/County,East Midlands,http://data.ordnancesurvey.co.uk/id/7000000000041423,England,http://data.ordnancesurvey.co.uk/id/country/england,,,
DN215RB,http://data.ordnancesurvey.co.uk/id/postcodeunit/DN215RB,DN21 5RB,,,,other,Postcode,486473,391945,3500,18000,,,,,,,,,,West Lindsey,http://data.ordnancesurvey.co.uk/id/7000000000043527,http://data.ordnancesurvey.co.uk/ontology/admingeo/District,Lincolnshire,http://data.ordnancesurvey.co.uk/id/7000000000005942,http://data.ordnancesurvey.co.uk/ontology/admingeo/County,East Midlands,http://data.ordnancesurvey.co.uk/id/7000000000041423,England,http://data.ordnancesurvey.co.uk/id/country/england,,,
DN211JE,http://data.ordnancesurvey.co.uk/id/postcodeunit/DN211JE,DN21 1JE,,,,other,Postcode,482214,391053,3500,18000,,,,,,,Gainsborough,http://data.ordnancesurvey.co.uk/id/4000000074575425,http://www.ordnancesurvey.co.uk/xml/codelists/localtype.xml#town,West Lindsey,http://data.ordnancesurvey.co.uk/id/7000000000043527,http://data.ordnancesurvey.co.uk/ontology/admingeo/District,Lincolnshire,http://data.ordnancesurvey.co.uk/id/7000000000005942,http://data.ordnancesurvey.co.uk/ontology/admingeo/County,East Midlands,http://data.ordnancesurvey.co.uk/id/7000000000041423,England,http://data.ordnancesurvey.co.uk/id/country/england,,,
DN215NT,http://data.ordnancesurvey.co.uk/id/postcodeunit/DN215NT,DN21 5NT,,,,other,Postcode,487007,386577,3500,18000,,,,,,,Upton,http://data.ordnancesurvey.co.uk/id/4000000074578003,http://www.ordnancesurvey.co.uk/xml/codelists/localtype.xml#village,West Lindsey,http://data.ordnancesurvey.co.uk/id/7000000000043527,http://data.ordnancesurvey.co.uk/ontology/admingeo/District,Lincolnshire,http://data.ordnancesurvey.co.uk/id/7000000000005942,http://data.ordnancesurvey.co.uk/ontology/admingeo/County,East Midlands,http://data.ordnancesurvey.co.uk/id/7000000000041423,England,http://data.ordnancesurvey.co.uk/id/country/england,,,
DN213BU,http://data.ordnancesurvey.co.uk/id/postcodeunit/DN213BU,DN21 3BU,,,,other,Postcode,481077,391975,3500,18000,,,,,,,Gainsborough,http://data.ordnancesurvey.co.uk/id/4000000074575425,http://www.ordnancesurvey.co.uk/xml/codelists/localtype.xml#town,West Lindsey,http://data.ordnancesurvey.co.uk/id/7000000000043527,http://data.ordnancesurvey.co.uk/ontology/admingeo/District,Lincolnshire,http://data.ordnancesurvey.co.uk/id/7000000000005942,http://data.ordnancesurvey.co.uk/ontology/admingeo/County,East Midlands,http://data.ordnancesurvey.co.uk/id/7000000000041423,England,http://data.ordnancesurvey.co.uk/id/country/england,,,
LN12AU,http://data.ordnancesurvey.co.uk/id/postcodeunit/LN12AU,LN1 2AU,,,,other,Postcode,488743,380383,3500,18000,,,,,,,Sturton by Stow,http://data.ordnancesurvey.co.uk/id/4000000074574600,http://www.ordnancesurvey.co.uk/xml/codelists/localtype.xml#village,West Lindsey,http://data.ordnancesurvey.co.uk/id/7000000000043527,http://data.ordnancesurvey.co.uk/ontology/admingeo/District,Lincolnshire,http://data.ordnancesurvey.co.uk/id/7000000000005942,http://data.ordnancesurvey.co.uk/ontology/admingeo/County,East Midlands,http://data.ordnancesurvey.co.uk/id/7000000000041423,England,http://data.ordnancesurvey.co.uk/id/country/england,,,
DN211XD,http://data.ordnancesurvey.co.uk/id/postcodeunit/DN211XD,DN21 1XD,,,,other,Postcode,482301,389240,3500,18000,,,,,,,Gainsborough,http://data.ordnancesurvey.co.uk/id/4000000074575425,http://www.ordnancesurvey.co.uk/xml/codelists/localtype.xml#town,West Lindsey,http://data.ordnancesurvey.co.uk/id/7000000000043527,http://data.ordnancesurvey.co.uk/ontology/admingeo/District,Lincolnshire,http://data.ordnancesurvey.co.uk/id/7000000000005942,http://data.ordnancesurvey.co.uk/ontology/admingeo/County,East Midlands,http://data.ordnancesurvey.co.uk/id/7000000000041423,England,http://data.ordnancesurvey.co.uk/id/country/england,,,
DN215DW,http://data.ordnancesurvey.co.uk/id/postcodeunit/DN215DW,DN21 5DW,,,,other,Postcode,493590,388295,3500,18000,,,,,,,,,,West Lindsey,http://data.ordnancesurvey.co.uk/id/7000000000043527,http://data.ordnancesurvey.co.uk/ontology/admingeo/District,Lincolnshire,http://data.ordnancesurvey.co.uk/id/7000000000005942,http://data.ordnancesurvey.co.uk/ontology/admingeo/County,East Midlands,http://data.ordnancesurvey.co.uk/id/7000000000041423,England,http://data.ordnancesurvey.co.uk/id/country/england,,,
DN214NZ,http://data.ordnancesurvey.co.uk/id/postcodeunit/DN214NZ,DN21 4NZ,,,,other,Postcode,493954,398913,3500,18000,,,,,,,Kirton in Lindsey,http://data.ordnancesurvey.co.uk/id/4000000074574884,http://www.ordnancesurvey.co.uk/xml/codelists/localtype.xml#town,,,,North Lincolnshire,http://data.ordnancesurvey.co.uk/id/7000000000025623,http://data.ordnancesurvey.co.uk/ontology/admingeo/UnitaryAuthority,Yorkshire and the Humber,http://data.ordnancesurvey.co.uk/id/7000000000041430,England,http://data.ordnancesurvey.co.uk/id/country/england,,,
DN212RP,http://data.ordnancesurvey.co.uk/id/postcodeunit/DN212RP,DN21 2RP,,,,other,Postcode,481122,391035,3500,18000,,,,,,,Gainsborough,http://data.ordnancesurvey.co.uk/id/4000000074575425,http://www.ordnancesurvey.co.uk/xml/codelists/localtype.xml#town,West Lindsey,http://data.ordnancesurvey.co.uk/id/7000000000043527,http://data.ordnancesurvey.co.uk/ontology/admingeo/District,Lincolnshire,http://data.ordnancesurvey.co.uk/id/7000000000005942,http://data.ordnancesurvey.co.uk/ontology/admingeo/County,East Midlands,http://data.ordnancesurvey.co.uk/id/7000000000041423,England,http://data.ordnancesurvey.co.uk/id/country/england,,,
DN212JT,http://data.ordnancesurvey.co.uk/id/postcodeunit/DN212JT,DN21 2JT,,,,other,Postcode,481481,390176,3500,18000,,,,,,,Gainsborough,http://data.ordnancesurvey.co.uk/id/4000000074575425,http://www.ordnancesurvey.co.uk/xml/codelists/localtype.xml#town,West Lindsey,http://data.ordnancesurvey.co.uk/id/7000000000043527,http://data.ordnancesurvey.co.uk/ontology/admingeo/District,Lincolnshire,http://data.ordnancesurvey.co.uk/id/7000000000005942,http://data.ordnancesurvey.co.uk/ontology/admingeo/County,East Midlands,http://data.ordnancesurvey.co.uk/id/7000000000041423,England,http://data.ordnancesurvey.co.uk/id/country/england,,,
DN214HB,http://data.ordnancesurvey.co.uk/id/postcodeunit/DN214HB,DN21 4HB,,,,other,Postcode,493203,394547,3500,18000,,,,,,,Blyborough,http://data.ordnancesurvey.co.uk/id/4000000074574882,http://www.ordnancesurvey.co.uk/xml/codelists/localtype.xml#hamlet,West Lindsey,http://data.ordnancesurvey.co.uk/id/7000000000043527,http://data.ordnancesurvey.co.uk/ontology/admingeo/District,Lincolnshire,http://data.ordnancesurvey.co.uk/id/7000000000005942,http://data.ordnancesurvey.co.uk/ontology/admingeo/County,East Midlands,http://data.ordnancesurvey.co.uk/id/7000000000041423,England,http://data.ordnancesurvey.co.uk/id/country/england,,,
DN215EP,http://data.ordnancesurvey.co.uk/id/postcodeunit/DN215EP,DN21 5EP,,,,other,Postcode,483406,386446,3500,18000,,,,,,,Lea,http://data.ordnancesurvey.co.uk/id/4000000074578253,http://www.ordnancesurvey.co.uk/xml/codelists/localtype.xml#village,West Lindsey,http://data.ordnancesurvey.co.uk/id/7000000000043527,http://data.ordnancesurvey.co.uk/ontology/admingeo/District,Lincolnshire,http://data.ordnancesurvey.co.uk/id/7000000000005942,http://data.ordnancesurvey.co.uk/ontology/admingeo/County,East Midlands,http://data.ordnancesurvey.co.uk/id/7000000000041423,England,http://data.ordnancesurvey.co.uk/id/country/england,,,
DN211AT,http://data.ordnancesurvey.co.uk/id/postcodeunit/DN211AT,DN21 1AT,,,,other,Postcode,482389,387562,3500,18000,,,,,,,Gainsborough,http://data.ordnancesurvey.co.uk/id/4000000074575425,http://www.ordnancesurvey.co.uk/xml/codelists/localtype.xml#town,West Lindsey,http://data.ordnancesurvey.co.uk/id/7000000000043527,http://data.ordnancesurvey.co.uk/ontology/admingeo/District,Lincolnshire,http://data.ordnancesurvey.co.uk/id/7000000000005942,http://data.ordnancesurvey.co.uk/ontology/admingeo/County,East Midlands,http://data.ordnancesurvey.co.uk/id/7000000000041423,England,http://data.ordnancesurvey.co.uk/id/country/england,,,
DN211UR,http://data.ordnancesurvey.co.uk/id/postcodeunit/DN211UR,DN21 1UR,,,,other,Postcode,482506,389479,3500,18000,,,,,,,Gainsborough,http://data.ordnancesurvey.co.uk/id/4000000074575425,http://www.ordnancesurvey.co.uk/xml/codelists/localtype.xml#town,West Lindsey,http://data.ordnancesurvey.co.uk/id/7000000000043527,http://data.ordnancesurvey.co.uk/ontology/admingeo/District,Lincolnshire,http://data.ordnancesurvey.co.uk/id/7000000000005942,http://data.ordnancesurvey.co.uk/ontology/admingeo/County,East Midlands,http://data.ordnancesurvey.co.uk/id/7000000000041423,England,http://data.ordnancesurvey.co.uk/id/country/england,,,
DN214PF,http://data.ordnancesurvey.co.uk/id/postcodeunit/DN214PF,DN21 4PF,,,,other,Postcode,493579,398293,3500,18000,,,,,,,Kirton in Lindsey,http://data.ordnancesurvey.co.uk/id/4000000074574884,http://www.ordnancesurvey.co.uk/xml/codelists/localtype.xml#town,,,,North Lincolnshire,http://data.ordnancesurvey.co.uk/id/7000000000025623,http://data.ordnancesurvey.co.uk/ontology/admingeo/UnitaryAuthority,Yorkshire and the Humber,http://data.ordnancesurvey.co.uk/id/7000000000041430,England,http://data.ordnancesurvey.co.uk/id/country/england,,,
DN215FT,http://data.ordnancesurvey.co.uk/id/postcodeunit/DN215FT,DN21 5FT,,,,other,Postcode,494619,387920,3500,18000,,,,,,,Glentworth,http://data.ordnancesurvey.co.uk/id/4000000074574337,http://www.ordnancesurvey.co.uk/xml/codelists/localtype.xml#village,West Lindsey,http://data.ordnancesurvey.co.uk/id/7000000000043527,http://data.ordnancesurvey.co.uk/ontology/admingeo/District,Lincolnshire,http://data.ordnancesurvey.co.uk/id/7000000000005942,http://data.ordnancesurvey.co.uk/ontology/admingeo/County,East Midlands,http://data.ordnancesurvey.co.uk/id/7000000000041423,England,http://data.ordnancesurvey.co.uk/id/country/england,,,
DN212AU,http://data.ordnancesurvey.co.uk/id/postcodeunit/DN212AU,DN21 2AU,,,,other,Postcode,481851,389837,3500,18000,,,,,,,Gainsborough,http://data.ordnancesurvey.co.uk/id/4000000074575425,http://www.ordnancesurvey.co.uk/xml/codelists/localtype.xml#town,West Lindsey,http://data.ordnancesurvey.co.uk/id/7000000000043527,http://data.ordnancesurvey.co.uk/ontology/admingeo/District,Lincolnshire,http://data.ordnancesurvey.co.uk/id/7000000000005942,http://data.ordnancesurvey.co.uk/ontology/admingeo/County,East Midlands,http://data.ordnancesurvey.co.uk/id/7000000000041423,England,http://data.ordnancesurvey.co.uk/id/country/england,,,
DN214DF,http://data.ordnancesurvey.co.uk/id/postcodeunit/DN214DF,DN21 4DF,,,,other,Postcode,493331,398523,3500,18000,,,,,,,Kirton in Lindsey,http://data.ordnancesurvey.co.uk/id/4000000074574884,http://www.ordnancesurvey.co.uk/xml/codelists/localtype.xml#town,,,,North Lincolnshire,http://data.ordnancesurvey.co.uk/id/7000000000025623,http://data.ordnancesurvey.co.uk/ontology/admingeo/UnitaryAuthority,Yorkshire and the Humber,http://data.ordnancesurvey.co.uk/id/7000000000041430,England,http://data.ordnancesurvey.co.uk/id/country/england,,,
DN214PB,http://data.ordnancesurvey.co.uk/id/postcodeunit/DN214PB,DN21 4PB,,,,other,Postcode,493615,398554,3500,18000,,,,,,,Kirton in Lindsey,http://data.ordnancesurvey.co.uk/id/4000000074574884,http://www.ordnancesurvey.co.uk/xml/codelists/localtype.xml#town,,,,North Lincolnshire,http://data.ordnancesurvey.co.uk/id/7000000000025623,http://data.ordnancesurvey.co.uk/ontology/admingeo/UnitaryAuthority,Yorkshire and the Humber,http://data.ordnancesurvey.co.uk/id/7000000000041430,England,http://data.ordnancesurvey.co.uk/id/country/england,,,
DN214EU,http://data.ordnancesurvey.co.uk/id/postcodeunit/DN214EU,DN21 4EU,,,,other,Postcode,493337,396151,3500,18000,,,,,,,Grayingham,http://data.ordnancesurvey.co.uk/id/4000000074574883,http://www.ordnancesurvey.co.uk/xml/codelists/localtype.xml#village,West Lindsey,http://data.ordnancesurvey.co.uk/id/7000000000043527,http://data.ordnancesurvey.co.uk/ontology/admingeo/District,Lincolnshire,http://data.ordnancesurvey.co.uk/id/7000000000005942,http://data.ordnancesurvey.co.uk/ontology/admingeo/County,East Midlands,http://data.ordnancesurvey.co.uk/id/7000000000041423,England,http://data.ordnancesurvey.co.uk/id/country/england,,,
LN12SA,http://data.ordnancesurvey.co.uk/id/postcodeunit/LN12SA,LN1 2SA,,,,other,Postcode,489534,380129,3500,18000,,,,,,,Sturton by Stow,http://data.ordnancesurvey.co.uk/id/4000000074574600,http://www.ordnancesurvey.co.uk/xml/codelists/localtype.xml#village,West Lindsey,http://data.ordnancesurvey.co.uk/id/7000000000043527,http://data.ordnancesurvey.co.uk/ontology/admingeo/District,Lincolnshire,http://data.ordnancesurvey.co.uk/id/7000000000005942,http://data.ordnancesurvey.co.uk/ontology/admingeo/County,East Midlands,http://data.ordnancesurvey.co.uk/id/7000000000041423,England,http://data.ordnancesurvey.co.uk/id/country/england,,,
DN215TW,http://data.ordnancesurvey.co.uk/id/postcodeunit/DN215TW,DN21 5TW,,,,other,Postcode,495036,390183,3500,18000,,,,,,,Hemswell Cliff,http://data.ordnancesurvey.co.uk/id/4000000074574338,http://www.ordnancesurvey.co.uk/xml/codelists/localtype.xml#village,West Lindsey,http://data.ordnancesurvey.co.uk/id/7000000000043527,http://data.ordnancesurvey.co.uk/ontology/admingeo/District,Lincolnshire,http://data.ordnancesurvey.co.uk/id/7000000000005942,http://data.ordnancesurvey.co.uk/ontology/admingeo/County,East Midlands,http://data.ordnancesurvey.co.uk/id/7000000000041423,England,http://data.ordnancesurvey.co.uk/id/country/england,,,
DN211WD,http://data.ordnancesurvey.co.uk/id/postcodeunit/DN211WD,DN21 1WD,,,,other,Postcode,482659,390415,3500,18000,,,,,,,Gainsborough,http://data.ordnancesurvey.co.uk/id/4000000074575425,http://www.ordnancesurvey.co.uk/xml/codelists/localtype.xml#town,West Lindsey,http://data.ordnancesurvey.co.uk/id/7000000000043527,http://data.ordnancesurvey.co.uk/ontology/admingeo/District,Lincolnshire,http://data.ordnancesurvey.co.uk/id/7000000000005942,http://data.ordnancesurvey.co.uk/ontology/admingeo/County,East Midlands,http://data.ordnancesurvey.co.uk/id/7000000000041423,England,http://data.ordnancesurvey.co.uk/id/country/england,,,
DN213FF,http://data.ordnancesurvey.co.uk/id/postcodeunit/DN213FF,DN21 3FF,,,,other,Postcode,480263,391614,3500,18000,,,,,,,,,,West Lindsey,http://data.ordnancesurvey.co.uk/id/7000000000043527,http://data.ordnancesurvey.co.uk/ontology/admingeo/District,Lincolnshire,http://data.ordnancesurvey.co.uk/id/7000000000005942,http://data.ordnancesurvey.co.uk/ontology/admingeo/County,East Midlands,http://data.ordnancesurvey.co.uk/id/7000000000041423,England,http://data.ordnancesurvey.co.uk/id/country/england,,,
DN211LH,http://data.ordnancesurvey.co.uk/id/postcodeunit/DN211LH,DN21 1LH,,,,other,Postcode,481607,388867,3500,18000,,,,,,,Gainsborough,http://data.ordnancesurvey.co.uk/id/4000000074575425,http://www.ordnancesurvey.co.uk/xml/codelists/localtype.xml#town,West Lindsey,http://data.ordnancesurvey.co.uk/id/7000000000043527,http://data.ordnancesurvey.co.uk/ontology/admingeo/District,Lincolnshire,http://data.ordnancesurvey.co.uk/id/7000000000005942,http://data.ordnancesurvey.co.uk/ontology/admingeo/County,East Midlands,http://data.ordnancesurvey.co.uk/id/7000000000041423,England,http://data.ordnancesurvey.co.uk/id/country/england,,,
DN211UW,http://data.ordnancesurvey.co.uk/id/postcodeunit/DN211UW,DN21 1UW,,,,other,Postcode,482511,389354,3500,18000,,,,,,,Gainsborough,http://data.ordnancesurvey.co.uk/id/4000000074575425,http://www.ordnancesurvey.co.uk/xml/codelists/localtype.xml#town,West Lindsey,http://data.ordnancesurvey.co.uk/id/7000000000043527,http://data.ordnancesurvey.co.uk/ontology/admingeo/District,Lincolnshire,http://data.ordnancesurvey.co.uk/id/7000000000005942,http://data.ordnancesurvey.co.uk/ontology/admingeo/County,East Midlands,http://data.ordnancesurvey.co.uk/id/7000000000041423,England,http://data.ordnancesurvey.co.uk/id/country/england,,,
LN12ZW,http://data.ordnancesurvey.co.uk/id/postcodeunit/LN12ZW,LN1 2ZW,,,,other,Postcode,489133,380056,3500,18000,,,,,,,Sturton by Stow,http://data.ordnancesurvey.co.uk/id/4000000074574600,http://www.ordnancesurvey.co.uk/xml/codelists/localtype.xml#village,West Lindsey,http://data.ordnancesurvey.co.uk/id/7000000000043527,http://data.ordnancesurvey.co.uk/ontology/admingeo/District,Lincolnshire,http://data.ordnancesurvey.co.uk/id/7000000000005942,http://data.ordnancesurvey.co.uk/ontology/admingeo/County,East Midlands,http://data.ordnancesurvey.co.uk/id/7000000000041423,England,http://data.ordnancesurvey.co.uk/id/country/england,,,
DN214JF,http://data.ordnancesurvey.co.uk/id/postcodeunit/DN214JF,DN21 4JF,,,,other,Postcode,496067,398700,3500,18000,,,,,,,,,,,,,North Lincolnshire,http://data.ordnancesurvey.co.uk/id/7000000000025623,http://data.ordnancesurvey.co.uk/ontology/admingeo/UnitaryAuthority,Yorkshire and the Humber,http://data.ordnancesurvey.co.uk/id/7000000000041430,England,http://data.ordnancesurvey.co.uk/id/country/england,,,
DN214SL,http://data.ordnancesurvey.co.uk/id/postcodeunit/DN214SL,DN21 4SL,,,,other,Postcode,498191,395941,3500,18000,,,,,,,Waddingham,http://data.ordnancesurvey.co.uk/id/4000000074574880,http://www.ordnancesurvey.co.uk/xml/codelists/localtype.xml#village,West Lindsey,http://data.ordnancesurvey.co.uk/id/7000000000043527,http://data.ordnancesurvey.co.uk/ontology/admingeo/District,Lincolnshire,http://data.ordnancesurvey.co.uk/id/7000000000005942,http://data.ordnancesurvey.co.uk/ontology/admingeo/County,East Midlands,http://data.ordnancesurvey.co.uk/id/7000000000041423,England,http://data.ordnancesurvey.co.uk/id/country/england,,,
DN211EX,http://data.ordnancesurvey.co.uk/id/postcodeunit/DN211EX,DN21 1EX,,,,other,Postcode,481927,390584,3500,18000,,,,,,,Gainsborough,http://data.ordnancesurvey.co.uk/id/4000000074575425,http://www.ordnancesurvey.co.uk/xml/codelists/localtype.xml#town,West Lindsey,http://data.ordnancesurvey.co.uk/id/7000000000043527,http://data.ordnancesurvey.co.uk/ontology/admingeo/District,Lincolnshire,http://data.ordnancesurvey.co.uk/id/7000000000005942,http://data.ordnancesurvey.co.uk/ontology/admingeo/County,East Midlands,http://data.ordnancesurvey.co.uk/id/7000000000041423,England,http://data.ordnancesurvey.co.uk/id/country/england,,,
DN212DQ,http://data.ordnancesurvey.co.uk/id/postcodeunit/DN212DQ,DN21 2DQ,,,,other,Postcode,481457,389912,3500,18000,,,,,,,Gainsborough,http://data.ordnancesurvey.co.uk/id/4000000074575425,http://www.ordnancesurvey.co.uk/xml/codelists/localtype.xml#town,West Lindsey,http://data.ordnancesurvey.co.uk/id/7000000000043527,http://data.ordnancesurvey.co.uk/ontology/admingeo/District,Lincolnshire,http://data.ordnancesurvey.co.uk/id/7000000000005942,http://data.ordnancesurvey.co.uk/ontology/admingeo/County,East Midlands,http://data.ordnancesurvey.co.uk/id/7000000000041423,England,http://data.ordnancesurvey.co.uk/id/country/england,,,
DN212FF,http://data.ordnancesurvey.co.uk/id/postcodeunit/DN212FF,DN21 2FF,,,,other,Postcode,480886,390340,3500,18000,,,,,,,Gainsborough,http://data.ordnancesurvey.co.uk/id/4000000074575425,http://www.ordnancesurvey.co.uk/xml/codelists/localtype.xml#town,West Lindsey,http://data.ordnancesurvey.co.uk/id/7000000000043527,http://data.ordnancesurvey.co.uk/ontology/admingeo/District,Lincolnshire,http://data.ordnancesurvey.co.uk/id/7000000000005942,http://data.ordnancesurvey.co.uk/ontology/admingeo/County,East Midlands,http://data.ordnancesurvey.co.uk/id/7000000000041423,England,http://data.ordnancesurvey.co.uk/id/country/england,,,
DN212TP,http://data.ordnancesurvey.co.uk/id/postcodeunit/DN212TP,DN21 2TP,,,,other,Postcode,480995,391167,3500,18000,,,,,,,Gainsborough,http://data.ordnancesurvey.co.uk/id/4000000074575425,http://www.ordnancesurvey.co.uk/xml/codelists/localtype.xml#town,West Lindsey,http://data.ordnancesurvey.co.uk/id/7000000000043527,http://data.ordnancesurvey.co.uk/ontology/admingeo/District,Lincolnshire,http://data.ordnancesurvey.co.uk/id/7000000000005942,http://data.ordnancesurvey.co.uk/ontology/admingeo/County,East Midlands,http://data.ordnancesurvey.co.uk/id/7000000000041423,England,http://data.ordnancesurvey.co.uk/id/country/england,,,
DN212PE,http://data.ordnancesurvey.co.uk/id/postcodeunit/DN212PE,DN21 2PE,,,,other,Postcode,480966,390680,3500,18000,,,,,,,Gainsborough,http://data.ordnancesurvey.co.uk/id/4000000074575425,http://www.ordnancesurvey.co.uk/xml/codelists/localtype.xml#town,West Lindsey,http://data.ordnancesurvey.co.uk/id/7000000000043527,http://data.ordnancesurvey.co.uk/ontology/admingeo/District,Lincolnshire,http://data.ordnancesurvey.co.uk/id/7000000000005942,http://data.ordnancesurvey.co.uk/ontology/admingeo/County,East Midlands,http://data.ordnancesurvey.co.uk/id/7000000000041423,England,http://data.ordnancesurvey.co.uk/id/country/england,,,
DN211UX,http://data.ordnancesurvey.co.uk/id/postcodeunit/DN211UX,DN21 1UX,,,,other,Postcode,482389,389396,3500,18000,,,,,,,Gainsborough,http://data.ordnancesurvey.co.uk/id/4000000074575425,http://www.ordnancesurvey.co.uk/xml/codelists/localtype.xml#town,West Lindsey,http://data.ordnancesurvey.co.uk/id/7000000000043527,http://data.ordnancesurvey.co.uk/ontology/admingeo/District,Lincolnshire,http://data.ordnancesurvey.co.uk/id/7000000000005942,http://data.ordnancesurvey.co.uk/ontology/admingeo/County,East Midlands,http://data.ordnancesurvey.co.uk/id/7000000000041423,England,http://data.ordnancesurvey.co.uk/id/country/england,,,
DN212AY,http://data.ordnancesurvey.co.uk/id/postcodeunit/DN212AY,DN21 2AY,,,,other,Postcode,481737,389951,3500,18000,,,,,,,Gainsborough,http://data.ordnancesurvey.co.uk/id/4000000074575425,http://www.ordnancesurvey.co.uk/xml/codelists/localtype.xml#town,West Lindsey,http://data.ordnancesurvey.co.uk/id/7000000000043527,http://data.ordnancesurvey.co.uk/ontology/admingeo/District,Lincolnshire,http://data.ordnancesurvey.co.uk/id/7000000000005942,http://data.ordnancesurvey.co.uk/ontology/admingeo/County,East Midlands,http://data.ordnancesurvey.co.uk/id/7000000000041423,England,http://data.ordnancesurvey.co.uk/id/country/england,,,
LN12DB,http://data.ordnancesurvey.co.uk/id/postcodeunit/LN12DB,LN1 2DB,,,,other,Postcode,488377,381831,3500,18000,,,,,,,Stow,http://data.ordnancesurvey.co.uk/id/4000000074574878,http://www.ordnancesurvey.co.uk/xml/codelists/localtype.xml#village,West Lindsey,http://data.ordnancesurvey.co.uk/id/7000000000043527,http://data.ordnancesurvey.co.uk/ontology/admingeo/District,Lincolnshire,http://data.ordnancesurvey.co.uk/id/7000000000005942,http://data.ordnancesurvey.co.uk/ontology/admingeo/County,East Midlands,http://data.ordnancesurvey.co.uk/id/7000000000041423,England,http://data.ordnancesurvey.co.uk/id/country/england,,,
DN211DB,http://data.ordnancesurvey.co.uk/id/postcodeunit/DN211DB,DN21 1DB,,,,other,Postcode,481960,388831,3500,18000,,,,,,,Gainsborough,http://data.ordnancesurvey.co.uk/id/4000000074575425,http://www.ordnancesurvey.co.uk/xml/codelists/localtype.xml#town,West Lindsey,http://data.ordnancesurvey.co.uk/id/7000000000043527,http://data.ordnancesurvey.co.uk/ontology/admingeo/District,Lincolnshire,http://data.ordnancesurvey.co.uk/id/7000000000005942,http://data.ordnancesurvey.co.uk/ontology/admingeo/County,East Midlands,http://data.ordnancesurvey.co.uk/id/7000000000041423,England,http://data.ordnancesurvey.co.uk/id/country/england,,,
DN211TG,http://data.ordnancesurvey.co.uk/id/postcodeunit/DN211TG,DN21 1TG,,,,other,Postcode,482875,389922,3500,18000,,,,,,,Gainsborough,http://data.ordnancesurvey.co.uk/id/4000000074575425,http://www.ordnancesurvey.co.uk/xml/codelists/localtype.xml#town,West Lindsey,http://data.ordnancesurvey.co.uk/id/7000000000043527,http://data.ordnancesurvey.co.uk/ontology/admingeo/District,Lincolnshire,http://data.ordnancesurvey.co.uk/id/7000000000005942,http://data.ordnancesurvey.co.uk/ontology/admingeo/County,East Midlands,http://data.ordnancesurvey.co.uk/id/7000000000041423,England,http://data.ordnancesurvey.co.uk/id/country/england,,,
DN212JY,http://data.ordnancesurvey.co.uk/id/postcodeunit/DN212JY,DN21 2JY,,,,other,Postcode,481507,390079,3500,18000,,,,,,,Gainsborough,http://data.ordnancesurvey.co.uk/id/4000000074575425,http://www.ordnancesurvey.co.uk/xml/codelists/localtype.xml#town,West Lindsey,http://data.ordnancesurvey.co.uk/id/7000000000043527,http://data.ordnancesurvey.co.uk/ontology/admingeo/District,Lincolnshire,http://data.ordnancesurvey.co.uk/id/7000000000005942,http://data.ordnancesurvey.co.uk/ontology/admingeo/County,East Midlands,http://data.ordnancesurvey.co.uk/id/7000000000041423,England,http://data.ordnancesurvey.co.uk/id/country/england,,,
DN212DJ,http://data.ordnancesurvey.co.uk/id/postcodeunit/DN212DJ,DN21 2DJ,,,,other,Postcode,481370,389845,3500,18000,,,,,,,Gainsborough,http://data.ordnancesurvey.co.uk/id/4000000074575425,http://www.ordnancesurvey.co.uk/xml/codelists/localtype.xml#town,West Lindsey,http://data.ordnancesurvey.co.uk/id/7000000000043527,http://data.ordnancesurvey.co.uk/ontology/admingeo/District,Lincolnshire,http://data.ordnancesurvey.co.uk/id/7000000000005942,http://data.ordnancesurvey.co.uk/ontology/admingeo/County,East Midlands,http://data.ordnancesurvey.co.uk/id/7000000000041423,England,http://data.ordnancesurvey.co.uk/id/country/england,,,
DN212UD,http://data.ordnancesurvey.co.uk/id/postcodeunit/DN212UD,DN21 2UD,,,,other,Postcode,480757,390780,3500,18000,,,,,,,Gainsborough,http://data.ordnancesurvey.co.uk/id/4000000074575425,http://www.ordnancesurvey.co.uk/xml/codelists/localtype.xml#town,West Lindsey,http://data.ordnancesurvey.co.uk/id/7000000000043527,http://data.ordnancesurvey.co.uk/ontology/admingeo/District,Lincolnshire,http://data.ordnancesurvey.co.uk/id/7000000000005942,http://data.ordnancesurvey.co.uk/ontology/admingeo/County,East Midlands,http://data.ordnancesurvey.co.uk/id/7000000000041423,England,http://data.ordnancesurvey.co.uk/id/country/england,,,
DN211TH,http://data.ordnancesurvey.co.uk/id/postcodeunit/DN211TH,DN21 1TH,,,,other,Postcode,482757,389953,3500,18000,,,,,,,Gainsborough,http://data.ordnancesurvey.co.uk/id/4000000074575425,http://www.ordnancesurvey.co.uk/xml/codelists/localtype.xml#town,West Lindsey,http://data.ordnancesurvey.co.uk/id/7000000000043527,http://data.ordnancesurvey.co.uk/ontology/admingeo/District,Lincolnshire,http://data.ordnancesurvey.co.uk/id/7000000000005942,http://data.ordnancesurvey.co.uk/ontology/admingeo/County,East Midlands,http://data.ordnancesurvey.co.uk/id/7000000000041423,England,http://data.ordnancesurvey.co.uk/id/country/england,,,
LN12DL,http://data.ordnancesurvey.co.uk/id/postcodeunit/LN12DL,LN1 2DL,,,,other,Postcode,490118,382346,3500,18000,,,,,,,,,,West Lindsey,http://data.ordnancesurvey.co.uk/id/7000000000043527,http://data.ordnancesurvey.co.uk/ontology/admingeo/District,Lincolnshire,http://data.ordnancesurvey.co.uk/id/7000000000005942,http://data.ordnancesurvey.co.uk/ontology/admingeo/County,East Midlands,http://data.ordnancesurvey.co.uk/id/7000000000041423,England,http://data.ordnancesurvey.co.uk/id/country/england,,,
DN214ER,http://data.ordnancesurvey.co.uk/id/postcodeunit/DN214ER,DN21 4ER,,,,other,Postcode,493491,396067,3500,18000,,,,,,,Grayingham,http://data.ordnancesurvey.co.uk/id/4000000074574883,http://www.ordnancesurvey.co.uk/xml/codelists/localtype.xml#village,West Lindsey,http://data.ordnancesurvey.co.uk/id/7000000000043527,http://data.ordnancesurvey.co.uk/ontology/admingeo/District,Lincolnshire,http://data.ordnancesurvey.co.uk/id/7000000000005942,http://data.ordnancesurvey.co.uk/ontology/admingeo/County,East Midlands,http://data.ordnancesurvey.co.uk/id/7000000000041423,England,http://data.ordnancesurvey.co.uk/id/country/england,,,
DN212PQ,http://data.ordnancesurvey.co.uk/id/postcodeunit/DN212PQ,DN21 2PQ,,,,other,Postcode,480952,390577,3500,18000,,,,,,,Gainsborough,http://data.ordnancesurvey.co.uk/id/4000000074575425,http://www.ordnancesurvey.co.uk/xml/codelists/localtype.xml#town,West Lindsey,http://data.ordnancesurvey.co.uk/id/7000000000043527,http://data.ordnancesurvey.co.uk/ontology/admingeo/District,Lincolnshire,http://data.ordnancesurvey.co.uk/id/7000000000005942,http://data.ordnancesurvey.co.uk/ontology/admingeo/County,East Midlands,http://data.ordnancesurvey.co.uk/id/7000000000041423,England,http://data.ordnancesurvey.co.uk/id/country/england,,,
DN211UH,http://data.ordnancesurvey.co.uk/id/postcodeunit/DN211UH,DN21 1UH,,,,other,Postcode,482525,389531,3500,18000,,,,,,,Gainsborough,http://data.ordnancesurvey.co.uk/id/4000000074575425,http://www.ordnancesurvey.co.uk/xml/codelists/localtype.xml#town,West Lindsey,http://data.ordnancesurvey.co.uk/id/7000000000043527,http://data.ordnancesurvey.co.uk/ontology/admingeo/District,Lincolnshire,http://data.ordnancesurvey.co.uk/id/7000000000005942,http://data.ordnancesurvey.co.uk/ontology/admingeo/County,East Midlands,http://data.ordnancesurvey.co.uk/id/7000000000041423,England,http://data.ordnancesurvey.co.uk/id/country/england,,,
DN215QD,http://data.ordnancesurvey.co.uk/id/postcodeunit/DN215QD,DN21 5QD,,,,other,Postcode,487673,389818,3500,18000,,,,,,,Springthorpe,http://data.ordnancesurvey.co.uk/id/4000000074575141,http://www.ordnancesurvey.co.uk/xml/codelists/localtype.xml#village,West Lindsey,http://data.ordnancesurvey.co.uk/id/7000000000043527,http://data.ordnancesurvey.co.uk/ontology/admingeo/District,Lincolnshire,http://data.ordnancesurvey.co.uk/id/7000000000005942,http://data.ordnancesurvey.co.uk/ontology/admingeo/County,East Midlands,http://data.ordnancesurvey.co.uk/id/7000000000041423,England,http://data.ordnancesurvey.co.uk/id/country/england,,,
DN211ND,http://data.ordnancesurvey.co.uk/id/postcodeunit/DN211ND,DN21 1ND,,,,other,Postcode,481620,388924,3500,18000,,,,,,,Gainsborough,http://data.ordnancesurvey.co.uk/id/4000000074575425,http://www.ordnancesurvey.co.uk/xml/codelists/localtype.xml#town,West Lindsey,http://data.ordnancesurvey.co.uk/id/7000000000043527,http://data.ordnancesurvey.co.uk/ontology/admingeo/District,Lincolnshire,http://data.ordnancesurvey.co.uk/id/7000000000005942,http://data.ordnancesurvey.co.uk/ontology/admingeo/County,East Midlands,http://data.ordnancesurvey.co.uk/id/7000000000041423,England,http://data.ordnancesurvey.co.uk/id/country/england,,,
DN214SJ,http://data.ordnancesurvey.co.uk/id/postcodeunit/DN214SJ,DN21 4SJ,,,,other,Postcode,498197,396028,3500,18000,,,,,,,Waddingham,http://data.ordnancesurvey.co.uk/id/4000000074574880,http://www.ordnancesurvey.co.uk/xml/codelists/localtype.xml#village,West Lindsey,http://data.ordnancesurvey.co.uk/id/7000000000043527,http://data.ordnancesurvey.co.uk/ontology/admingeo/District,Lincolnshire,http://data.ordnancesurvey.co.uk/id/7000000000005942,http://data.ordnancesurvey.co.uk/ontology/admingeo/County,East Midlands,http://data.ordnancesurvey.co.uk/id/7000000000041423,England,http://data.ordnancesurvey.co.uk/id/country/england,,,
DN214NX,http://data.ordnancesurvey.co.uk/id/postcodeunit/DN214NX,DN21 4NX,,,,other,Postcode,493596,398704,3500,18000,,,,,,,Kirton in Lindsey,http://data.ordnancesurvey.co.uk/id/4000000074574884,http://www.ordnancesurvey.co.uk/xml/codelists/localtype.xml#town,,,,North Lincolnshire,http://data.ordnancesurvey.co.uk/id/7000000000025623,http://data.ordnancesurvey.co.uk/ontology/admingeo/UnitaryAuthority,Yorkshire and the Humber,http://data.ordnancesurvey.co.uk/id/7000000000041430,England,http://data.ordnancesurvey.co.uk/id/country/england,,,
DN212ST,http://data.ordnancesurvey.co.uk/id/postcodeunit/DN212ST,DN21 2ST,,,,other,Postcode,481344,391245,3500,18000,,,,,,,Gainsborough,http://data.ordnancesurvey.co.uk/id/4000000074575425,http://www.ordnancesurvey.co.uk/xml/codelists/localtype.xml#town,West Lindsey,http://data.ordnancesurvey.co.uk/id/7000000000043527,http://data.ordnancesurvey.co.uk/ontology/admingeo/District,Lincolnshire,http://data.ordnancesurvey.co.uk/id/7000000000005942,http://data.ordnancesurvey.co.uk/ontology/admingeo/County,East Midlands,http://data.ordnancesurvey.co.uk/id/7000000000041423,England,http://data.ordnancesurvey.co.uk/id/country/england,,,
DN213LB,http://data.ordnancesurvey.co.uk/id/postcodeunit/DN213LB,DN21 3LB,,,,other,Postcode,485869,395140,3500,18000,,,,,,,Blyton,http://data.ordnancesurvey.co.uk/id/4000000074575429,http://www.ordnancesurvey.co.uk/xml/codelists/localtype.xml#village,West Lindsey,http://data.ordnancesurvey.co.uk/id/7000000000043527,http://data.ordnancesurvey.co.uk/ontology/admingeo/District,Lincolnshire,http://data.ordnancesurvey.co.uk/id/7000000000005942,http://data.ordnancesurvey.co.uk/ontology/admingeo/County,East Midlands,http://data.ordnancesurvey.co.uk/id/7000000000041423,England,http://data.ordnancesurvey.co.uk/id/country/england,,,
DN215TL,http://data.ordnancesurvey.co.uk/id/postcodeunit/DN215TL,DN21 5TL,,,,other,Postcode,494823,390120,3500,18000,,,,,,,Hemswell Cliff,http://data.ordnancesurvey.co.uk/id/4000000074574338,http://www.ordnancesurvey.co.uk/xml/codelists/localtype.xml#village,West Lindsey,http://data.ordnancesurvey.co.uk/id/7000000000043527,http://data.ordnancesurvey.co.uk/ontology/admingeo/District,Lincolnshire,http://data.ordnancesurvey.co.uk/id/7000000000005942,http://data.ordnancesurvey.co.uk/ontology/admingeo/County,East Midlands,http://data.ordnancesurvey.co.uk/id/7000000000041423,England,http://data.ordnancesurvey.co.uk/id/country/england,,,
DN214SG,http://data.ordnancesurvey.co.uk/id/postcodeunit/DN214SG,DN21 4SG,,,,other,Postcode,498263,396087,3500,18000,,,,,,,Waddingham,http://data.ordnancesurvey.co.uk/id/4000000074574880,http://www.ordnancesurvey.co.uk/xml/codelists/localtype.xml#village,West Lindsey,http://data.ordnancesurvey.co.uk/id/7000000000043527,http://data.ordnancesurvey.co.uk/ontology/admingeo/District,Lincolnshire,http://data.ordnancesurvey.co.uk/id/7000000000005942,http://data.ordnancesurvey.co.uk/ontology/admingeo/County,East Midlands,http://data.ordnancesurvey.co.uk/id/7000000000041423,England,http://data.ordnancesurvey.co.uk/id/country/england,,,
DN215BN,http://data.ordnancesurvey.co.uk/id/postcodeunit/DN215BN,DN21 5BN,,,,other,Postcode,494582,385712,3500,18000,,,,,,,Fillingham,http://data.ordnancesurvey.co.uk/id/4000000074574877,http://www.ordnancesurvey.co.uk/xml/codelists/localtype.xml#village,West Lindsey,http://data.ordnancesurvey.co.uk/id/7000000000043527,http://data.ordnancesurvey.co.uk/ontology/admingeo/District,Lincolnshire,http://data.ordnancesurvey.co.uk/id/7000000000005942,http://data.ordnancesurvey.co.uk/ontology/admingeo/County,East Midlands,http://data.ordnancesurvey.co.uk/id/7000000000041423,England,http://data.ordnancesurvey.co.uk/id/country/england,,,
DN214TE,http://data.ordnancesurvey.co.uk/id/postcodeunit/DN214TE,DN21 4TE,,,,other,Postcode,498333,396957,3500,18000,,,,,,,,,,West Lindsey,http://data.ordnancesurvey.co.uk/id/7000000000043527,http://data.ordnancesurvey.co.uk/ontology/admingeo/District,Lincolnshire,http://data.ordnancesurvey.co.uk/id/7000000000005942,http://data.ordnancesurvey.co.uk/ontology/admingeo/County,East Midlands,http://data.ordnancesurvey.co.uk/id/7000000000041423,England,http://data.ordnancesurvey.co.uk/id/country/england,,,
DN213AY,http://data.ordnancesurvey.co.uk/id/postcodeunit/DN213AY,DN21 3AY,,,,other,Postcode,480909,391627,3500,18000,,,,,,,Gainsborough,http://data.ordnancesurvey.co.uk/id/4000000074575425,http://www.ordnancesurvey.co.uk/xml/codelists/localtype.xml#town,West Lindsey,http://data.ordnancesurvey.co.uk/id/7000000000043527,http://data.ordnancesurvey.co.uk/ontology/admingeo/District,Lincolnshire,http://data.ordnancesurvey.co.uk/id/7000000000005942,http://data.ordnancesurvey.co.uk/ontology/admingeo/County,East Midlands,http://data.ordnancesurvey.co.uk/id/7000000000041423,England,http://data.ordnancesurvey.co.uk/id/country/england,,,
DN211TF,http://data.ordnancesurvey.co.uk/id/postcodeunit/DN211TF,DN21 1TF,,,,other,Postcode,482839,389854,3500,18000,,,,,,,Gainsborough,http://data.ordnancesurvey.co.uk/id/4000000074575425,http://www.ordnancesurvey.co.uk/xml/codelists/localtype.xml#town,West Lindsey,http://data.ordnancesurvey.co.uk/id/7000000000043527,http://data.ordnancesurvey.co.uk/ontology/admingeo/District,Lincolnshire,http://data.ordnancesurvey.co.uk/id/7000000000005942,http://data.ordnancesurvey.co.uk/ontology/admingeo/County,East Midlands,http://data.ordnancesurvey.co.uk/id/7000000000041423,England,http://data.ordnancesurvey.co.uk/id/country/england,,,
DN212QL,http://data.ordnancesurvey.co.uk/id/postcodeunit/DN212QL,DN21 2QL,,,,other,Postcode,481527,390428,3500,18000,,,,,,,Gainsborough,http://data.ordnancesurvey.co.uk/id/4000000074575425,http://www.ordnancesurvey.co.uk/xml/codelists/localtype.xml#town,West Lindsey,http://data.ordnancesurvey.co.uk/id/7000000000043527,http://data.ordnancesurvey.co.uk/ontology/admingeo/District,Lincolnshire,http://data.ordnancesurvey.co.uk/id/7000000000005942,http://data.ordnancesurvey.co.uk/ontology/admingeo/County,East Midlands,http://data.ordnancesurvey.co.uk/id/7000000000041423,England,http://data.ordnancesurvey.co.uk/id/country/england,,,
DN215XX,http://data.ordnancesurvey.co.uk/id/postcodeunit/DN215XX,DN21 5XX,,,,other,Postcode,484031,381983,3500,18000,,,,,,,Marton,http://data.ordnancesurvey.co.uk/id/4000000074577537,http://www.ordnancesurvey.co.uk/xml/codelists/localtype.xml#village,West Lindsey,http://data.ordnancesurvey.co.uk/id/7000000000043527,http://data.ordnancesurvey.co.uk/ontology/admingeo/District,Lincolnshire,http://data.ordnancesurvey.co.uk/id/7000000000005942,http://data.ordnancesurvey.co.uk/ontology/admingeo/County,East Midlands,http://data.ordnancesurvey.co.uk/id/7000000000041423,England,http://data.ordnancesurvey.co.uk/id/country/england,,,
DN211TA,http://data.ordnancesurvey.co.uk/id/postcodeunit/DN211TA,DN21 1TA,,,,other,Postcode,482799,389694,3500,18000,,,,,,,Gainsborough,http://data.ordnancesurvey.co.uk/id/4000000074575425,http://www.ordnancesurvey.co.uk/xml/codelists/localtype.xml#town,West Lindsey,http://data.ordnancesurvey.co.uk/id/7000000000043527,http://data.ordnancesurvey.co.uk/ontology/admingeo/District,Lincolnshire,http://data.ordnancesurvey.co.uk/id/7000000000005942,http://data.ordnancesurvey.co.uk/ontology/admingeo/County,East Midlands,http://data.ordnancesurvey.co.uk/id/7000000000041423,England,http://data.ordnancesurvey.co.uk/id/country/england,,,
DN213JY,http://data.ordnancesurvey.co.uk/id/postcodeunit/DN213JY,DN21 3JY,,,,other,Postcode,485162,394778,3500,18000,,,,,,,Blyton,http://data.ordnancesurvey.co.uk/id/4000000074575429,http://www.ordnancesurvey.co.uk/xml/codelists/localtype.xml#village,West Lindsey,http://data.ordnancesurvey.co.uk/id/7000000000043527,http://data.ordnancesurvey.co.uk/ontology/admingeo/District,Lincolnshire,http://data.ordnancesurvey.co.uk/id/7000000000005942,http://data.ordnancesurvey.co.uk/ontology/admingeo/County,East Midlands,http://data.ordnancesurvey.co.uk/id/7000000000041423,England,http://data.ordnancesurvey.co.uk/id/country/england,,,
DN211ZL,http://data.ordnancesurvey.co.uk/id/postcodeunit/DN211ZL,DN21 1ZL,,,,other,Postcode,482729,389098,3500,18000,,,,,,,Gainsborough,http://data.ordnancesurvey.co.uk/id/4000000074575425,http://www.ordnancesurvey.co.uk/xml/codelists/localtype.xml#town,West Lindsey,http://data.ordnancesurvey.co.uk/id/7000000000043527,http://data.ordnancesurvey.co.uk/ontology/admingeo/District,Lincolnshire,http://data.ordnancesurvey.co.uk/id/7000000000005942,http://data.ordnancesurvey.co.uk/ontology/admingeo/County,East Midlands,http://data.ordnancesurvey.co.uk/id/7000000000041423,England,http://data.ordnancesurvey.co.uk/id/country/england,,,
DN211UY,http://data.ordnancesurvey.co.uk/id/postcodeunit/DN211UY,DN21 1UY,,,,other,Postcode,482312,389428,3500,18000,,,,,,,Gainsborough,http://data.ordnancesurvey.co.uk/id/4000000074575425,http://www.ordnancesurvey.co.uk/xml/codelists/localtype.xml#town,West Lindsey,http://data.ordnancesurvey.co.uk/id/7000000000043527,http://data.ordnancesurvey.co.uk/ontology/admingeo/District,Lincolnshire,http://data.ordnancesurvey.co.uk/id/7000000000005942,http://data.ordnancesurvey.co.uk/ontology/admingeo/County,East Midlands,http://data.ordnancesurvey.co.uk/id/7000000000041423,England,http://data.ordnancesurvey.co.uk/id/country/england,,,
DN214LE,http://data.ordnancesurvey.co.uk/id/postcodeunit/DN214LE,DN21 4LE,,,,other,Postcode,495123,398690,3500,18000,,,,,,,,,,,,,North Lincolnshire,http://data.ordnancesurvey.co.uk/id/7000000000025623,http://data.ordnancesurvey.co.uk/ontology/admingeo/UnitaryAuthority,Yorkshire and the Humber,http://data.ordnancesurvey.co.uk/id/7000000000041430,England,http://data.ordnancesurvey.co.uk/id/country/england,,,
LN12DG,http://data.ordnancesurvey.co.uk/id/postcodeunit/LN12DG,LN1 2DG,,,,other,Postcode,488748,382109,3500,18000,,,,,,,Stow,http://data.ordnancesurvey.co.uk/id/4000000074574878,http://www.ordnancesurvey.co.uk/xml/codelists/localtype.xml#village,West Lindsey,http://data.ordnancesurvey.co.uk/id/7000000000043527,http://data.ordnancesurvey.co.uk/ontology/admingeo/District,Lincolnshire,http://data.ordnancesurvey.co.uk/id/7000000000005942,http://data.ordnancesurvey.co.uk/ontology/admingeo/County,East Midlands,http://data.ordnancesurvey.co.uk/id/7000000000041423,England,http://data.ordnancesurvey.co.uk/id/country/england,,,
LN12FB,http://data.ordnancesurvey.co.uk/id/postcodeunit/LN12FB,LN1 2FB,,,,other,Postcode,494734,383533,3500,18000,,,,,,,Ingham,http://data.ordnancesurvey.co.uk/id/4000000074574875,http://www.ordnancesurvey.co.uk/xml/codelists/localtype.xml#village,West Lindsey,http://data.ordnancesurvey.co.uk/id/7000000000043527,http://data.ordnancesurvey.co.uk/ontology/admingeo/District,Lincolnshire,http://data.ordnancesurvey.co.uk/id/7000000000005942,http://data.ordnancesurvey.co.uk/ontology/admingeo/County,East Midlands,http://data.ordnancesurvey.co.uk/id/7000000000041423,England,http://data.ordnancesurvey.co.uk/id/country/england,,,
DN214PG,http://data.ordnancesurvey.co.uk/id/postcodeunit/DN214PG,DN21 4PG,,,,other,Postcode,493458,398458,3500,18000,,,,,,,Kirton in Lindsey,http://data.ordnancesurvey.co.uk/id/4000000074574884,http://www.ordnancesurvey.co.uk/xml/codelists/localtype.xml#town,,,,North Lincolnshire,http://data.ordnancesurvey.co.uk/id/7000000000025623,http://data.ordnancesurvey.co.uk/ontology/admingeo/UnitaryAuthority,Yorkshire and the Humber,http://data.ordnancesurvey.co.uk/id/7000000000041430,England,http://data.ordnancesurvey.co.uk/id/country/england,,,
DN214AT,http://data.ordnancesurvey.co.uk/id/postcodeunit/DN214AT,DN21 4AT,,,,other,Postcode,498606,394877,3500,18000,,,,,,,Snitterby,http://data.ordnancesurvey.co.uk/id/4000000074574606,http://www.ordnancesurvey.co.uk/xml/codelists/localtype.xml#village,West Lindsey,http://data.ordnancesurvey.co.uk/id/7000000000043527,http://data.ordnancesurvey.co.uk/ontology/admingeo/District,Lincolnshire,http://data.ordnancesurvey.co.uk/id/7000000000005942,http://data.ordnancesurvey.co.uk/ontology/admingeo/County,East Midlands,http://data.ordnancesurvey.co.uk/id/7000000000041423,England,http://data.ordnancesurvey.co.uk/id/country/england,,,
DN211AU,http://data.ordnancesurvey.co.uk/id/postcodeunit/DN211AU,DN21 1AU,,,,other,Postcode,482349,387741,3500,18000,,,,,,,Gainsborough,http://data.ordnancesurvey.co.uk/id/4000000074575425,http://www.ordnancesurvey.co.uk/xml/codelists/localtype.xml#town,West Lindsey,http://data.ordnancesurvey.co.uk/id/7000000000043527,http://data.ordnancesurvey.co.uk/ontology/admingeo/District,Lincolnshire,http://data.ordnancesurvey.co.uk/id/7000000000005942,http://data.ordnancesurvey.co.uk/ontology/admingeo/County,East Midlands,http://data.ordnancesurvey.co.uk/id/7000000000041423,England,http://data.ordnancesurvey.co.uk/id/country/england,,,
DN214UH,http://data.ordnancesurvey.co.uk/id/postcodeunit/DN214UH,DN21 4UH,,,,other,Postcode,499782,394974,3500,18000,,,,,,,,,,West Lindsey,http://data.ordnancesurvey.co.uk/id/7000000000043527,http://data.ordnancesurvey.co.uk/ontology/admingeo/District,Lincolnshire,http://data.ordnancesurvey.co.uk/id/7000000000005942,http://data.ordnancesurvey.co.uk/ontology/admingeo/County,East Midlands,http://data.ordnancesurvey.co.uk/id/7000000000041423,England,http://data.ordnancesurvey.co.uk/id/country/england,,,
DN215NY,http://data.ordnancesurvey.co.uk/id/postcodeunit/DN215NY,DN21 5NY,,,,other,Postcode,486834,387189,3500,18000,,,,,,,Upton,http://data.ordnancesurvey.co.uk/id/4000000074578003,http://www.ordnancesurvey.co.uk/xml/codelists/localtype.xml#village,West Lindsey,http://data.ordnancesurvey.co.uk/id/7000000000043527,http://data.ordnancesurvey.co.uk/ontology/admingeo/District,Lincolnshire,http://data.ordnancesurvey.co.uk/id/7000000000005942,http://data.ordnancesurvey.co.uk/ontology/admingeo/County,East Midlands,http://data.ordnancesurvey.co.uk/id/7000000000041423,England,http://data.ordnancesurvey.co.uk/id/country/england,,,
DN215AG,http://data.ordnancesurvey.co.uk/id/postcodeunit/DN215AG,DN21 5AG,,,,other,Postcode,484300,381901,3500,18000,,,,,,,Marton,http://data.ordnancesurvey.co.uk/id/4000000074577537,http://www.ordnancesurvey.co.uk/xml/codelists/localtype.xml#village,West Lindsey,http://data.ordnancesurvey.co.uk/id/7000000000043527,http://data.ordnancesurvey.co.uk/ontology/admingeo/District,Lincolnshire,http://data.ordnancesurvey.co.uk/id/7000000000005942,http://data.ordnancesurvey.co.uk/ontology/admingeo/County,East Midlands,http://data.ordnancesurvey.co.uk/id/7000000000041423,England,http://data.ordnancesurvey.co.uk/id/country/england,,,
DN215UT,http://data.ordnancesurvey.co.uk/id/postcodeunit/DN215UT,DN21 5UT,,,,other,Postcode,492912,390228,3500,18000,,,,,,,,,,West Lindsey,http://data.ordnancesurvey.co.uk/id/7000000000043527,http://data.ordnancesurvey.co.uk/ontology/admingeo/District,Lincolnshire,http://data.ordnancesurvey.co.uk/id/7000000000005942,http://data.ordnancesurvey.co.uk/ontology/admingeo/County,East Midlands,http://data.ordnancesurvey.co.uk/id/7000000000041423,England,http://data.ordnancesurvey.co.uk/id/country/england,,,
DN215DH,http://data.ordnancesurvey.co.uk/id/postcodeunit/DN215DH,DN21 5DH,,,,other,Postcode,494677,387897,3500,18000,,,,,,,Glentworth,http://data.ordnancesurvey.co.uk/id/4000000074574337,http://www.ordnancesurvey.co.uk/xml/codelists/localtype.xml#village,West Lindsey,http://data.ordnancesurvey.co.uk/id/7000000000043527,http://data.ordnancesurvey.co.uk/ontology/admingeo/District,Lincolnshire,http://data.ordnancesurvey.co.uk/id/7000000000005942,http://data.ordnancesurvey.co.uk/ontology/admingeo/County,East Midlands,http://data.ordnancesurvey.co.uk/id/7000000000041423,England,http://data.ordnancesurvey.co.uk/id/country/england,,,
LN82AD,http://data.ordnancesurvey.co.uk/id/postcodeunit/LN82AD,LN8 2AD,,,,other,Postcode,497963,386484,3500,18000,,,,,,,,,,West Lindsey,http://data.ordnancesurvey.co.uk/id/7000000000043527,http://data.ordnancesurvey.co.uk/ontology/admingeo/District,Lincolnshire,http://data.ordnancesurvey.co.uk/id/7000000000005942,http://data.ordnancesurvey.co.uk/ontology/admingeo/County,East Midlands,http://data.ordnancesurvey.co.uk/id/7000000000041423,England,http://data.ordnancesurvey.co.uk/id/country/england,,,
DN213EG,http://data.ordnancesurvey.co.uk/id/postcodeunit/DN213EG,DN21 3EG,,,,other,Postcode,483225,396536,3500,18000,,,,,,,,,,West Lindsey,http://data.ordnancesurvey.co.uk/id/7000000000043527,http://data.ordnancesurvey.co.uk/ontology/admingeo/District,Lincolnshire,http://data.ordnancesurvey.co.uk/id/7000000000005942,http://data.ordnancesurvey.co.uk/ontology/admingeo/County,East Midlands,http://data.ordnancesurvey.co.uk/id/7000000000041423,England,http://data.ordnancesurvey.co.uk/id/country/england,,,
DN215BB,http://data.ordnancesurvey.co.uk/id/postcodeunit/DN215BB,DN21 5BB,,,,other,Postcode,483835,382524,3500,18000,,,,,,,Gate Burton,http://data.ordnancesurvey.co.uk/id/4000000074577539,http://www.ordnancesurvey.co.uk/xml/codelists/localtype.xml#hamlet,West Lindsey,http://data.ordnancesurvey.co.uk/id/7000000000043527,http://data.ordnancesurvey.co.uk/ontology/admingeo/District,Lincolnshire,http://data.ordnancesurvey.co.uk/id/7000000000005942,http://data.ordnancesurvey.co.uk/ontology/admingeo/County,East Midlands,http://data.ordnancesurvey.co.uk/id/7000000000041423,England,http://data.ordnancesurvey.co.uk/id/country/england,,,
DN211QS,http://data.ordnancesurvey.co.uk/id/postcodeunit/DN211QS,DN21 1QS,,,,other,Postcode,482962,390415,3500,18000,,,,,,,Gainsborough,http://data.ordnancesurvey.co.uk/id/4000000074575425,http://www.ordnancesurvey.co.uk/xml/codelists/localtype.xml#town,West Lindsey,http://data.ordnancesurvey.co.uk/id/7000000000043527,http://data.ordnancesurvey.co.uk/ontology/admingeo/District,Lincolnshire,http://data.ordnancesurvey.co.uk/id/7000000000005942,http://data.ordnancesurvey.co.uk/ontology/admingeo/County,East Midlands,http://data.ordnancesurvey.co.uk/id/7000000000041423,England,http://data.ordnancesurvey.co.uk/id/country/england,,,
DN214EA,http://data.ordnancesurvey.co.uk/id/postcodeunit/DN214EA,DN21 4EA,,,,other,Postcode,493742,398302,3500,18000,,,,,,,Kirton in Lindsey,http://data.ordnancesurvey.co.uk/id/4000000074574884,http://www.ordnancesurvey.co.uk/xml/codelists/localtype.xml#town,,,,North Lincolnshire,http://data.ordnancesurvey.co.uk/id/7000000000025623,http://data.ordnancesurvey.co.uk/ontology/admingeo/UnitaryAuthority,Yorkshire and the Humber,http://data.ordnancesurvey.co.uk/id/7000000000041430,England,http://data.ordnancesurvey.co.uk/id/country/england,,,
DN215FG,http://data.ordnancesurvey.co.uk/id/postcodeunit/DN215FG,DN21 5FG,,,,other,Postcode,483801,381836,3500,18000,,,,,,,Marton,http://data.ordnancesurvey.co.uk/id/4000000074577537,http://www.ordnancesurvey.co.uk/xml/codelists/localtype.xml#village,West Lindsey,http://data.ordnancesurvey.co.uk/id/7000000000043527,http://data.ordnancesurvey.co.uk/ontology/admingeo/District,Lincolnshire,http://data.ordnancesurvey.co.uk/id/7000000000005942,http://data.ordnancesurvey.co.uk/ontology/admingeo/County,East Midlands,http://data.ordnancesurvey.co.uk/id/7000000000041423,England,http://data.ordnancesurvey.co.uk/id/country/england,,,
DN215DY,http://data.ordnancesurvey.co.uk/id/postcodeunit/DN215DY,DN21 5DY,,,,other,Postcode,488822,385738,3500,18000,,,,,,,,,,West Lindsey,http://data.ordnancesurvey.co.uk/id/7000000000043527,http://data.ordnancesurvey.co.uk/ontology/admingeo/District,Lincolnshire,http://data.ordnancesurvey.co.uk/id/7000000000005942,http://data.ordnancesurvey.co.uk/ontology/admingeo/County,East Midlands,http://data.ordnancesurvey.co.uk/id/7000000000041423,England,http://data.ordnancesurvey.co.uk/id/country/england,,,
DN211LW,http://data.ordnancesurvey.co.uk/id/postcodeunit/DN211LW,DN21 1LW,,,,other,Postcode,481563,389058,3500,18000,,,,,,,Gainsborough,http://data.ordnancesurvey.co.uk/id/4000000074575425,http://www.ordnancesurvey.co.uk/xml/codelists/localtype.xml#town,West Lindsey,http://data.ordnancesurvey.co.uk/id/7000000000043527,http://data.ordnancesurvey.co.uk/ontology/admingeo/District,Lincolnshire,http://data.ordnancesurvey.co.uk/id/7000000000005942,http://data.ordnancesurvey.co.uk/ontology/admingeo/County,East Midlands,http://data.ordnancesurvey.co.uk/id/7000000000041423,England,http://data.ordnancesurvey.co.uk/id/country/england,,,
DN211EE,http://data.ordnancesurvey.co.uk/id/postcodeunit/DN211EE,DN21 1EE,,,,other,Postcode,481847,390246,3500,18000,,,,,,,Gainsborough,http://data.ordnancesurvey.co.uk/id/4000000074575425,http://www.ordnancesurvey.co.uk/xml/codelists/localtype.xml#town,West Lindsey,http://data.ordnancesurvey.co.uk/id/7000000000043527,http://data.ordnancesurvey.co.uk/ontology/admingeo/District,Lincolnshire,http://data.ordnancesurvey.co.uk/id/7000000000005942,http://data.ordnancesurvey.co.uk/ontology/admingeo/County,East Midlands,http://data.ordnancesurvey.co.uk/id/7000000000041423,England,http://data.ordnancesurvey.co.uk/id/country/england,,,
DN215LF,http://data.ordnancesurvey.co.uk/id/postcodeunit/DN215LF,DN21 5LF,,,,other,Postcode,487558,384191,3500,18000,,,,,,,Willingham by Stow,http://data.ordnancesurvey.co.uk/id/4000000074575139,http://www.ordnancesurvey.co.uk/xml/codelists/localtype.xml#village,West Lindsey,http://data.ordnancesurvey.co.uk/id/7000000000043527,http://data.ordnancesurvey.co.uk/ontology/admingeo/District,Lincolnshire,http://data.ordnancesurvey.co.uk/id/7000000000005942,http://data.ordnancesurvey.co.uk/ontology/admingeo/County,East Midlands,http://data.ordnancesurvey.co.uk/id/7000000000041423,England,http://data.ordnancesurvey.co.uk/id/country/england,,,
DN213LW,http://data.ordnancesurvey.co.uk/id/postcodeunit/DN213LW,DN21 3LW,,,,other,Postcode,484550,395439,3500,18000,,,,,,,,,,West Lindsey,http://data.ordnancesurvey.co.uk/id/7000000000043527,http://data.ordnancesurvey.co.uk/ontology/admingeo/District,Lincolnshire,http://data.ordnancesurvey.co.uk/id/7000000000005942,http://data.ordnancesurvey.co.uk/ontology/admingeo/County,East Midlands,http://data.ordnancesurvey.co.uk/id/7000000000041423,England,http://data.ordnancesurvey.co.uk/id/country/england,,,
DN212RF,http://data.ordnancesurvey.co.uk/id/postcodeunit/DN212RF,DN21 2RF,,,,other,Postcode,481383,390454,3500,18000,,,,,,,Gainsborough,http://data.ordnancesurvey.co.uk/id/4000000074575425,http://www.ordnancesurvey.co.uk/xml/codelists/localtype.xml#town,West Lindsey,http://data.ordnancesurvey.co.uk/id/7000000000043527,http://data.ordnancesurvey.co.uk/ontology/admingeo/District,Lincolnshire,http://data.ordnancesurvey.co.uk/id/7000000000005942,http://data.ordnancesurvey.co.uk/ontology/admingeo/County,East Midlands,http://data.ordnancesurvey.co.uk/id/7000000000041423,England,http://data.ordnancesurvey.co.uk/id/country/england,,,
DN214UE,http://data.ordnancesurvey.co.uk/id/postcodeunit/DN214UE,DN21 4UE,,,,other,Postcode,496372,395182,3500,18000,,,,,,,,,,West Lindsey,http://data.ordnancesurvey.co.uk/id/7000000000043527,http://data.ordnancesurvey.co.uk/ontology/admingeo/District,Lincolnshire,http://data.ordnancesurvey.co.uk/id/7000000000005942,http://data.ordnancesurvey.co.uk/ontology/admingeo/County,East Midlands,http://data.ordnancesurvey.co.uk/id/7000000000041423,England,http://data.ordnancesurvey.co.uk/id/country/england,,,
DN213LA,http://data.ordnancesurvey.co.uk/id/postcodeunit/DN213LA,DN21 3LA,,,,other,Postcode,485519,394908,3500,18000,,,,,,,Blyton,http://data.ordnancesurvey.co.uk/id/4000000074575429,http://www.ordnancesurvey.co.uk/xml/codelists/localtype.xml#village,West Lindsey,http://data.ordnancesurvey.co.uk/id/7000000000043527,http://data.ordnancesurvey.co.uk/ontology/admingeo/District,Lincolnshire,http://data.ordnancesurvey.co.uk/id/7000000000005942,http://data.ordnancesurvey.co.uk/ontology/admingeo/County,East Midlands,http://data.ordnancesurvey.co.uk/id/7000000000041423,England,http://data.ordnancesurvey.co.uk/id/country/england,,,
DN215XU,http://data.ordnancesurvey.co.uk/id/postcodeunit/DN215XU,DN21 5XU,,,,other,Postcode,494928,389746,3500,18000,,,,,,,Hemswell Cliff,http://data.ordnancesurvey.co.uk/id/4000000074574338,http://www.ordnancesurvey.co.uk/xml/codelists/localtype.xml#village,West Lindsey,http://data.ordnancesurvey.co.uk/id/7000000000043527,http://data.ordnancesurvey.co.uk/ontology/admingeo/District,Lincolnshire,http://data.ordnancesurvey.co.uk/id/7000000000005942,http://data.ordnancesurvey.co.uk/ontology/admingeo/County,East Midlands,http://data.ordnancesurvey.co.uk/id/7000000000041423,England,http://data.ordnancesurvey.co.uk/id/country/england,,,
DN215PX,http://data.ordnancesurvey.co.uk/id/postcodeunit/DN215PX,DN21 5PX,,,,other,Postcode,487880,389151,3500,18000,,,,,,,Sturgate,http://data.ordnancesurvey.co.uk/id/4000000074574602,http://www.ordnancesurvey.co.uk/xml/codelists/localtype.xml#hamlet,West Lindsey,http://data.ordnancesurvey.co.uk/id/7000000000043527,http://data.ordnancesurvey.co.uk/ontology/admingeo/District,Lincolnshire,http://data.ordnancesurvey.co.uk/id/7000000000005942,http://data.ordnancesurvey.co.uk/ontology/admingeo/County,East Midlands,http://data.ordnancesurvey.co.uk/id/7000000000041423,England,http://data.ordnancesurvey.co.uk/id/country/england,,,
DN213EZ,http://data.ordnancesurvey.co.uk/id/postcodeunit/DN213EZ,DN21 3EZ,,,,other,Postcode,480700,391872,3500,18000,,,,,,,Gainsborough,http://data.ordnancesurvey.co.uk/id/4000000074575425,http://www.ordnancesurvey.co.uk/xml/codelists/localtype.xml#town,West Lindsey,http://data.ordnancesurvey.co.uk/id/7000000000043527,http://data.ordnancesurvey.co.uk/ontology/admingeo/District,Lincolnshire,http://data.ordnancesurvey.co.uk/id/7000000000005942,http://data.ordnancesurvey.co.uk/ontology/admingeo/County,East Midlands,http://data.ordnancesurvey.co.uk/id/7000000000041423,England,http://data.ordnancesurvey.co.uk/id/country/england,,,
DN212NZ,http://data.ordnancesurvey.co.uk/id/postcodeunit/DN212NZ,DN21 2NZ,,,,other,Postcode,480951,390115,3500,18000,,,,,,,Gainsborough,http://data.ordnancesurvey.co.uk/id/4000000074575425,http://www.ordnancesurvey.co.uk/xml/codelists/localtype.xml#town,West Lindsey,http://data.ordnancesurvey.co.uk/id/7000000000043527,http://data.ordnancesurvey.co.uk/ontology/admingeo/District,Lincolnshire,http://data.ordnancesurvey.co.uk/id/7000000000005942,http://data.ordnancesurvey.co.uk/ontology/admingeo/County,East Midlands,http://data.ordnancesurvey.co.uk/id/7000000000041423,England,http://data.ordnancesurvey.co.uk/id/country/england,,,
LN82BB,http://data.ordnancesurvey.co.uk/id/postcodeunit/LN82BB,LN8 2BB,,,,other,Postcode,498559,392589,3500,18000,,,,,,,Bishop Norton,http://data.ordnancesurvey.co.uk/id/4000000074574339,http://www.ordnancesurvey.co.uk/xml/codelists/localtype.xml#village,West Lindsey,http://data.ordnancesurvey.co.uk/id/7000000000043527,http://data.ordnancesurvey.co.uk/ontology/admingeo/District,Lincolnshire,http://data.ordnancesurvey.co.uk/id/7000000000005942,http://data.ordnancesurvey.co.uk/ontology/admingeo/County,East Midlands,http://data.ordnancesurvey.co.uk/id/7000000000041423,England,http://data.ordnancesurvey.co.uk/id/country/england,,,
DN211XU,http://data.ordnancesurvey.co.uk/id/postcodeunit/DN211XU,DN21 1XU,,,,other,Postcode,483098,389341,3500,18000,,,,,,,Gainsborough,http://data.ordnancesurvey.co.uk/id/4000000074575425,http://www.ordnancesurvey.co.uk/xml/codelists/localtype.xml#town,West Lindsey,http://data.ordnancesurvey.co.uk/id/7000000000043527,http://data.ordnancesurvey.co.uk/ontology/admingeo/District,Lincolnshire,http://data.ordnancesurvey.co.uk/id/7000000000005942,http://data.ordnancesurvey.co.uk/ontology/admingeo/County,East Midlands,http://data.ordnancesurvey.co.uk/id/7000000000041423,England,http://data.ordnancesurvey.co.uk/id/country/england,,,
DN211YQ,http://data.ordnancesurvey.co.uk/id/postcodeunit/DN211YQ,DN21 1YQ,,,,other,Postcode,482389,390713,3500,18000,,,,,,,Gainsborough,http://data.ordnancesurvey.co.uk/id/4000000074575425,http://www.ordnancesurvey.co.uk/xml/codelists/localtype.xml#town,West Lindsey,http://data.ordnancesurvey.co.uk/id/7000000000043527,http://data.ordnancesurvey.co.uk/ontology/admingeo/District,Lincolnshire,http://data.ordnancesurvey.co.uk/id/7000000000005942,http://data.ordnancesurvey.co.uk/ontology/admingeo/County,East Midlands,http://data.ordnancesurvey.co.uk/id/7000000000041423,England,http://data.ordnancesurvey.co.uk/id/country/england,,,
DN215BL,http://data.ordnancesurvey.co.uk/id/postcodeunit/DN215BL,DN21 5BL,,,,other,Postcode,493143,385320,3500,18000,,,,,,,,,,West Lindsey,http://data.ordnancesurvey.co.uk/id/7000000000043527,http://data.ordnancesurvey.co.uk/ontology/admingeo/District,Lincolnshire,http://data.ordnancesurvey.co.uk/id/7000000000005942,http://data.ordnancesurvey.co.uk/ontology/admingeo/County,East Midlands,http://data.ordnancesurvey.co.uk/id/7000000000041423,England,http://data.ordnancesurvey.co.uk/id/country/england,,,
DN214NA,http://data.ordnancesurvey.co.uk/id/postcodeunit/DN214NA,DN21 4NA,,,,other,Postcode,493698,398681,3500,18000,,,,,,,Kirton in Lindsey,http://data.ordnancesurvey.co.uk/id/4000000074574884,http://www.ordnancesurvey.co.uk/xml/codelists/localtype.xml#town,,,,North Lincolnshire,http://data.ordnancesurvey.co.uk/id/7000000000025623,http://data.ordnancesurvey.co.uk/ontology/admingeo/UnitaryAuthority,Yorkshire and the Humber,http://data.ordnancesurvey.co.uk/id/7000000000041430,England,http://data.ordnancesurvey.co.uk/id/country/england,,,
LN12YN,http://data.ordnancesurvey.co.uk/id/postcodeunit/LN12YN,LN1 2YN,,,,other,Postcode,492889,380806,3500,18000,,,,,,,,,,West Lindsey,http://data.ordnancesurvey.co.uk/id/7000000000043527,http://data.ordnancesurvey.co.uk/ontology/admingeo/District,Lincolnshire,http://data.ordnancesurvey.co.uk/id/7000000000005942,http://data.ordnancesurvey.co.uk/ontology/admingeo/County,East Midlands,http://data.ordnancesurvey.co.uk/id/7000000000041423,England,http://data.ordnancesurvey.co.uk/id/country/england,,,
DN212TJ,http://data.ordnancesurvey.co.uk/id/postcodeunit/DN212TJ,DN21 2TJ,,,,other,Postcode,480873,391247,3500,18000,,,,,,,Gainsborough,http://data.ordnancesurvey.co.uk/id/4000000074575425,http://www.ordnancesurvey.co.uk/xml/codelists/localtype.xml#town,West Lindsey,http://data.ordnancesurvey.co.uk/id/7000000000043527,http://data.ordnancesurvey.co.uk/ontology/admingeo/District,Lincolnshire,http://data.ordnancesurvey.co.uk/id/7000000000005942,http://data.ordnancesurvey.co.uk/ontology/admingeo/County,East Midlands,http://data.ordnancesurvey.co.uk/id/7000000000041423,England,http://data.ordnancesurvey.co.uk/id/country/england,,,
DN215AJ,http://data.ordnancesurvey.co.uk/id/postcodeunit/DN215AJ,DN21 5AJ,,,,other,Postcode,484112,381843,3500,18000,,,,,,,Marton,http://data.ordnancesurvey.co.uk/id/4000000074577537,http://www.ordnancesurvey.co.uk/xml/codelists/localtype.xml#village,West Lindsey,http://data.ordnancesurvey.co.uk/id/7000000000043527,http://data.ordnancesurvey.co.uk/ontology/admingeo/District,Lincolnshire,http://data.ordnancesurvey.co.uk/id/7000000000005942,http://data.ordnancesurvey.co.uk/ontology/admingeo/County,East Midlands,http://data.ordnancesurvey.co.uk/id/7000000000041423,England,http://data.ordnancesurvey.co.uk/id/country/england,,,
DN214EX,http://data.ordnancesurvey.co.uk/id/postcodeunit/DN214EX,DN21 4EX,,,,other,Postcode,493443,396055,3500,18000,,,,,,,Grayingham,http://data.ordnancesurvey.co.uk/id/4000000074574883,http://www.ordnancesurvey.co.uk/xml/codelists/localtype.xml#village,West Lindsey,http://data.ordnancesurvey.co.uk/id/7000000000043527,http://data.ordnancesurvey.co.uk/ontology/admingeo/District,Lincolnshire,http://data.ordnancesurvey.co.uk/id/7000000000005942,http://data.ordnancesurvey.co.uk/ontology/admingeo/County,East Midlands,http://data.ordnancesurvey.co.uk/id/7000000000041423,England,http://data.ordnancesurvey.co.uk/id/country/england,,,
DN214BW,http://data.ordnancesurvey.co.uk/id/postcodeunit/DN214BW,DN21 4BW,,,,other,Postcode,493259,399074,3500,18000,,,,,,,Kirton in Lindsey,http://data.ordnancesurvey.co.uk/id/4000000074574884,http://www.ordnancesurvey.co.uk/xml/codelists/localtype.xml#town,,,,North Lincolnshire,http://data.ordnancesurvey.co.uk/id/7000000000025623,http://data.ordnancesurvey.co.uk/ontology/admingeo/UnitaryAuthority,Yorkshire and the Humber,http://data.ordnancesurvey.co.uk/id/7000000000041430,England,http://data.ordnancesurvey.co.uk/id/country/england,,,
DN211NU,http://data.ordnancesurvey.co.uk/id/postcodeunit/DN211NU,DN21 1NU,,,,other,Postcode,482473,389052,3500,18000,,,,,,,Gainsborough,http://data.ordnancesurvey.co.uk/id/4000000074575425,http://www.ordnancesurvey.co.uk/xml/codelists/localtype.xml#town,West Lindsey,http://data.ordnancesurvey.co.uk/id/7000000000043527,http://data.ordnancesurvey.co.uk/ontology/admingeo/District,Lincolnshire,http://data.ordnancesurvey.co.uk/id/7000000000005942,http://data.ordnancesurvey.co.uk/ontology/admingeo/County,East Midlands,http://data.ordnancesurvey.co.uk/id/7000000000041423,England,http://data.ordnancesurvey.co.uk/id/country/england,,,
DN212EZ,http://data.ordnancesurvey.co.uk/id/postcodeunit/DN212EZ,DN21 2EZ,,,,other,Postcode,481549,390056,3500,18000,,,,,,,Gainsborough,http://data.ordnancesurvey.co.uk/id/4000000074575425,http://www.ordnancesurvey.co.uk/xml/codelists/localtype.xml#town,West Lindsey,http://data.ordnancesurvey.co.uk/id/7000000000043527,http://data.ordnancesurvey.co.uk/ontology/admingeo/District,Lincolnshire,http://data.ordnancesurvey.co.uk/id/7000000000005942,http://data.ordnancesurvey.co.uk/ontology/admingeo/County,East Midlands,http://data.ordnancesurvey.co.uk/id/7000000000041423,England,http://data.ordnancesurvey.co.uk/id/country/england,,,
DN212UJ,http://data.ordnancesurvey.co.uk/id/postcodeunit/DN212UJ,DN21 2UJ,,,,other,Postcode,481190,391206,3500,18000,,,,,,,Gainsborough,http://data.ordnancesurvey.co.uk/id/4000000074575425,http://www.ordnancesurvey.co.uk/xml/codelists/localtype.xml#town,West Lindsey,http://data.ordnancesurvey.co.uk/id/7000000000043527,http://data.ordnancesurvey.co.uk/ontology/admingeo/District,Lincolnshire,http://data.ordnancesurvey.co.uk/id/7000000000005942,http://data.ordnancesurvey.co.uk/ontology/admingeo/County,East Midlands,http://data.ordnancesurvey.co.uk/id/7000000000041423,England,http://data.ordnancesurvey.co.uk/id/country/england,,,
DN213GF,http://data.ordnancesurvey.co.uk/id/postcodeunit/DN213GF,DN21 3GF,,,,other,Postcode,480584,392122,3500,18000,,,,,,,Gainsborough,http://data.ordnancesurvey.co.uk/id/4000000074575425,http://www.ordnancesurvey.co.uk/xml/codelists/localtype.xml#town,West Lindsey,http://data.ordnancesurvey.co.uk/id/7000000000043527,http://data.ordnancesurvey.co.uk/ontology/admingeo/District,Lincolnshire,http://data.ordnancesurvey.co.uk/id/7000000000005942,http://data.ordnancesurvey.co.uk/ontology/admingeo/County,East Midlands,http://data.ordnancesurvey.co.uk/id/7000000000041423,England,http://data.ordnancesurvey.co.uk/id/country/england,,,
DN212PW,http://data.ordnancesurvey.co.uk/id/postcodeunit/DN212PW,DN21 2PW,,,,other,Postcode,480932,390459,3500,18000,,,,,,,Gainsborough,http://data.ordnancesurvey.co.uk/id/4000000074575425,http://www.ordnancesurvey.co.uk/xml/codelists/localtype.xml#town,West Lindsey,http://data.ordnancesurvey.co.uk/id/7000000000043527,http://data.ordnancesurvey.co.uk/ontology/admingeo/District,Lincolnshire,http://data.ordnancesurvey.co.uk/id/7000000000005942,http://data.ordnancesurvey.co.uk/ontology/admingeo/County,East Midlands,http://data.ordnancesurvey.co.uk/id/7000000000041423,England,http://data.ordnancesurvey.co.uk/id/country/england,,,
DN211EL,http://data.ordnancesurvey.co.uk/id/postcodeunit/DN211EL,DN21 1EL,,,,other,Postcode,482179,390678,3500,18000,,,,,,,Gainsborough,http://data.ordnancesurvey.co.uk/id/4000000074575425,http://www.ordnancesurvey.co.uk/xml/codelists/localtype.xml#town,West Lindsey,http://data.ordnancesurvey.co.uk/id/7000000000043527,http://data.ordnancesurvey.co.uk/ontology/admingeo/District,Lincolnshire,http://data.ordnancesurvey.co.uk/id/7000000000005942,http://data.ordnancesurvey.co.uk/ontology/admingeo/County,East Midlands,http://data.ordnancesurvey.co.uk/id/7000000000041423,England,http://data.ordnancesurvey.co.uk/id/country/england,,,
DN214DY,http://data.ordnancesurvey.co.uk/id/postcodeunit/DN214DY,DN21 4DY,,,,other,Postcode,494066,398320,3500,18000,,,,,,,Kirton in Lindsey,http://data.ordnancesurvey.co.uk/id/4000000074574884,http://www.ordnancesurvey.co.uk/xml/codelists/localtype.xml#town,,,,North Lincolnshire,http://data.ordnancesurvey.co.uk/id/7000000000025623,http://data.ordnancesurvey.co.uk/ontology/admingeo/UnitaryAuthority,Yorkshire and the Humber,http://data.ordnancesurvey.co.uk/id/7000000000041430,England,http://data.ordnancesurvey.co.uk/id/country/england,,,
DN211YJ,http://data.ordnancesurvey.co.uk/id/postcodeunit/DN211YJ,DN21 1YJ,,,,other,Postcode,481933,391072,3500,18000,,,,,,,Gainsborough,http://data.ordnancesurvey.co.uk/id/4000000074575425,http://www.ordnancesurvey.co.uk/xml/codelists/localtype.xml#town,West Lindsey,http://data.ordnancesurvey.co.uk/id/7000000000043527,http://data.ordnancesurvey.co.uk/ontology/admingeo/District,Lincolnshire,http://data.ordnancesurvey.co.uk/id/7000000000005942,http://data.ordnancesurvey.co.uk/ontology/admingeo/County,East Midlands,http://data.ordnancesurvey.co.uk/id/7000000000041423,England,http://data.ordnancesurvey.co.uk/id/country/england,,,
DN215AT,http://data.ordnancesurvey.co.uk/id/postcodeunit/DN215AT,DN21 5AT,,,,other,Postcode,484232,382109,3500,18000,,,,,,,Marton,http://data.ordnancesurvey.co.uk/id/4000000074577537,http://www.ordnancesurvey.co.uk/xml/codelists/localtype.xml#village,West Lindsey,http://data.ordnancesurvey.co.uk/id/7000000000043527,http://data.ordnancesurvey.co.uk/ontology/admingeo/District,Lincolnshire,http://data.ordnancesurvey.co.uk/id/7000000000005942,http://data.ordnancesurvey.co.uk/ontology/admingeo/County,East Midlands,http://data.ordnancesurvey.co.uk/id/7000000000041423,England,http://data.ordnancesurvey.co.uk/id/country/england,,,
DN211QA,http://data.ordnancesurvey.co.uk/id/postcodeunit/DN211QA,DN21 1QA,,,,other,Postcode,483279,390899,3500,18000,,,,,,,Gainsborough,http://data.ordnancesurvey.co.uk/id/4000000074575425,http://www.ordnancesurvey.co.uk/xml/codelists/localtype.xml#town,West Lindsey,http://data.ordnancesurvey.co.uk/id/7000000000043527,http://data.ordnancesurvey.co.uk/ontology/admingeo/District,Lincolnshire,http://data.ordnancesurvey.co.uk/id/7000000000005942,http://data.ordnancesurvey.co.uk/ontology/admingeo/County,East Midlands,http://data.ordnancesurvey.co.uk/id/7000000000041423,England,http://data.ordnancesurvey.co.uk/id/country/england,,,
DN214JB,http://data.ordnancesurvey.co.uk/id/postcodeunit/DN214JB,DN21 4JB,,,,other,Postcode,495220,397314,3500,18000,,,,,,,,,,,,,North Lincolnshire,http://data.ordnancesurvey.co.uk/id/7000000000025623,http://data.ordnancesurvey.co.uk/ontology/admingeo/UnitaryAuthority,Yorkshire and the Humber,http://data.ordnancesurvey.co.uk/id/7000000000041430,England,http://data.ordnancesurvey.co.uk/id/country/england,,,
DN211GW,http://data.ordnancesurvey.co.uk/id/postcodeunit/DN211GW,DN21 1GW,,,,other,Postcode,481750,390429,3500,18000,,,,,,,Gainsborough,http://data.ordnancesurvey.co.uk/id/4000000074575425,http://www.ordnancesurvey.co.uk/xml/codelists/localtype.xml#town,West Lindsey,http://data.ordnancesurvey.co.uk/id/7000000000043527,http://data.ordnancesurvey.co.uk/ontology/admingeo/District,Lincolnshire,http://data.ordnancesurvey.co.uk/id/7000000000005942,http://data.ordnancesurvey.co.uk/ontology/admingeo/County,East Midlands,http://data.ordnancesurvey.co.uk/id/7000000000041423,England,http://data.ordnancesurvey.co.uk/id/country/england,,,
DN212BX,http://data.ordnancesurvey.co.uk/id/postcodeunit/DN212BX,DN21 2BX,,,,other,Postcode,481495,389811,3500,18000,,,,,,,Gainsborough,http://data.ordnancesurvey.co.uk/id/4000000074575425,http://www.ordnancesurvey.co.uk/xml/codelists/localtype.xml#town,West Lindsey,http://data.ordnancesurvey.co.uk/id/7000000000043527,http://data.ordnancesurvey.co.uk/ontology/admingeo/District,Lincolnshire,http://data.ordnancesurvey.co.uk/id/7000000000005942,http://data.ordnancesurvey.co.uk/ontology/admingeo/County,East Midlands,http://data.ordnancesurvey.co.uk/id/7000000000041423,England,http://data.ordnancesurvey.co.uk/id/country/england,,,
DN215TN,http://data.ordnancesurvey.co.uk/id/postcodeunit/DN215TN,DN21 5TN,,,,other,Postcode,495052,390020,3500,18000,,,,,,,Hemswell Cliff,http://data.ordnancesurvey.co.uk/id/4000000074574338,http://www.ordnancesurvey.co.uk/xml/codelists/localtype.xml#village,West Lindsey,http://data.ordnancesurvey.co.uk/id/7000000000043527,http://data.ordnancesurvey.co.uk/ontology/admingeo/District,Lincolnshire,http://data.ordnancesurvey.co.uk/id/7000000000005942,http://data.ordnancesurvey.co.uk/ontology/admingeo/County,East Midlands,http://data.ordnancesurvey.co.uk/id/7000000000041423,England,http://data.ordnancesurvey.co.uk/id/country/england,,,
DN211PP,http://data.ordnancesurvey.co.uk/id/postcodeunit/DN211PP,DN21 1PP,,,,other,Postcode,482663,388602,3500,18000,,,,,,,Gainsborough,http://data.ordnancesurvey.co.uk/id/4000000074575425,http://www.ordnancesurvey.co.uk/xml/codelists/localtype.xml#town,West Lindsey,http://data.ordnancesurvey.co.uk/id/7000000000043527,http://data.ordnancesurvey.co.uk/ontology/admingeo/District,Lincolnshire,http://data.ordnancesurvey.co.uk/id/7000000000005942,http://data.ordnancesurvey.co.uk/ontology/admingeo/County,East Midlands,http://data.ordnancesurvey.co.uk/id/7000000000041423,England,http://data.ordnancesurvey.co.uk/id/country/england,,,
DN215UP,http://data.ordnancesurvey.co.uk/id/postcodeunit/DN215UP,DN21 5UP,,,,other,Postcode,491320,390497,3500,18000,,,,,,,,,,West Lindsey,http://data.ordnancesurvey.co.uk/id/7000000000043527,http://data.ordnancesurvey.co.uk/ontology/admingeo/District,Lincolnshire,http://data.ordnancesurvey.co.uk/id/7000000000005942,http://data.ordnancesurvey.co.uk/ontology/admingeo/County,East Midlands,http://data.ordnancesurvey.co.uk/id/7000000000041423,England,http://data.ordnancesurvey.co.uk/id/country/england,,,
DN215FJ,http://data.ordnancesurvey.co.uk/id/postcodeunit/DN215FJ,DN21 5FJ,,,,other,Postcode,483245,386406,3500,18000,,,,,,,Lea,http://data.ordnancesurvey.co.uk/id/4000000074578253,http://www.ordnancesurvey.co.uk/xml/codelists/localtype.xml#village,West Lindsey,http://data.ordnancesurvey.co.uk/id/7000000000043527,http://data.ordnancesurvey.co.uk/ontology/admingeo/District,Lincolnshire,http://data.ordnancesurvey.co.uk/id/7000000000005942,http://data.ordnancesurvey.co.uk/ontology/admingeo/County,East Midlands,http://data.ordnancesurvey.co.uk/id/7000000000041423,England,http://data.ordnancesurvey.co.uk/id/country/england,,,
DN214AF,http://data.ordnancesurvey.co.uk/id/postcodeunit/DN214AF,DN21 4AF,,,,other,Postcode,489568,397125,3500,18000,,,,,,,Northorpe,http://data.ordnancesurvey.co.uk/id/4000000074574885,http://www.ordnancesurvey.co.uk/xml/codelists/localtype.xml#village,West Lindsey,http://data.ordnancesurvey.co.uk/id/7000000000043527,http://data.ordnancesurvey.co.uk/ontology/admingeo/District,Lincolnshire,http://data.ordnancesurvey.co.uk/id/7000000000005942,http://data.ordnancesurvey.co.uk/ontology/admingeo/County,East Midlands,http://data.ordnancesurvey.co.uk/id/7000000000041423,England,http://data.ordnancesurvey.co.uk/id/country/england,,,
DN215QA,http://data.ordnancesurvey.co.uk/id/postcodeunit/DN215QA,DN21 5QA,,,,other,Postcode,487559,389720,3500,18000,,,,,,,Springthorpe,http://data.ordnancesurvey.co.uk/id/4000000074575141,http://www.ordnancesurvey.co.uk/xml/codelists/localtype.xml#village,West Lindsey,http://data.ordnancesurvey.co.uk/id/7000000000043527,http://data.ordnancesurvey.co.uk/ontology/admingeo/District,Lincolnshire,http://data.ordnancesurvey.co.uk/id/7000000000005942,http://data.ordnancesurvey.co.uk/ontology/admingeo/County,East Midlands,http://data.ordnancesurvey.co.uk/id/7000000000041423,England,http://data.ordnancesurvey.co.uk/id/country/england,,,
DN212TX,http://data.ordnancesurvey.co.uk/id/postcodeunit/DN212TX,DN21 2TX,,,,other,Postcode,480887,391082,3500,18000,,,,,,,Gainsborough,http://data.ordnancesurvey.co.uk/id/4000000074575425,http://www.ordnancesurvey.co.uk/xml/codelists/localtype.xml#town,West Lindsey,http://data.ordnancesurvey.co.uk/id/7000000000043527,http://data.ordnancesurvey.co.uk/ontology/admingeo/District,Lincolnshire,http://data.ordnancesurvey.co.uk/id/7000000000005942,http://data.ordnancesurvey.co.uk/ontology/admingeo/County,East Midlands,http://data.ordnancesurvey.co.uk/id/7000000000041423,England,http://data.ordnancesurvey.co.uk/id/country/england,,,
DN214UA,http://data.ordnancesurvey.co.uk/id/postcodeunit/DN214UA,DN21 4UA,,,,other,Postcode,498161,394530,3500,18000,,,,,,,Snitterby,http://data.ordnancesurvey.co.uk/id/4000000074574606,http://www.ordnancesurvey.co.uk/xml/codelists/localtype.xml#village,West Lindsey,http://data.ordnancesurvey.co.uk/id/7000000000043527,http://data.ordnancesurvey.co.uk/ontology/admingeo/District,Lincolnshire,http://data.ordnancesurvey.co.uk/id/7000000000005942,http://data.ordnancesurvey.co.uk/ontology/admingeo/County,East Midlands,http://data.ordnancesurvey.co.uk/id/7000000000041423,England,http://data.ordnancesurvey.co.uk/id/country/england,,,
DN215LZ,http://data.ordnancesurvey.co.uk/id/postcodeunit/DN215LZ,DN21 5LZ,,,,other,Postcode,487353,385874,3500,18000,,,,,,,Kexby,http://data.ordnancesurvey.co.uk/id/4000000074577769,http://www.ordnancesurvey.co.uk/xml/codelists/localtype.xml#village,West Lindsey,http://data.ordnancesurvey.co.uk/id/7000000000043527,http://data.ordnancesurvey.co.uk/ontology/admingeo/District,Lincolnshire,http://data.ordnancesurvey.co.uk/id/7000000000005942,http://data.ordnancesurvey.co.uk/ontology/admingeo/County,East Midlands,http://data.ordnancesurvey.co.uk/id/7000000000041423,England,http://data.ordnancesurvey.co.uk/id/country/england,,,
DN213BD,http://data.ordnancesurvey.co.uk/id/postcodeunit/DN213BD,DN21 3BD,,,,other,Postcode,480772,391490,3500,18000,,,,,,,Gainsborough,http://data.ordnancesurvey.co.uk/id/4000000074575425,http://www.ordnancesurvey.co.uk/xml/codelists/localtype.xml#town,West Lindsey,http://data.ordnancesurvey.co.uk/id/7000000000043527,http://data.ordnancesurvey.co.uk/ontology/admingeo/District,Lincolnshire,http://data.ordnancesurvey.co.uk/id/7000000000005942,http://data.ordnancesurvey.co.uk/ontology/admingeo/County,East Midlands,http://data.ordnancesurvey.co.uk/id/7000000000041423,England,http://data.ordnancesurvey.co.uk/id/country/england,,,
LN12DZ,http://data.ordnancesurvey.co.uk/id/postcodeunit/LN12DZ,LN1 2DZ,,,,other,Postcode,489269,380426,3500,18000,,,,,,,Sturton by Stow,http://data.ordnancesurvey.co.uk/id/4000000074574600,http://www.ordnancesurvey.co.uk/xml/codelists/localtype.xml#village,West Lindsey,http://data.ordnancesurvey.co.uk/id/7000000000043527,http://data.ordnancesurvey.co.uk/ontology/admingeo/District,Lincolnshire,http://data.ordnancesurvey.co.uk/id/7000000000005942,http://data.ordnancesurvey.co.uk/ontology/admingeo/County,East Midlands,http://data.ordnancesurvey.co.uk/id/7000000000041423,England,http://data.ordnancesurvey.co.uk/id/country/england,,,
DN215NA,http://data.ordnancesurvey.co.uk/id/postcodeunit/DN215NA,DN21 5NA,,,,other,Postcode,487647,385739,3500,18000,,,,,,,Kexby,http://data.ordnancesurvey.co.uk/id/4000000074577769,http://www.ordnancesurvey.co.uk/xml/codelists/localtype.xml#village,West Lindsey,http://data.ordnancesurvey.co.uk/id/7000000000043527,http://data.ordnancesurvey.co.uk/ontology/admingeo/District,Lincolnshire,http://data.ordnancesurvey.co.uk/id/7000000000005942,http://data.ordnancesurvey.co.uk/ontology/admingeo/County,East Midlands,http://data.ordnancesurvey.co.uk/id/7000000000041423,England,http://data.ordnancesurvey.co.uk/id/country/england,,,
LN12XW,http://data.ordnancesurvey.co.uk/id/postcodeunit/LN12XW,LN1 2XW,,,,other,Postcode,495004,383570,3500,18000,,,,,,,Ingham,http://data.ordnancesurvey.co.uk/id/4000000074574875,http://www.ordnancesurvey.co.uk/xml/codelists/localtype.xml#village,West Lindsey,http://data.ordnancesurvey.co.uk/id/7000000000043527,http://data.ordnancesurvey.co.uk/ontology/admingeo/District,Lincolnshire,http://data.ordnancesurvey.co.uk/id/7000000000005942,http://data.ordnancesurvey.co.uk/ontology/admingeo/County,East Midlands,http://data.ordnancesurvey.co.uk/id/7000000000041423,England,http://data.ordnancesurvey.co.uk/id/country/england,,,
DN215TX,http://data.ordnancesurvey.co.uk/id/postcodeunit/DN215TX,DN21 5TX,,,,other,Postcode,494724,389692,3500,18000,,,,,,,Hemswell Cliff,http://data.ordnancesurvey.co.uk/id/4000000074574338,http://www.ordnancesurvey.co.uk/xml/codelists/localtype.xml#village,West Lindsey,http://data.ordnancesurvey.co.uk/id/7000000000043527,http://data.ordnancesurvey.co.uk/ontology/admingeo/District,Lincolnshire,http://data.ordnancesurvey.co.uk/id/7000000000005942,http://data.ordnancesurvey.co.uk/ontology/admingeo/County,East Midlands,http://data.ordnancesurvey.co.uk/id/7000000000041423,England,http://data.ordnancesurvey.co.uk/id/country/england,,,
DN213AU,http://data.ordnancesurvey.co.uk/id/postcodeunit/DN213AU,DN21 3AU,,,,other,Postcode,480959,391605,3500,18000,,,,,,,Gainsborough,http://data.ordnancesurvey.co.uk/id/4000000074575425,http://www.ordnancesurvey.co.uk/xml/codelists/localtype.xml#town,West Lindsey,http://data.ordnancesurvey.co.uk/id/7000000000043527,http://data.ordnancesurvey.co.uk/ontology/admingeo/District,Lincolnshire,http://data.ordnancesurvey.co.uk/id/7000000000005942,http://data.ordnancesurvey.co.uk/ontology/admingeo/County,East Midlands,http://data.ordnancesurvey.co.uk/id/7000000000041423,England,http://data.ordnancesurvey.co.uk/id/country/england,,,
DN211FT,http://data.ordnancesurvey.co.uk/id/postcodeunit/DN211FT,DN21 1FT,,,,other,Postcode,482712,390629,3500,18000,,,,,,,Gainsborough,http://data.ordnancesurvey.co.uk/id/4000000074575425,http://www.ordnancesurvey.co.uk/xml/codelists/localtype.xml#town,West Lindsey,http://data.ordnancesurvey.co.uk/id/7000000000043527,http://data.ordnancesurvey.co.uk/ontology/admingeo/District,Lincolnshire,http://data.ordnancesurvey.co.uk/id/7000000000005942,http://data.ordnancesurvey.co.uk/ontology/admingeo/County,East Midlands,http://data.ordnancesurvey.co.uk/id/7000000000041423,England,http://data.ordnancesurvey.co.uk/id/country/england,,,
DN212QY,http://data.ordnancesurvey.co.uk/id/postcodeunit/DN212QY,DN21 2QY,,,,other,Postcode,481560,390647,3500,18000,,,,,,,Gainsborough,http://data.ordnancesurvey.co.uk/id/4000000074575425,http://www.ordnancesurvey.co.uk/xml/codelists/localtype.xml#town,West Lindsey,http://data.ordnancesurvey.co.uk/id/7000000000043527,http://data.ordnancesurvey.co.uk/ontology/admingeo/District,Lincolnshire,http://data.ordnancesurvey.co.uk/id/7000000000005942,http://data.ordnancesurvey.co.uk/ontology/admingeo/County,East Midlands,http://data.ordnancesurvey.co.uk/id/7000000000041423,England,http://data.ordnancesurvey.co.uk/id/country/england,,,
DN211RA,http://data.ordnancesurvey.co.uk/id/postcodeunit/DN211RA,DN21 1RA,,,,other,Postcode,483086,389916,3500,18000,,,,,,,Gainsborough,http://data.ordnancesurvey.co.uk/id/4000000074575425,http://www.ordnancesurvey.co.uk/xml/codelists/localtype.xml#town,West Lindsey,http://data.ordnancesurvey.co.uk/id/7000000000043527,http://data.ordnancesurvey.co.uk/ontology/admingeo/District,Lincolnshire,http://data.ordnancesurvey.co.uk/id/7000000000005942,http://data.ordnancesurvey.co.uk/ontology/admingeo/County,East Midlands,http://data.ordnancesurvey.co.uk/id/7000000000041423,England,http://data.ordnancesurvey.co.uk/id/country/england,,,
DN211PU,http://data.ordnancesurvey.co.uk/id/postcodeunit/DN211PU,DN21 1PU,,,,other,Postcode,482285,389707,3500,18000,,,,,,,Gainsborough,http://data.ordnancesurvey.co.uk/id/4000000074575425,http://www.ordnancesurvey.co.uk/xml/codelists/localtype.xml#town,West Lindsey,http://data.ordnancesurvey.co.uk/id/7000000000043527,http://data.ordnancesurvey.co.uk/ontology/admingeo/District,Lincolnshire,http://data.ordnancesurvey.co.uk/id/7000000000005942,http://data.ordnancesurvey.co.uk/ontology/admingeo/County,East Midlands,http://data.ordnancesurvey.co.uk/id/7000000000041423,England,http://data.ordnancesurvey.co.uk/id/country/england,,,
LN12FN,http://data.ordnancesurvey.co.uk/id/postcodeunit/LN12FN,LN1 2FN,,,,other,Postcode,494889,383329,3500,18000,,,,,,,Ingham,http://data.ordnancesurvey.co.uk/id/4000000074574875,http://www.ordnancesurvey.co.uk/xml/codelists/localtype.xml#village,West Lindsey,http://data.ordnancesurvey.co.uk/id/7000000000043527,http://data.ordnancesurvey.co.uk/ontology/admingeo/District,Lincolnshire,http://data.ordnancesurvey.co.uk/id/7000000000005942,http://data.ordnancesurvey.co.uk/ontology/admingeo/County,East Midlands,http://data.ordnancesurvey.co.uk/id/7000000000041423,England,http://data.ordnancesurvey.co.uk/id/country/england,,,
DN213EH,http://data.ordnancesurvey.co.uk/id/postcodeunit/DN213EH,DN21 3EH,,,,other,Postcode,481844,396203,3500,18000,,,,,,,,,,West Lindsey,http://data.ordnancesurvey.co.uk/id/7000000000043527,http://data.ordnancesurvey.co.uk/ontology/admingeo/District,Lincolnshire,http://data.ordnancesurvey.co.uk/id/7000000000005942,http://data.ordnancesurvey.co.uk/ontology/admingeo/County,East Midlands,http://data.ordnancesurvey.co.uk/id/7000000000041423,England,http://data.ordnancesurvey.co.uk/id/country/england,,,
DN211FH,http://data.ordnancesurvey.co.uk/id/postcodeunit/DN211FH,DN21 1FH,,,,other,Postcode,482477,390548,3500,18000,,,,,,,Gainsborough,http://data.ordnancesurvey.co.uk/id/4000000074575425,http://www.ordnancesurvey.co.uk/xml/codelists/localtype.xml#town,West Lindsey,http://data.ordnancesurvey.co.uk/id/7000000000043527,http://data.ordnancesurvey.co.uk/ontology/admingeo/District,Lincolnshire,http://data.ordnancesurvey.co.uk/id/7000000000005942,http://data.ordnancesurvey.co.uk/ontology/admingeo/County,East Midlands,http://data.ordnancesurvey.co.uk/id/7000000000041423,England,http://data.ordnancesurvey.co.uk/id/country/england,,,
DN212QR,http://data.ordnancesurvey.co.uk/id/postcodeunit/DN212QR,DN21 2QR,,,,other,Postcode,481567,390478,3500,18000,,,,,,,Gainsborough,http://data.ordnancesurvey.co.uk/id/4000000074575425,http://www.ordnancesurvey.co.uk/xml/codelists/localtype.xml#town,West Lindsey,http://data.ordnancesurvey.co.uk/id/7000000000043527,http://data.ordnancesurvey.co.uk/ontology/admingeo/District,Lincolnshire,http://data.ordnancesurvey.co.uk/id/7000000000005942,http://data.ordnancesurvey.co.uk/ontology/admingeo/County,East Midlands,http://data.ordnancesurvey.co.uk/id/7000000000041423,England,http://data.ordnancesurvey.co.uk/id/country/england,,,
DN211RL,http://data.ordnancesurvey.co.uk/id/postcodeunit/DN211RL,DN21 1RL,,,,other,Postcode,482978,390059,3500,18000,,,,,,,Gainsborough,http://data.ordnancesurvey.co.uk/id/4000000074575425,http://www.ordnancesurvey.co.uk/xml/codelists/localtype.xml#town,West Lindsey,http://data.ordnancesurvey.co.uk/id/7000000000043527,http://data.ordnancesurvey.co.uk/ontology/admingeo/District,Lincolnshire,http://data.ordnancesurvey.co.uk/id/7000000000005942,http://data.ordnancesurvey.co.uk/ontology/admingeo/County,East Midlands,http://data.ordnancesurvey.co.uk/id/7000000000041423,England,http://data.ordnancesurvey.co.uk/id/country/england,,,
LN82BU,http://data.ordnancesurvey.co.uk/id/postcodeunit/LN82BU,LN8 2BU,,,,other,Postcode,496852,388520,3500,18000,,,,,,,,,,West Lindsey,http://data.ordnancesurvey.co.uk/id/7000000000043527,http://data.ordnancesurvey.co.uk/ontology/admingeo/District,Lincolnshire,http://data.ordnancesurvey.co.uk/id/7000000000005942,http://data.ordnancesurvey.co.uk/ontology/admingeo/County,East Midlands,http://data.ordnancesurvey.co.uk/id/7000000000041423,England,http://data.ordnancesurvey.co.uk/id/country/england,,,
DN214EB,http://data.ordnancesurvey.co.uk/id/postcodeunit/DN214EB,DN21 4EB,,,,other,Postcode,493128,398897,3500,18000,,,,,,,Kirton in Lindsey,http://data.ordnancesurvey.co.uk/id/4000000074574884,http://www.ordnancesurvey.co.uk/xml/codelists/localtype.xml#town,,,,North Lincolnshire,http://data.ordnancesurvey.co.uk/id/7000000000025623,http://data.ordnancesurvey.co.uk/ontology/admingeo/UnitaryAuthority,Yorkshire and the Humber,http://data.ordnancesurvey.co.uk/id/7000000000041430,England,http://data.ordnancesurvey.co.uk/id/country/england,,,
DN211PH,http://data.ordnancesurvey.co.uk/id/postcodeunit/DN211PH,DN21 1PH,,,,other,Postcode,482607,388895,3500,18000,,,,,,,Gainsborough,http://data.ordnancesurvey.co.uk/id/4000000074575425,http://www.ordnancesurvey.co.uk/xml/codelists/localtype.xml#town,West Lindsey,http://data.ordnancesurvey.co.uk/id/7000000000043527,http://data.ordnancesurvey.co.uk/ontology/admingeo/District,Lincolnshire,http://data.ordnancesurvey.co.uk/id/7000000000005942,http://data.ordnancesurvey.co.uk/ontology/admingeo/County,East Midlands,http://data.ordnancesurvey.co.uk/id/7000000000041423,England,http://data.ordnancesurvey.co.uk/id/country/england,,,
DN215LG,http://data.ordnancesurvey.co.uk/id/postcodeunit/DN215LG,DN21 5LG,,,,other,Postcode,487785,383788,3500,18000,,,,,,,Willingham by Stow,http://data.ordnancesurvey.co.uk/id/4000000074575139,http://www.ordnancesurvey.co.uk/xml/codelists/localtype.xml#village,West Lindsey,http://data.ordnancesurvey.co.uk/id/7000000000043527,http://data.ordnancesurvey.co.uk/ontology/admingeo/District,Lincolnshire,http://data.ordnancesurvey.co.uk/id/7000000000005942,http://data.ordnancesurvey.co.uk/ontology/admingeo/County,East Midlands,http://data.ordnancesurvey.co.uk/id/7000000000041423,England,http://data.ordnancesurvey.co.uk/id/country/england,,,
DN212TE,http://data.ordnancesurvey.co.uk/id/postcodeunit/DN212TE,DN21 2TE,,,,other,Postcode,480780,391430,3500,18000,,,,,,,Gainsborough,http://data.ordnancesurvey.co.uk/id/4000000074575425,http://www.ordnancesurvey.co.uk/xml/codelists/localtype.xml#town,West Lindsey,http://data.ordnancesurvey.co.uk/id/7000000000043527,http://data.ordnancesurvey.co.uk/ontology/admingeo/District,Lincolnshire,http://data.ordnancesurvey.co.uk/id/7000000000005942,http://data.ordnancesurvey.co.uk/ontology/admingeo/County,East Midlands,http://data.ordnancesurvey.co.uk/id/7000000000041423,England,http://data.ordnancesurvey.co.uk/id/country/england,,,
DN214RJ,http://data.ordnancesurvey.co.uk/id/postcodeunit/DN214RJ,DN21 4RJ,,,,other,Postcode,498093,395962,3500,18000,,,,,,,Waddingham,http://data.ordnancesurvey.co.uk/id/4000000074574880,http://www.ordnancesurvey.co.uk/xml/codelists/localtype.xml#village,West Lindsey,http://data.ordnancesurvey.co.uk/id/7000000000043527,http://data.ordnancesurvey.co.uk/ontology/admingeo/District,Lincolnshire,http://data.ordnancesurvey.co.uk/id/7000000000005942,http://data.ordnancesurvey.co.uk/ontology/admingeo/County,East Midlands,http://data.ordnancesurvey.co.uk/id/7000000000041423,England,http://data.ordnancesurvey.co.uk/id/country/england,,,
DN212DT,http://data.ordnancesurvey.co.uk/id/postcodeunit/DN212DT,DN21 2DT,,,,other,Postcode,481453,389790,3500,18000,,,,,,,Gainsborough,http://data.ordnancesurvey.co.uk/id/4000000074575425,http://www.ordnancesurvey.co.uk/xml/codelists/localtype.xml#town,West Lindsey,http://data.ordnancesurvey.co.uk/id/7000000000043527,http://data.ordnancesurvey.co.uk/ontology/admingeo/District,Lincolnshire,http://data.ordnancesurvey.co.uk/id/7000000000005942,http://data.ordnancesurvey.co.uk/ontology/admingeo/County,East Midlands,http://data.ordnancesurvey.co.uk/id/7000000000041423,England,http://data.ordnancesurvey.co.uk/id/country/england,,,
DN211EP,http://data.ordnancesurvey.co.uk/id/postcodeunit/DN211EP,DN21 1EP,,,,other,Postcode,482017,390648,3500,18000,,,,,,,Gainsborough,http://data.ordnancesurvey.co.uk/id/4000000074575425,http://www.ordnancesurvey.co.uk/xml/codelists/localtype.xml#town,West Lindsey,http://data.ordnancesurvey.co.uk/id/7000000000043527,http://data.ordnancesurvey.co.uk/ontology/admingeo/District,Lincolnshire,http://data.ordnancesurvey.co.uk/id/7000000000005942,http://data.ordnancesurvey.co.uk/ontology/admingeo/County,East Midlands,http://data.ordnancesurvey.co.uk/id/7000000000041423,England,http://data.ordnancesurvey.co.uk/id/country/england,,,
DN211HT,http://data.ordnancesurvey.co.uk/id/postcodeunit/DN211HT,DN21 1HT,,,,other,Postcode,481604,389450,3500,18000,,,,,,,Gainsborough,http://data.ordnancesurvey.co.uk/id/4000000074575425,http://www.ordnancesurvey.co.uk/xml/codelists/localtype.xml#town,West Lindsey,http://data.ordnancesurvey.co.uk/id/7000000000043527,http://data.ordnancesurvey.co.uk/ontology/admingeo/District,Lincolnshire,http://data.ordnancesurvey.co.uk/id/7000000000005942,http://data.ordnancesurvey.co.uk/ontology/admingeo/County,East Midlands,http://data.ordnancesurvey.co.uk/id/7000000000041423,England,http://data.ordnancesurvey.co.uk/id/country/england,,,
LN82BH,http://data.ordnancesurvey.co.uk/id/postcodeunit/LN82BH,LN8 2BH,,,,other,Postcode,498371,392725,3500,18000,,,,,,,Bishop Norton,http://data.ordnancesurvey.co.uk/id/4000000074574339,http://www.ordnancesurvey.co.uk/xml/codelists/localtype.xml#village,West Lindsey,http://data.ordnancesurvey.co.uk/id/7000000000043527,http://data.ordnancesurvey.co.uk/ontology/admingeo/District,Lincolnshire,http://data.ordnancesurvey.co.uk/id/7000000000005942,http://data.ordnancesurvey.co.uk/ontology/admingeo/County,East Midlands,http://data.ordnancesurvey.co.uk/id/7000000000041423,England,http://data.ordnancesurvey.co.uk/id/country/england,,,
DN91RW,http://data.ordnancesurvey.co.uk/id/postcodeunit/DN91RW,DN9 1RW,,,,other,Postcode,481309,399943,3500,18000,,,,,,,Owston Ferry,http://data.ordnancesurvey.co.uk/id/4000000074575724,http://www.ordnancesurvey.co.uk/xml/codelists/localtype.xml#village,,,,North Lincolnshire,http://data.ordnancesurvey.co.uk/id/7000000000025623,http://data.ordnancesurvey.co.uk/ontology/admingeo/UnitaryAuthority,Yorkshire and the Humber,http://data.ordnancesurvey.co.uk/id/7000000000041430,England,http://data.ordnancesurvey.co.uk/id/country/england,,,
DN211SR,http://data.ordnancesurvey.co.uk/id/postcodeunit/DN211SR,DN21 1SR,,,,other,Postcode,482840,389717,3500,18000,,,,,,,Gainsborough,http://data.ordnancesurvey.co.uk/id/4000000074575425,http://www.ordnancesurvey.co.uk/xml/codelists/localtype.xml#town,West Lindsey,http://data.ordnancesurvey.co.uk/id/7000000000043527,http://data.ordnancesurvey.co.uk/ontology/admingeo/District,Lincolnshire,http://data.ordnancesurvey.co.uk/id/7000000000005942,http://data.ordnancesurvey.co.uk/ontology/admingeo/County,East Midlands,http://data.ordnancesurvey.co.uk/id/7000000000041423,England,http://data.ordnancesurvey.co.uk/id/country/england,,,
DN211DL,http://data.ordnancesurvey.co.uk/id/postcodeunit/DN211DL,DN21 1DL,,,,other,Postcode,481783,388833,3500,18000,,,,,,,Gainsborough,http://data.ordnancesurvey.co.uk/id/4000000074575425,http://www.ordnancesurvey.co.uk/xml/codelists/localtype.xml#town,West Lindsey,http://data.ordnancesurvey.co.uk/id/7000000000043527,http://data.ordnancesurvey.co.uk/ontology/admingeo/District,Lincolnshire,http://data.ordnancesurvey.co.uk/id/7000000000005942,http://data.ordnancesurvey.co.uk/ontology/admingeo/County,East Midlands,http://data.ordnancesurvey.co.uk/id/7000000000041423,England,http://data.ordnancesurvey.co.uk/id/country/england,,,
DN214EE,http://data.ordnancesurvey.co.uk/id/postcodeunit/DN214EE,DN21 4EE,,,,other,Postcode,493090,398806,3500,18000,,,,,,,Kirton in Lindsey,http://data.ordnancesurvey.co.uk/id/4000000074574884,http://www.ordnancesurvey.co.uk/xml/codelists/localtype.xml#town,,,,North Lincolnshire,http://data.ordnancesurvey.co.uk/id/7000000000025623,http://data.ordnancesurvey.co.uk/ontology/admingeo/UnitaryAuthority,Yorkshire and the Humber,http://data.ordnancesurvey.co.uk/id/7000000000041430,England,http://data.ordnancesurvey.co.uk/id/country/england,,,
DN211TT,http://data.ordnancesurvey.co.uk/id/postcodeunit/DN211TT,DN21 1TT,,,,other,Postcode,482839,389142,3500,18000,,,,,,,Gainsborough,http://data.ordnancesurvey.co.uk/id/4000000074575425,http://www.ordnancesurvey.co.uk/xml/codelists/localtype.xml#town,West Lindsey,http://data.ordnancesurvey.co.uk/id/7000000000043527,http://data.ordnancesurvey.co.uk/ontology/admingeo/District,Lincolnshire,http://data.ordnancesurvey.co.uk/id/7000000000005942,http://data.ordnancesurvey.co.uk/ontology/admingeo/County,East Midlands,http://data.ordnancesurvey.co.uk/id/7000000000041423,England,http://data.ordnancesurvey.co.uk/id/country/england,,,
DN215NH,http://data.ordnancesurvey.co.uk/id/postcodeunit/DN215NH,DN21 5NH,,,,other,Postcode,486429,386642,3500,18000,,,,,,,Upton,http://data.ordnancesurvey.co.uk/id/4000000074578003,http://www.ordnancesurvey.co.uk/xml/codelists/localtype.xml#village,West Lindsey,http://data.ordnancesurvey.co.uk/id/7000000000043527,http://data.ordnancesurvey.co.uk/ontology/admingeo/District,Lincolnshire,http://data.ordnancesurvey.co.uk/id/7000000000005942,http://data.ordnancesurvey.co.uk/ontology/admingeo/County,East Midlands,http://data.ordnancesurvey.co.uk/id/7000000000041423,England,http://data.ordnancesurvey.co.uk/id/country/england,,,
DN214NG,http://data.ordnancesurvey.co.uk/id/postcodeunit/DN214NG,DN21 4NG,,,,other,Postcode,493823,398725,3500,18000,,,,,,,Kirton in Lindsey,http://data.ordnancesurvey.co.uk/id/4000000074574884,http://www.ordnancesurvey.co.uk/xml/codelists/localtype.xml#town,,,,North Lincolnshire,http://data.ordnancesurvey.co.uk/id/7000000000025623,http://data.ordnancesurvey.co.uk/ontology/admingeo/UnitaryAuthority,Yorkshire and the Humber,http://data.ordnancesurvey.co.uk/id/7000000000041430,England,http://data.ordnancesurvey.co.uk/id/country/england,,,
DN215JH,http://data.ordnancesurvey.co.uk/id/postcodeunit/DN215JH,DN21 5JH,,,,other,Postcode,482251,387473,3500,18000,,,,,,,Lea,http://data.ordnancesurvey.co.uk/id/4000000074578253,http://www.ordnancesurvey.co.uk/xml/codelists/localtype.xml#village,West Lindsey,http://data.ordnancesurvey.co.uk/id/7000000000043527,http://data.ordnancesurvey.co.uk/ontology/admingeo/District,Lincolnshire,http://data.ordnancesurvey.co.uk/id/7000000000005942,http://data.ordnancesurvey.co.uk/ontology/admingeo/County,East Midlands,http://data.ordnancesurvey.co.uk/id/7000000000041423,England,http://data.ordnancesurvey.co.uk/id/country/england,,,
DN212QD,http://data.ordnancesurvey.co.uk/id/postcodeunit/DN212QD,DN21 2QD,,,,other,Postcode,481125,390030,3500,18000,,,,,,,Gainsborough,http://data.ordnancesurvey.co.uk/id/4000000074575425,http://www.ordnancesurvey.co.uk/xml/codelists/localtype.xml#town,West Lindsey,http://data.ordnancesurvey.co.uk/id/7000000000043527,http://data.ordnancesurvey.co.uk/ontology/admingeo/District,Lincolnshire,http://data.ordnancesurvey.co.uk/id/7000000000005942,http://data.ordnancesurvey.co.uk/ontology/admingeo/County,East Midlands,http://data.ordnancesurvey.co.uk/id/7000000000041423,England,http://data.ordnancesurvey.co.uk/id/country/england,,,
DN214TF,http://data.ordnancesurvey.co.uk/id/postcodeunit/DN214TF,DN21 4TF,,,,other,Postcode,497719,397427,3500,18000,,,,,,,,,,,,,North Lincolnshire,http://data.ordnancesurvey.co.uk/id/7000000000025623,http://data.ordnancesurvey.co.uk/ontology/admingeo/UnitaryAuthority,Yorkshire and the Humber,http://data.ordnancesurvey.co.uk/id/7000000000041430,England,http://data.ordnancesurvey.co.uk/id/country/england,,,
DN214PU,http://data.ordnancesurvey.co.uk/id/postcodeunit/DN214PU,DN21 4PU,,,,other,Postcode,494726,397990,3500,18000,,,,,,,Kirton in Lindsey,http://data.ordnancesurvey.co.uk/id/4000000074574884,http://www.ordnancesurvey.co.uk/xml/codelists/localtype.xml#town,,,,North Lincolnshire,http://data.ordnancesurvey.co.uk/id/7000000000025623,http://data.ordnancesurvey.co.uk/ontology/admingeo/UnitaryAuthority,Yorkshire and the Humber,http://data.ordnancesurvey.co.uk/id/7000000000041430,England,http://data.ordnancesurvey.co.uk/id/country/england,,,
DN211RG,http://data.ordnancesurvey.co.uk/id/postcodeunit/DN211RG,DN21 1RG,,,,other,Postcode,482469,390033,3500,18000,,,,,,,Gainsborough,http://data.ordnancesurvey.co.uk/id/4000000074575425,http://www.ordnancesurvey.co.uk/xml/codelists/localtype.xml#town,West Lindsey,http://data.ordnancesurvey.co.uk/id/7000000000043527,http://data.ordnancesurvey.co.uk/ontology/admingeo/District,Lincolnshire,http://data.ordnancesurvey.co.uk/id/7000000000005942,http://data.ordnancesurvey.co.uk/ontology/admingeo/County,East Midlands,http://data.ordnancesurvey.co.uk/id/7000000000041423,England,http://data.ordnancesurvey.co.uk/id/country/england,,,
DN214RN,http://data.ordnancesurvey.co.uk/id/postcodeunit/DN214RN,DN21 4RN,,,,other,Postcode,499557,395500,3500,18000,,,,,,,,,,West Lindsey,http://data.ordnancesurvey.co.uk/id/7000000000043527,http://data.ordnancesurvey.co.uk/ontology/admingeo/District,Lincolnshire,http://data.ordnancesurvey.co.uk/id/7000000000005942,http://data.ordnancesurvey.co.uk/ontology/admingeo/County,East Midlands,http://data.ordnancesurvey.co.uk/id/7000000000041423,England,http://data.ordnancesurvey.co.uk/id/country/england,,,
DN211RH,http://data.ordnancesurvey.co.uk/id/postcodeunit/DN211RH,DN21 1RH,,,,other,Postcode,482900,390116,3500,18000,,,,,,,Gainsborough,http://data.ordnancesurvey.co.uk/id/4000000074575425,http://www.ordnancesurvey.co.uk/xml/codelists/localtype.xml#town,West Lindsey,http://data.ordnancesurvey.co.uk/id/7000000000043527,http://data.ordnancesurvey.co.uk/ontology/admingeo/District,Lincolnshire,http://data.ordnancesurvey.co.uk/id/7000000000005942,http://data.ordnancesurvey.co.uk/ontology/admingeo/County,East Midlands,http://data.ordnancesurvey.co.uk/id/7000000000041423,England,http://data.ordnancesurvey.co.uk/id/country/england,,,
DN212AS,http://data.ordnancesurvey.co.uk/id/postcodeunit/DN212AS,DN21 2AS,,,,other,Postcode,481454,389566,3500,18000,,,,,,,Gainsborough,http://data.ordnancesurvey.co.uk/id/4000000074575425,http://www.ordnancesurvey.co.uk/xml/codelists/localtype.xml#town,West Lindsey,http://data.ordnancesurvey.co.uk/id/7000000000043527,http://data.ordnancesurvey.co.uk/ontology/admingeo/District,Lincolnshire,http://data.ordnancesurvey.co.uk/id/7000000000005942,http://data.ordnancesurvey.co.uk/ontology/admingeo/County,East Midlands,http://data.ordnancesurvey.co.uk/id/7000000000041423,England,http://data.ordnancesurvey.co.uk/id/country/england,,,
DN214NB,http://data.ordnancesurvey.co.uk/id/postcodeunit/DN214NB,DN21 4NB,,,,other,Postcode,493668,398693,3500,18000,,,,,,,Kirton in Lindsey,http://data.ordnancesurvey.co.uk/id/4000000074574884,http://www.ordnancesurvey.co.uk/xml/codelists/localtype.xml#town,,,,North Lincolnshire,http://data.ordnancesurvey.co.uk/id/7000000000025623,http://data.ordnancesurvey.co.uk/ontology/admingeo/UnitaryAuthority,Yorkshire and the Humber,http://data.ordnancesurvey.co.uk/id/7000000000041430,England,http://data.ordnancesurvey.co.uk/id/country/england,,,
DN215EU,http://data.ordnancesurvey.co.uk/id/postcodeunit/DN215EU,DN21 5EU,,,,other,Postcode,484673,385410,3500,18000,,,,,,,Knaith Park,http://data.ordnancesurvey.co.uk/id/4000000074813593,http://www.ordnancesurvey.co.uk/xml/codelists/localtype.xml#village,West Lindsey,http://data.ordnancesurvey.co.uk/id/7000000000043527,http://data.ordnancesurvey.co.uk/ontology/admingeo/District,Lincolnshire,http://data.ordnancesurvey.co.uk/id/7000000000005942,http://data.ordnancesurvey.co.uk/ontology/admingeo/County,East Midlands,http://data.ordnancesurvey.co.uk/id/7000000000041423,England,http://data.ordnancesurvey.co.uk/id/country/england,,,
DN212LA,http://data.ordnancesurvey.co.uk/id/postcodeunit/DN212LA,DN21 2LA,,,,other,Postcode,481295,390421,3500,18000,,,,,,,Gainsborough,http://data.ordnancesurvey.co.uk/id/4000000074575425,http://www.ordnancesurvey.co.uk/xml/codelists/localtype.xml#town,West Lindsey,http://data.ordnancesurvey.co.uk/id/7000000000043527,http://data.ordnancesurvey.co.uk/ontology/admingeo/District,Lincolnshire,http://data.ordnancesurvey.co.uk/id/7000000000005942,http://data.ordnancesurvey.co.uk/ontology/admingeo/County,East Midlands,http://data.ordnancesurvey.co.uk/id/7000000000041423,England,http://data.ordnancesurvey.co.uk/id/country/england,,,
DN215BJ,http://data.ordnancesurvey.co.uk/id/postcodeunit/DN215BJ,DN21 5BJ,,,,other,Postcode,491137,385305,3500,18000,,,,,,,,,,West Lindsey,http://data.ordnancesurvey.co.uk/id/7000000000043527,http://data.ordnancesurvey.co.uk/ontology/admingeo/District,Lincolnshire,http://data.ordnancesurvey.co.uk/id/7000000000005942,http://data.ordnancesurvey.co.uk/ontology/admingeo/County,East Midlands,http://data.ordnancesurvey.co.uk/id/7000000000041423,England,http://data.ordnancesurvey.co.uk/id/country/england,,,
DN214NR,http://data.ordnancesurvey.co.uk/id/postcodeunit/DN214NR,DN21 4NR,,,,other,Postcode,493843,398515,3500,18000,,,,,,,Kirton in Lindsey,http://data.ordnancesurvey.co.uk/id/4000000074574884,http://www.ordnancesurvey.co.uk/xml/codelists/localtype.xml#town,,,,North Lincolnshire,http://data.ordnancesurvey.co.uk/id/7000000000025623,http://data.ordnancesurvey.co.uk/ontology/admingeo/UnitaryAuthority,Yorkshire and the Humber,http://data.ordnancesurvey.co.uk/id/7000000000041430,England,http://data.ordnancesurvey.co.uk/id/country/england,,,
DN215AS,http://data.ordnancesurvey.co.uk/id/postcodeunit/DN215AS,DN21 5AS,,,,other,Postcode,484525,381733,3500,18000,,,,,,,Marton,http://data.ordnancesurvey.co.uk/id/4000000074577537,http://www.ordnancesurvey.co.uk/xml/codelists/localtype.xml#village,West Lindsey,http://data.ordnancesurvey.co.uk/id/7000000000043527,http://data.ordnancesurvey.co.uk/ontology/admingeo/District,Lincolnshire,http://data.ordnancesurvey.co.uk/id/7000000000005942,http://data.ordnancesurvey.co.uk/ontology/admingeo/County,East Midlands,http://data.ordnancesurvey.co.uk/id/7000000000041423,England,http://data.ordnancesurvey.co.uk/id/country/england,,,
LN12DX,http://data.ordnancesurvey.co.uk/id/postcodeunit/LN12DX,LN1 2DX,,,,other,Postcode,489191,380344,3500,18000,,,,,,,Sturton by Stow,http://data.ordnancesurvey.co.uk/id/4000000074574600,http://www.ordnancesurvey.co.uk/xml/codelists/localtype.xml#village,West Lindsey,http://data.ordnancesurvey.co.uk/id/7000000000043527,http://data.ordnancesurvey.co.uk/ontology/admingeo/District,Lincolnshire,http://data.ordnancesurvey.co.uk/id/7000000000005942,http://data.ordnancesurvey.co.uk/ontology/admingeo/County,East Midlands,http://data.ordnancesurvey.co.uk/id/7000000000041423,England,http://data.ordnancesurvey.co.uk/id/country/england,,,
DN214TZ,http://data.ordnancesurvey.co.uk/id/postcodeunit/DN214TZ,DN21 4TZ,,,,other,Postcode,498515,394295,3500,18000,,,,,,,Snitterby,http://data.ordnancesurvey.co.uk/id/4000000074574606,http://www.ordnancesurvey.co.uk/xml/codelists/localtype.xml#village,West Lindsey,http://data.ordnancesurvey.co.uk/id/7000000000043527,http://data.ordnancesurvey.co.uk/ontology/admingeo/District,Lincolnshire,http://data.ordnancesurvey.co.uk/id/7000000000005942,http://data.ordnancesurvey.co.uk/ontology/admingeo/County,East Midlands,http://data.ordnancesurvey.co.uk/id/7000000000041423,England,http://data.ordnancesurvey.co.uk/id/country/england,,,
DN211XB,http://data.ordnancesurvey.co.uk/id/postcodeunit/DN211XB,DN21 1XB,,,,other,Postcode,482226,389308,3500,18000,,,,,,,Gainsborough,http://data.ordnancesurvey.co.uk/id/4000000074575425,http://www.ordnancesurvey.co.uk/xml/codelists/localtype.xml#town,West Lindsey,http://data.ordnancesurvey.co.uk/id/7000000000043527,http://data.ordnancesurvey.co.uk/ontology/admingeo/District,Lincolnshire,http://data.ordnancesurvey.co.uk/id/7000000000005942,http://data.ordnancesurvey.co.uk/ontology/admingeo/County,East Midlands,http://data.ordnancesurvey.co.uk/id/7000000000041423,England,http://data.ordnancesurvey.co.uk/id/country/england,,,
DN211HW,http://data.ordnancesurvey.co.uk/id/postcodeunit/DN211HW,DN21 1HW,,,,other,Postcode,482277,390856,3500,18000,,,,,,,Gainsborough,http://data.ordnancesurvey.co.uk/id/4000000074575425,http://www.ordnancesurvey.co.uk/xml/codelists/localtype.xml#town,West Lindsey,http://data.ordnancesurvey.co.uk/id/7000000000043527,http://data.ordnancesurvey.co.uk/ontology/admingeo/District,Lincolnshire,http://data.ordnancesurvey.co.uk/id/7000000000005942,http://data.ordnancesurvey.co.uk/ontology/admingeo/County,East Midlands,http://data.ordnancesurvey.co.uk/id/7000000000041423,England,http://data.ordnancesurvey.co.uk/id/country/england,,,
DN215PQ,http://data.ordnancesurvey.co.uk/id/postcodeunit/DN215PQ,DN21 5PQ,,,,other,Postcode,485571,385630,3500,18000,,,,,,,Kexby,http://data.ordnancesurvey.co.uk/id/4000000074577769,http://www.ordnancesurvey.co.uk/xml/codelists/localtype.xml#village,West Lindsey,http://data.ordnancesurvey.co.uk/id/7000000000043527,http://data.ordnancesurvey.co.uk/ontology/admingeo/District,Lincolnshire,http://data.ordnancesurvey.co.uk/id/7000000000005942,http://data.ordnancesurvey.co.uk/ontology/admingeo/County,East Midlands,http://data.ordnancesurvey.co.uk/id/7000000000041423,England,http://data.ordnancesurvey.co.uk/id/country/england,,,
DN211ZB,http://data.ordnancesurvey.co.uk/id/postcodeunit/DN211ZB,DN21 1ZB,,,,other,Postcode,482917,388720,3500,18000,,,,,,,Gainsborough,http://data.ordnancesurvey.co.uk/id/4000000074575425,http://www.ordnancesurvey.co.uk/xml/codelists/localtype.xml#town,West Lindsey,http://data.ordnancesurvey.co.uk/id/7000000000043527,http://data.ordnancesurvey.co.uk/ontology/admingeo/District,Lincolnshire,http://data.ordnancesurvey.co.uk/id/7000000000005942,http://data.ordnancesurvey.co.uk/ontology/admingeo/County,East Midlands,http://data.ordnancesurvey.co.uk/id/7000000000041423,England,http://data.ordnancesurvey.co.uk/id/country/england,,,
DN214ES,http://data.ordnancesurvey.co.uk/id/postcodeunit/DN214ES,DN21 4ES,,,,other,Postcode,493413,396256,3500,18000,,,,,,,Grayingham,http://data.ordnancesurvey.co.uk/id/4000000074574883,http://www.ordnancesurvey.co.uk/xml/codelists/localtype.xml#village,West Lindsey,http://data.ordnancesurvey.co.uk/id/7000000000043527,http://data.ordnancesurvey.co.uk/ontology/admingeo/District,Lincolnshire,http://data.ordnancesurvey.co.uk/id/7000000000005942,http://data.ordnancesurvey.co.uk/ontology/admingeo/County,East Midlands,http://data.ordnancesurvey.co.uk/id/7000000000041423,England,http://data.ordnancesurvey.co.uk/id/country/england,,,
DN212QU,http://data.ordnancesurvey.co.uk/id/postcodeunit/DN212QU,DN21 2QU,,,,other,Postcode,481541,390575,3500,18000,,,,,,,Gainsborough,http://data.ordnancesurvey.co.uk/id/4000000074575425,http://www.ordnancesurvey.co.uk/xml/codelists/localtype.xml#town,West Lindsey,http://data.ordnancesurvey.co.uk/id/7000000000043527,http://data.ordnancesurvey.co.uk/ontology/admingeo/District,Lincolnshire,http://data.ordnancesurvey.co.uk/id/7000000000005942,http://data.ordnancesurvey.co.uk/ontology/admingeo/County,East Midlands,http://data.ordnancesurvey.co.uk/id/7000000000041423,England,http://data.ordnancesurvey.co.uk/id/country/england,,,
DN213BS,http://data.ordnancesurvey.co.uk/id/postcodeunit/DN213BS,DN21 3BS,,,,other,Postcode,481133,392035,3500,18000,,,,,,,Gainsborough,http://data.ordnancesurvey.co.uk/id/4000000074575425,http://www.ordnancesurvey.co.uk/xml/codelists/localtype.xml#town,West Lindsey,http://data.ordnancesurvey.co.uk/id/7000000000043527,http://data.ordnancesurvey.co.uk/ontology/admingeo/District,Lincolnshire,http://data.ordnancesurvey.co.uk/id/7000000000005942,http://data.ordnancesurvey.co.uk/ontology/admingeo/County,East Midlands,http://data.ordnancesurvey.co.uk/id/7000000000041423,England,http://data.ordnancesurvey.co.uk/id/country/england,,,
DN215JY,http://data.ordnancesurvey.co.uk/id/postcodeunit/DN215JY,DN21 5JY,,,,other,Postcode,487400,384467,3500,18000,,,,,,,Willingham by Stow,http://data.ordnancesurvey.co.uk/id/4000000074575139,http://www.ordnancesurvey.co.uk/xml/codelists/localtype.xml#village,West Lindsey,http://data.ordnancesurvey.co.uk/id/7000000000043527,http://data.ordnancesurvey.co.uk/ontology/admingeo/District,Lincolnshire,http://data.ordnancesurvey.co.uk/id/7000000000005942,http://data.ordnancesurvey.co.uk/ontology/admingeo/County,East Midlands,http://data.ordnancesurvey.co.uk/id/7000000000041423,England,http://data.ordnancesurvey.co.uk/id/country/england,,,
DN211GP,http://data.ordnancesurvey.co.uk/id/postcodeunit/DN211GP,DN21 1GP,,,,other,Postcode,482710,390369,3500,18000,,,,,,,Gainsborough,http://data.ordnancesurvey.co.uk/id/4000000074575425,http://www.ordnancesurvey.co.uk/xml/codelists/localtype.xml#town,West Lindsey,http://data.ordnancesurvey.co.uk/id/7000000000043527,http://data.ordnancesurvey.co.uk/ontology/admingeo/District,Lincolnshire,http://data.ordnancesurvey.co.uk/id/7000000000005942,http://data.ordnancesurvey.co.uk/ontology/admingeo/County,East Midlands,http://data.ordnancesurvey.co.uk/id/7000000000041423,England,http://data.ordnancesurvey.co.uk/id/country/england,,,
DN211YT,http://data.ordnancesurvey.co.uk/id/postcodeunit/DN211YT,DN21 1YT,,,,other,Postcode,482932,389169,3500,18000,,,,,,,Gainsborough,http://data.ordnancesurvey.co.uk/id/4000000074575425,http://www.ordnancesurvey.co.uk/xml/codelists/localtype.xml#town,West Lindsey,http://data.ordnancesurvey.co.uk/id/7000000000043527,http://data.ordnancesurvey.co.uk/ontology/admingeo/District,Lincolnshire,http://data.ordnancesurvey.co.uk/id/7000000000005942,http://data.ordnancesurvey.co.uk/ontology/admingeo/County,East Midlands,http://data.ordnancesurvey.co.uk/id/7000000000041423,England,http://data.ordnancesurvey.co.uk/id/country/england,,,
DN215RZ,http://data.ordnancesurvey.co.uk/id/postcodeunit/DN215RZ,DN21 5RZ,,,,other,Postcode,492999,393243,3500,18000,,,,,,,Willoughton,http://data.ordnancesurvey.co.uk/id/4000000074574604,http://www.ordnancesurvey.co.uk/xml/codelists/localtype.xml#village,West Lindsey,http://data.ordnancesurvey.co.uk/id/7000000000043527,http://data.ordnancesurvey.co.uk/ontology/admingeo/District,Lincolnshire,http://data.ordnancesurvey.co.uk/id/7000000000005942,http://data.ordnancesurvey.co.uk/ontology/admingeo/County,East Midlands,http://data.ordnancesurvey.co.uk/id/7000000000041423,England,http://data.ordnancesurvey.co.uk/id/country/england,,,
DN214HA,http://data.ordnancesurvey.co.uk/id/postcodeunit/DN214HA,DN21 4HA,,,,other,Postcode,492752,394930,3500,18000,,,,,,,,,,West Lindsey,http://data.ordnancesurvey.co.uk/id/7000000000043527,http://data.ordnancesurvey.co.uk/ontology/admingeo/District,Lincolnshire,http://data.ordnancesurvey.co.uk/id/7000000000005942,http://data.ordnancesurvey.co.uk/ontology/admingeo/County,East Midlands,http://data.ordnancesurvey.co.uk/id/7000000000041423,England,http://data.ordnancesurvey.co.uk/id/country/england,,,
DN214TL,http://data.ordnancesurvey.co.uk/id/postcodeunit/DN214TL,DN21 4TL,,,,other,Postcode,493251,398941,3500,18000,,,,,,,Kirton in Lindsey,http://data.ordnancesurvey.co.uk/id/4000000074574884,http://www.ordnancesurvey.co.uk/xml/codelists/localtype.xml#town,,,,North Lincolnshire,http://data.ordnancesurvey.co.uk/id/7000000000025623,http://data.ordnancesurvey.co.uk/ontology/admingeo/UnitaryAuthority,Yorkshire and the Humber,http://data.ordnancesurvey.co.uk/id/7000000000041430,England,http://data.ordnancesurvey.co.uk/id/country/england,,,
LN23PT,http://data.ordnancesurvey.co.uk/id/postcodeunit/LN23PT,LN2 3PT,,,,other,Postcode,497913,380818,3500,18000,,,,,,,,,,West Lindsey,http://data.ordnancesurvey.co.uk/id/7000000000043527,http://data.ordnancesurvey.co.uk/ontology/admingeo/District,Lincolnshire,http://data.ordnancesurvey.co.uk/id/7000000000005942,http://data.ordnancesurvey.co.uk/ontology/admingeo/County,East Midlands,http://data.ordnancesurvey.co.uk/id/7000000000041423,England,http://data.ordnancesurvey.co.uk/id/country/england,,,
DN215SH,http://data.ordnancesurvey.co.uk/id/postcodeunit/DN215SH,DN21 5SH,,,,other,Postcode,493581,393236,3500,18000,,,,,,,Willoughton,http://data.ordnancesurvey.co.uk/id/4000000074574604,http://www.ordnancesurvey.co.uk/xml/codelists/localtype.xml#village,West Lindsey,http://data.ordnancesurvey.co.uk/id/7000000000043527,http://data.ordnancesurvey.co.uk/ontology/admingeo/District,Lincolnshire,http://data.ordnancesurvey.co.uk/id/7000000000005942,http://data.ordnancesurvey.co.uk/ontology/admingeo/County,East Midlands,http://data.ordnancesurvey.co.uk/id/7000000000041423,England,http://data.ordnancesurvey.co.uk/id/country/england,,,
DN211TZ,http://data.ordnancesurvey.co.uk/id/postcodeunit/DN211TZ,DN21 1TZ,,,,other,Postcode,482424,389642,3500,18000,,,,,,,Gainsborough,http://data.ordnancesurvey.co.uk/id/4000000074575425,http://www.ordnancesurvey.co.uk/xml/codelists/localtype.xml#town,West Lindsey,http://data.ordnancesurvey.co.uk/id/7000000000043527,http://data.ordnancesurvey.co.uk/ontology/admingeo/District,Lincolnshire,http://data.ordnancesurvey.co.uk/id/7000000000005942,http://data.ordnancesurvey.co.uk/ontology/admingeo/County,East Midlands,http://data.ordnancesurvey.co.uk/id/7000000000041423,England,http://data.ordnancesurvey.co.uk/id/country/england,,,
DN211PJ,http://data.ordnancesurvey.co.uk/id/postcodeunit/DN211PJ,DN21 1PJ,,,,other,Postcode,482730,388878,3500,18000,,,,,,,Gainsborough,http://data.ordnancesurvey.co.uk/id/4000000074575425,http://www.ordnancesurvey.co.uk/xml/codelists/localtype.xml#town,West Lindsey,http://data.ordnancesurvey.co.uk/id/7000000000043527,http://data.ordnancesurvey.co.uk/ontology/admingeo/District,Lincolnshire,http://data.ordnancesurvey.co.uk/id/7000000000005942,http://data.ordnancesurvey.co.uk/ontology/admingeo/County,East Midlands,http://data.ordnancesurvey.co.uk/id/7000000000041423,England,http://data.ordnancesurvey.co.uk/id/country/england,,,
DN211FR,http://data.ordnancesurvey.co.uk/id/postcodeunit/DN211FR,DN21 1FR,,,,other,Postcode,482279,388495,3500,18000,,,,,,,Gainsborough,http://data.ordnancesurvey.co.uk/id/4000000074575425,http://www.ordnancesurvey.co.uk/xml/codelists/localtype.xml#town,West Lindsey,http://data.ordnancesurvey.co.uk/id/7000000000043527,http://data.ordnancesurvey.co.uk/ontology/admingeo/District,Lincolnshire,http://data.ordnancesurvey.co.uk/id/7000000000005942,http://data.ordnancesurvey.co.uk/ontology/admingeo/County,East Midlands,http://data.ordnancesurvey.co.uk/id/7000000000041423,England,http://data.ordnancesurvey.co.uk/id/country/england,,,
DN211BL,http://data.ordnancesurvey.co.uk/id/postcodeunit/DN211BL,DN21 1BL,,,,other,Postcode,481791,389304,3500,18000,,,,,,,Gainsborough,http://data.ordnancesurvey.co.uk/id/4000000074575425,http://www.ordnancesurvey.co.uk/xml/codelists/localtype.xml#town,West Lindsey,http://data.ordnancesurvey.co.uk/id/7000000000043527,http://data.ordnancesurvey.co.uk/ontology/admingeo/District,Lincolnshire,http://data.ordnancesurvey.co.uk/id/7000000000005942,http://data.ordnancesurvey.co.uk/ontology/admingeo/County,East Midlands,http://data.ordnancesurvey.co.uk/id/7000000000041423,England,http://data.ordnancesurvey.co.uk/id/country/england,,,
DN214GU,http://data.ordnancesurvey.co.uk/id/postcodeunit/DN214GU,DN21 4GU,,,,other,Postcode,493410,398813,3500,18000,,,,,,,Kirton in Lindsey,http://data.ordnancesurvey.co.uk/id/4000000074574884,http://www.ordnancesurvey.co.uk/xml/codelists/localtype.xml#town,,,,North Lincolnshire,http://data.ordnancesurvey.co.uk/id/7000000000025623,http://data.ordnancesurvey.co.uk/ontology/admingeo/UnitaryAuthority,Yorkshire and the Humber,http://data.ordnancesurvey.co.uk/id/7000000000041430,England,http://data.ordnancesurvey.co.uk/id/country/england,,,
LN12DH,http://data.ordnancesurvey.co.uk/id/postcodeunit/LN12DH,LN1 2DH,,,,other,Postcode,488441,381916,3500,18000,,,,,,,Stow,http://data.ordnancesurvey.co.uk/id/4000000074574878,http://www.ordnancesurvey.co.uk/xml/codelists/localtype.xml#village,West Lindsey,http://data.ordnancesurvey.co.uk/id/7000000000043527,http://data.ordnancesurvey.co.uk/ontology/admingeo/District,Lincolnshire,http://data.ordnancesurvey.co.uk/id/7000000000005942,http://data.ordnancesurvey.co.uk/ontology/admingeo/County,East Midlands,http://data.ordnancesurvey.co.uk/id/7000000000041423,England,http://data.ordnancesurvey.co.uk/id/country/england,,,
DN211XJ,http://data.ordnancesurvey.co.uk/id/postcodeunit/DN211XJ,DN21 1XJ,,,,other,Postcode,482133,389489,3500,18000,,,,,,,Gainsborough,http://data.ordnancesurvey.co.uk/id/4000000074575425,http://www.ordnancesurvey.co.uk/xml/codelists/localtype.xml#town,West Lindsey,http://data.ordnancesurvey.co.uk/id/7000000000043527,http://data.ordnancesurvey.co.uk/ontology/admingeo/District,Lincolnshire,http://data.ordnancesurvey.co.uk/id/7000000000005942,http://data.ordnancesurvey.co.uk/ontology/admingeo/County,East Midlands,http://data.ordnancesurvey.co.uk/id/7000000000041423,England,http://data.ordnancesurvey.co.uk/id/country/england,,,
DN214TQ,http://data.ordnancesurvey.co.uk/id/postcodeunit/DN214TQ,DN21 4TQ,,,,other,Postcode,498416,394902,3500,18000,,,,,,,Snitterby,http://data.ordnancesurvey.co.uk/id/4000000074574606,http://www.ordnancesurvey.co.uk/xml/codelists/localtype.xml#village,West Lindsey,http://data.ordnancesurvey.co.uk/id/7000000000043527,http://data.ordnancesurvey.co.uk/ontology/admingeo/District,Lincolnshire,http://data.ordnancesurvey.co.uk/id/7000000000005942,http://data.ordnancesurvey.co.uk/ontology/admingeo/County,East Midlands,http://data.ordnancesurvey.co.uk/id/7000000000041423,England,http://data.ordnancesurvey.co.uk/id/country/england,,,
DN211WG,http://data.ordnancesurvey.co.uk/id/postcodeunit/DN211WG,DN21 1WG,,,,other,Postcode,482520,390226,3500,18000,,,,,,,Gainsborough,http://data.ordnancesurvey.co.uk/id/4000000074575425,http://www.ordnancesurvey.co.uk/xml/codelists/localtype.xml#town,West Lindsey,http://data.ordnancesurvey.co.uk/id/7000000000043527,http://data.ordnancesurvey.co.uk/ontology/admingeo/District,Lincolnshire,http://data.ordnancesurvey.co.uk/id/7000000000005942,http://data.ordnancesurvey.co.uk/ontology/admingeo/County,East Midlands,http://data.ordnancesurvey.co.uk/id/7000000000041423,England,http://data.ordnancesurvey.co.uk/id/country/england,,,
DN212TS,http://data.ordnancesurvey.co.uk/id/postcodeunit/DN212TS,DN21 2TS,,,,other,Postcode,480961,390985,3500,18000,,,,,,,Gainsborough,http://data.ordnancesurvey.co.uk/id/4000000074575425,http://www.ordnancesurvey.co.uk/xml/codelists/localtype.xml#town,West Lindsey,http://data.ordnancesurvey.co.uk/id/7000000000043527,http://data.ordnancesurvey.co.uk/ontology/admingeo/District,Lincolnshire,http://data.ordnancesurvey.co.uk/id/7000000000005942,http://data.ordnancesurvey.co.uk/ontology/admingeo/County,East Midlands,http://data.ordnancesurvey.co.uk/id/7000000000041423,England,http://data.ordnancesurvey.co.uk/id/country/england,,,
DN214BT,http://data.ordnancesurvey.co.uk/id/postcodeunit/DN214BT,DN21 4BT,,,,other,Postcode,493451,398852,3500,18000,,,,,,,Kirton in Lindsey,http://data.ordnancesurvey.co.uk/id/4000000074574884,http://www.ordnancesurvey.co.uk/xml/codelists/localtype.xml#town,,,,North Lincolnshire,http://data.ordnancesurvey.co.uk/id/7000000000025623,http://data.ordnancesurvey.co.uk/ontology/admingeo/UnitaryAuthority,Yorkshire and the Humber,http://data.ordnancesurvey.co.uk/id/7000000000041430,England,http://data.ordnancesurvey.co.uk/id/country/england,,,
DN214JG,http://data.ordnancesurvey.co.uk/id/postcodeunit/DN214JG,DN21 4JG,,,,other,Postcode,497791,399622,3500,18000,,,,,,,Redbourne,http://data.ordnancesurvey.co.uk/id/4000000074574881,http://www.ordnancesurvey.co.uk/xml/codelists/localtype.xml#village,,,,North Lincolnshire,http://data.ordnancesurvey.co.uk/id/7000000000025623,http://data.ordnancesurvey.co.uk/ontology/admingeo/UnitaryAuthority,Yorkshire and the Humber,http://data.ordnancesurvey.co.uk/id/7000000000041430,England,http://data.ordnancesurvey.co.uk/id/country/england,,,
DN211XA,http://data.ordnancesurvey.co.uk/id/postcodeunit/DN211XA,DN21 1XA,,,,other,Postcode,482212,389264,3500,18000,,,,,,,Gainsborough,http://data.ordnancesurvey.co.uk/id/4000000074575425,http://www.ordnancesurvey.co.uk/xml/codelists/localtype.xml#town,West Lindsey,http://data.ordnancesurvey.co.uk/id/7000000000043527,http://data.ordnancesurvey.co.uk/ontology/admingeo/District,Lincolnshire,http://data.ordnancesurvey.co.uk/id/7000000000005942,http://data.ordnancesurvey.co.uk/ontology/admingeo/County,East Midlands,http://data.ordnancesurvey.co.uk/id/7000000000041423,England,http://data.ordnancesurvey.co.uk/id/country/england,,,
DN215LE,http://data.ordnancesurvey.co.uk/id/postcodeunit/DN215LE,DN21 5LE,,,,other,Postcode,487608,384227,3500,18000,,,,,,,Willingham by Stow,http://data.ordnancesurvey.co.uk/id/4000000074575139,http://www.ordnancesurvey.co.uk/xml/codelists/localtype.xml#village,West Lindsey,http://data.ordnancesurvey.co.uk/id/7000000000043527,http://data.ordnancesurvey.co.uk/ontology/admingeo/District,Lincolnshire,http://data.ordnancesurvey.co.uk/id/7000000000005942,http://data.ordnancesurvey.co.uk/ontology/admingeo/County,East Midlands,http://data.ordnancesurvey.co.uk/id/7000000000041423,England,http://data.ordnancesurvey.co.uk/id/country/england,,,
DN212AG,http://data.ordnancesurvey.co.uk/id/postcodeunit/DN212AG,DN21 2AG,,,,other,Postcode,481652,389944,3500,18000,,,,,,,Gainsborough,http://data.ordnancesurvey.co.uk/id/4000000074575425,http://www.ordnancesurvey.co.uk/xml/codelists/localtype.xml#town,West Lindsey,http://data.ordnancesurvey.co.uk/id/7000000000043527,http://data.ordnancesurvey.co.uk/ontology/admingeo/District,Lincolnshire,http://data.ordnancesurvey.co.uk/id/7000000000005942,http://data.ordnancesurvey.co.uk/ontology/admingeo/County,East Midlands,http://data.ordnancesurvey.co.uk/id/7000000000041423,England,http://data.ordnancesurvey.co.uk/id/country/england,,,
DN213LF,http://data.ordnancesurvey.co.uk/id/postcodeunit/DN213LF,DN21 3LF,,,,other,Postcode,486016,395119,3500,18000,,,,,,,Blyton,http://data.ordnancesurvey.co.uk/id/4000000074575429,http://www.ordnancesurvey.co.uk/xml/codelists/localtype.xml#village,West Lindsey,http://data.ordnancesurvey.co.uk/id/7000000000043527,http://data.ordnancesurvey.co.uk/ontology/admingeo/District,Lincolnshire,http://data.ordnancesurvey.co.uk/id/7000000000005942,http://data.ordnancesurvey.co.uk/ontology/admingeo/County,East Midlands,http://data.ordnancesurvey.co.uk/id/7000000000041423,England,http://data.ordnancesurvey.co.uk/id/country/england,,,
DN211SE,http://data.ordnancesurvey.co.uk/id/postcodeunit/DN211SE,DN21 1SE,,,,other,Postcode,483031,388877,3500,18000,,,,,,,Gainsborough,http://data.ordnancesurvey.co.uk/id/4000000074575425,http://www.ordnancesurvey.co.uk/xml/codelists/localtype.xml#town,West Lindsey,http://data.ordnancesurvey.co.uk/id/7000000000043527,http://data.ordnancesurvey.co.uk/ontology/admingeo/District,Lincolnshire,http://data.ordnancesurvey.co.uk/id/7000000000005942,http://data.ordnancesurvey.co.uk/ontology/admingeo/County,East Midlands,http://data.ordnancesurvey.co.uk/id/7000000000041423,England,http://data.ordnancesurvey.co.uk/id/country/england,,,
DN212EA,http://data.ordnancesurvey.co.uk/id/postcodeunit/DN212EA,DN21 2EA,,,,other,Postcode,481598,389695,3500,18000,,,,,,,Gainsborough,http://data.ordnancesurvey.co.uk/id/4000000074575425,http://www.ordnancesurvey.co.uk/xml/codelists/localtype.xml#town,West Lindsey,http://data.ordnancesurvey.co.uk/id/7000000000043527,http://data.ordnancesurvey.co.uk/ontology/admingeo/District,Lincolnshire,http://data.ordnancesurvey.co.uk/id/7000000000005942,http://data.ordnancesurvey.co.uk/ontology/admingeo/County,East Midlands,http://data.ordnancesurvey.co.uk/id/7000000000041423,England,http://data.ordnancesurvey.co.uk/id/country/england,,,
DN213BG,http://data.ordnancesurvey.co.uk/id/postcodeunit/DN213BG,DN21 3BG,,,,other,Postcode,480813,391575,3500,18000,,,,,,,Gainsborough,http://data.ordnancesurvey.co.uk/id/4000000074575425,http://www.ordnancesurvey.co.uk/xml/codelists/localtype.xml#town,West Lindsey,http://data.ordnancesurvey.co.uk/id/7000000000043527,http://data.ordnancesurvey.co.uk/ontology/admingeo/District,Lincolnshire,http://data.ordnancesurvey.co.uk/id/7000000000005942,http://data.ordnancesurvey.co.uk/ontology/admingeo/County,East Midlands,http://data.ordnancesurvey.co.uk/id/7000000000041423,England,http://data.ordnancesurvey.co.uk/id/country/england,,,
DN213AZ,http://data.ordnancesurvey.co.uk/id/postcodeunit/DN213AZ,DN21 3AZ,,,,other,Postcode,480904,391669,3500,18000,,,,,,,Gainsborough,http://data.ordnancesurvey.co.uk/id/4000000074575425,http://www.ordnancesurvey.co.uk/xml/codelists/localtype.xml#town,West Lindsey,http://data.ordnancesurvey.co.uk/id/7000000000043527,http://data.ordnancesurvey.co.uk/ontology/admingeo/District,Lincolnshire,http://data.ordnancesurvey.co.uk/id/7000000000005942,http://data.ordnancesurvey.co.uk/ontology/admingeo/County,East Midlands,http://data.ordnancesurvey.co.uk/id/7000000000041423,England,http://data.ordnancesurvey.co.uk/id/country/england,,,
DN214FB,http://data.ordnancesurvey.co.uk/id/postcodeunit/DN214FB,DN21 4FB,,,,other,Postcode,493610,397964,3500,18000,,,,,,,Kirton in Lindsey,http://data.ordnancesurvey.co.uk/id/4000000074574884,http://www.ordnancesurvey.co.uk/xml/codelists/localtype.xml#town,,,,North Lincolnshire,http://data.ordnancesurvey.co.uk/id/7000000000025623,http://data.ordnancesurvey.co.uk/ontology/admingeo/UnitaryAuthority,Yorkshire and the Humber,http://data.ordnancesurvey.co.uk/id/7000000000041430,England,http://data.ordnancesurvey.co.uk/id/country/england,,,
DN211LQ,http://data.ordnancesurvey.co.uk/id/postcodeunit/DN211LQ,DN21 1LQ,,,,other,Postcode,481299,388481,3500,18000,,,,,,,Gainsborough,http://data.ordnancesurvey.co.uk/id/4000000074575425,http://www.ordnancesurvey.co.uk/xml/codelists/localtype.xml#town,West Lindsey,http://data.ordnancesurvey.co.uk/id/7000000000043527,http://data.ordnancesurvey.co.uk/ontology/admingeo/District,Lincolnshire,http://data.ordnancesurvey.co.uk/id/7000000000005942,http://data.ordnancesurvey.co.uk/ontology/admingeo/County,East Midlands,http://data.ordnancesurvey.co.uk/id/7000000000041423,England,http://data.ordnancesurvey.co.uk/id/country/england,,,
DN211BT,http://data.ordnancesurvey.co.uk/id/postcodeunit/DN211BT,DN21 1BT,,,,other,Postcode,481788,389190,3500,18000,,,,,,,Gainsborough,http://data.ordnancesurvey.co.uk/id/4000000074575425,http://www.ordnancesurvey.co.uk/xml/codelists/localtype.xml#town,West Lindsey,http://data.ordnancesurvey.co.uk/id/7000000000043527,http://data.ordnancesurvey.co.uk/ontology/admingeo/District,Lincolnshire,http://data.ordnancesurvey.co.uk/id/7000000000005942,http://data.ordnancesurvey.co.uk/ontology/admingeo/County,East Midlands,http://data.ordnancesurvey.co.uk/id/7000000000041423,England,http://data.ordnancesurvey.co.uk/id/country/england,,,
DN215LD,http://data.ordnancesurvey.co.uk/id/postcodeunit/DN215LD,DN21 5LD,,,,other,Postcode,487503,384410,3500,18000,,,,,,,Willingham by Stow,http://data.ordnancesurvey.co.uk/id/4000000074575139,http://www.ordnancesurvey.co.uk/xml/codelists/localtype.xml#village,West Lindsey,http://data.ordnancesurvey.co.uk/id/7000000000043527,http://data.ordnancesurvey.co.uk/ontology/admingeo/District,Lincolnshire,http://data.ordnancesurvey.co.uk/id/7000000000005942,http://data.ordnancesurvey.co.uk/ontology/admingeo/County,East Midlands,http://data.ordnancesurvey.co.uk/id/7000000000041423,England,http://data.ordnancesurvey.co.uk/id/country/england,,,
DN211TR,http://data.ordnancesurvey.co.uk/id/postcodeunit/DN211TR,DN21 1TR,,,,other,Postcode,482963,389248,3500,18000,,,,,,,Gainsborough,http://data.ordnancesurvey.co.uk/id/4000000074575425,http://www.ordnancesurvey.co.uk/xml/codelists/localtype.xml#town,West Lindsey,http://data.ordnancesurvey.co.uk/id/7000000000043527,http://data.ordnancesurvey.co.uk/ontology/admingeo/District,Lincolnshire,http://data.ordnancesurvey.co.uk/id/7000000000005942,http://data.ordnancesurvey.co.uk/ontology/admingeo/County,East Midlands,http://data.ordnancesurvey.co.uk/id/7000000000041423,England,http://data.ordnancesurvey.co.uk/id/country/england,,,
DN215BG,http://data.ordnancesurvey.co.uk/id/postcodeunit/DN215BG,DN21 5BG,,,,other,Postcode,484028,382412,3500,18000,,,,,,,Marton,http://data.ordnancesurvey.co.uk/id/4000000074577537,http://www.ordnancesurvey.co.uk/xml/codelists/localtype.xml#village,West Lindsey,http://data.ordnancesurvey.co.uk/id/7000000000043527,http://data.ordnancesurvey.co.uk/ontology/admingeo/District,Lincolnshire,http://data.ordnancesurvey.co.uk/id/7000000000005942,http://data.ordnancesurvey.co.uk/ontology/admingeo/County,East Midlands,http://data.ordnancesurvey.co.uk/id/7000000000041423,England,http://data.ordnancesurvey.co.uk/id/country/england,,,
DN215QX,http://data.ordnancesurvey.co.uk/id/postcodeunit/DN215QX,DN21 5QX,,,,other,Postcode,487318,392048,3500,18000,,,,,,,Corringham,http://data.ordnancesurvey.co.uk/id/4000000074575143,http://www.ordnancesurvey.co.uk/xml/codelists/localtype.xml#village,West Lindsey,http://data.ordnancesurvey.co.uk/id/7000000000043527,http://data.ordnancesurvey.co.uk/ontology/admingeo/District,Lincolnshire,http://data.ordnancesurvey.co.uk/id/7000000000005942,http://data.ordnancesurvey.co.uk/ontology/admingeo/County,East Midlands,http://data.ordnancesurvey.co.uk/id/7000000000041423,England,http://data.ordnancesurvey.co.uk/id/country/england,,,
DN213PY,http://data.ordnancesurvey.co.uk/id/postcodeunit/DN213PY,DN21 3PY,,,,other,Postcode,486436,398236,3500,18000,,,,,,,,,,West Lindsey,http://data.ordnancesurvey.co.uk/id/7000000000043527,http://data.ordnancesurvey.co.uk/ontology/admingeo/District,Lincolnshire,http://data.ordnancesurvey.co.uk/id/7000000000005942,http://data.ordnancesurvey.co.uk/ontology/admingeo/County,East Midlands,http://data.ordnancesurvey.co.uk/id/7000000000041423,England,http://data.ordnancesurvey.co.uk/id/country/england,,,
DN214UQ,http://data.ordnancesurvey.co.uk/id/postcodeunit/DN214UQ,DN21 4UQ,,,,other,Postcode,499312,395059,3500,18000,,,,,,,,,,West Lindsey,http://data.ordnancesurvey.co.uk/id/7000000000043527,http://data.ordnancesurvey.co.uk/ontology/admingeo/District,Lincolnshire,http://data.ordnancesurvey.co.uk/id/7000000000005942,http://data.ordnancesurvey.co.uk/ontology/admingeo/County,East Midlands,http://data.ordnancesurvey.co.uk/id/7000000000041423,England,http://data.ordnancesurvey.co.uk/id/country/england,,,
DN215PB,http://data.ordnancesurvey.co.uk/id/postcodeunit/DN215PB,DN21 5PB,,,,other,Postcode,487559,387150,3500,18000,,,,,,,,,,West Lindsey,http://data.ordnancesurvey.co.uk/id/7000000000043527,http://data.ordnancesurvey.co.uk/ontology/admingeo/District,Lincolnshire,http://data.ordnancesurvey.co.uk/id/7000000000005942,http://data.ordnancesurvey.co.uk/ontology/admingeo/County,East Midlands,http://data.ordnancesurvey.co.uk/id/7000000000041423,England,http://data.ordnancesurvey.co.uk/id/country/england,,,
DN211YB,http://data.ordnancesurvey.co.uk/id/postcodeunit/DN211YB,DN21 1YB,,,,other,Postcode,482546,390697,3500,18000,,,,,,,Gainsborough,http://data.ordnancesurvey.co.uk/id/4000000074575425,http://www.ordnancesurvey.co.uk/xml/codelists/localtype.xml#town,West Lindsey,http://data.ordnancesurvey.co.uk/id/7000000000043527,http://data.ordnancesurvey.co.uk/ontology/admingeo/District,Lincolnshire,http://data.ordnancesurvey.co.uk/id/7000000000005942,http://data.ordnancesurvey.co.uk/ontology/admingeo/County,East Midlands,http://data.ordnancesurvey.co.uk/id/7000000000041423,England,http://data.ordnancesurvey.co.uk/id/country/england,,,
DN214ED,http://data.ordnancesurvey.co.uk/id/postcodeunit/DN214ED,DN21 4ED,,,,other,Postcode,493311,398951,3500,18000,,,,,,,Kirton in Lindsey,http://data.ordnancesurvey.co.uk/id/4000000074574884,http://www.ordnancesurvey.co.uk/xml/codelists/localtype.xml#town,,,,North Lincolnshire,http://data.ordnancesurvey.co.uk/id/7000000000025623,http://data.ordnancesurvey.co.uk/ontology/admingeo/UnitaryAuthority,Yorkshire and the Humber,http://data.ordnancesurvey.co.uk/id/7000000000041430,England,http://data.ordnancesurvey.co.uk/id/country/england,,,
DN211RZ,http://data.ordnancesurvey.co.uk/id/postcodeunit/DN211RZ,DN21 1RZ,,,,other,Postcode,483453,389115,3500,18000,,,,,,,Gainsborough,http://data.ordnancesurvey.co.uk/id/4000000074575425,http://www.ordnancesurvey.co.uk/xml/codelists/localtype.xml#town,West Lindsey,http://data.ordnancesurvey.co.uk/id/7000000000043527,http://data.ordnancesurvey.co.uk/ontology/admingeo/District,Lincolnshire,http://data.ordnancesurvey.co.uk/id/7000000000005942,http://data.ordnancesurvey.co.uk/ontology/admingeo/County,East Midlands,http://data.ordnancesurvey.co.uk/id/7000000000041423,England,http://data.ordnancesurvey.co.uk/id/country/england,,,
DN211HN,http://data.ordnancesurvey.co.uk/id/postcodeunit/DN211HN,DN21 1HN,,,,other,Postcode,482194,390862,3500,18000,,,,,,,Gainsborough,http://data.ordnancesurvey.co.uk/id/4000000074575425,http://www.ordnancesurvey.co.uk/xml/codelists/localtype.xml#town,West Lindsey,http://data.ordnancesurvey.co.uk/id/7000000000043527,http://data.ordnancesurvey.co.uk/ontology/admingeo/District,Lincolnshire,http://data.ordnancesurvey.co.uk/id/7000000000005942,http://data.ordnancesurvey.co.uk/ontology/admingeo/County,East Midlands,http://data.ordnancesurvey.co.uk/id/7000000000041423,England,http://data.ordnancesurvey.co.uk/id/country/england,,,
DN211QY,http://data.ordnancesurvey.co.uk/id/postcodeunit/DN211QY,DN21 1QY,,,,other,Postcode,482346,389995,3500,18000,,,,,,,Gainsborough,http://data.ordnancesurvey.co.uk/id/4000000074575425,http://www.ordnancesurvey.co.uk/xml/codelists/localtype.xml#town,West Lindsey,http://data.ordnancesurvey.co.uk/id/7000000000043527,http://data.ordnancesurvey.co.uk/ontology/admingeo/District,Lincolnshire,http://data.ordnancesurvey.co.uk/id/7000000000005942,http://data.ordnancesurvey.co.uk/ontology/admingeo/County,East Midlands,http://data.ordnancesurvey.co.uk/id/7000000000041423,England,http://data.ordnancesurvey.co.uk/id/country/england,,,
DN215PU,http://data.ordnancesurvey.co.uk/id/postcodeunit/DN215PU,DN21 5PU,,,,other,Postcode,487850,388650,3500,18000,,,,,,,Heapham,http://data.ordnancesurvey.co.uk/id/4000000074574601,http://www.ordnancesurvey.co.uk/xml/codelists/localtype.xml#village,West Lindsey,http://data.ordnancesurvey.co.uk/id/7000000000043527,http://data.ordnancesurvey.co.uk/ontology/admingeo/District,Lincolnshire,http://data.ordnancesurvey.co.uk/id/7000000000005942,http://data.ordnancesurvey.co.uk/ontology/admingeo/County,East Midlands,http://data.ordnancesurvey.co.uk/id/7000000000041423,England,http://data.ordnancesurvey.co.uk/id/country/england,,,
DN213LD,http://data.ordnancesurvey.co.uk/id/postcodeunit/DN213LD,DN21 3LD,,,,other,Postcode,485962,395022,3500,18000,,,,,,,Blyton,http://data.ordnancesurvey.co.uk/id/4000000074575429,http://www.ordnancesurvey.co.uk/xml/codelists/localtype.xml#village,West Lindsey,http://data.ordnancesurvey.co.uk/id/7000000000043527,http://data.ordnancesurvey.co.uk/ontology/admingeo/District,Lincolnshire,http://data.ordnancesurvey.co.uk/id/7000000000005942,http://data.ordnancesurvey.co.uk/ontology/admingeo/County,East Midlands,http://data.ordnancesurvey.co.uk/id/7000000000041423,England,http://data.ordnancesurvey.co.uk/id/country/england,,,
DN219BD,http://data.ordnancesurvey.co.uk/id/postcodeunit/DN219BD,DN21 9BD,,,,other,Postcode,481607,390035,3500,18000,,,,,,,Gainsborough,http://data.ordnancesurvey.co.uk/id/4000000074575425,http://www.ordnancesurvey.co.uk/xml/codelists/localtype.xml#town,West Lindsey,http://data.ordnancesurvey.co.uk/id/7000000000043527,http://data.ordnancesurvey.co.uk/ontology/admingeo/District,Lincolnshire,http://data.ordnancesurvey.co.uk/id/7000000000005942,http://data.ordnancesurvey.co.uk/ontology/admingeo/County,East Midlands,http://data.ordnancesurvey.co.uk/id/7000000000041423,England,http://data.ordnancesurvey.co.uk/id/country/england,,,
DN215NX,http://data.ordnancesurvey.co.uk/id/postcodeunit/DN215NX,DN21 5NX,,,,other,Postcode,486975,386654,3500,18000,,,,,,,Upton,http://data.ordnancesurvey.co.uk/id/4000000074578003,http://www.ordnancesurvey.co.uk/xml/codelists/localtype.xml#village,West Lindsey,http://data.ordnancesurvey.co.uk/id/7000000000043527,http://data.ordnancesurvey.co.uk/ontology/admingeo/District,Lincolnshire,http://data.ordnancesurvey.co.uk/id/7000000000005942,http://data.ordnancesurvey.co.uk/ontology/admingeo/County,East Midlands,http://data.ordnancesurvey.co.uk/id/7000000000041423,England,http://data.ordnancesurvey.co.uk/id/country/england,,,
DN212UE,http://data.ordnancesurvey.co.uk/id/postcodeunit/DN212UE,DN21 2UE,,,,other,Postcode,481130,391408,3500,18000,,,,,,,Gainsborough,http://data.ordnancesurvey.co.uk/id/4000000074575425,http://www.ordnancesurvey.co.uk/xml/codelists/localtype.xml#town,West Lindsey,http://data.ordnancesurvey.co.uk/id/7000000000043527,http://data.ordnancesurvey.co.uk/ontology/admingeo/District,Lincolnshire,http://data.ordnancesurvey.co.uk/id/7000000000005942,http://data.ordnancesurvey.co.uk/ontology/admingeo/County,East Midlands,http://data.ordnancesurvey.co.uk/id/7000000000041423,England,http://data.ordnancesurvey.co.uk/id/country/england,,,
DN211RE,http://data.ordnancesurvey.co.uk/id/postcodeunit/DN211RE,DN21 1RE,,,,other,Postcode,482616,390195,3500,18000,,,,,,,Gainsborough,http://data.ordnancesurvey.co.uk/id/4000000074575425,http://www.ordnancesurvey.co.uk/xml/codelists/localtype.xml#town,West Lindsey,http://data.ordnancesurvey.co.uk/id/7000000000043527,http://data.ordnancesurvey.co.uk/ontology/admingeo/District,Lincolnshire,http://data.ordnancesurvey.co.uk/id/7000000000005942,http://data.ordnancesurvey.co.uk/ontology/admingeo/County,East Midlands,http://data.ordnancesurvey.co.uk/id/7000000000041423,England,http://data.ordnancesurvey.co.uk/id/country/england,,,
DN211QD,http://data.ordnancesurvey.co.uk/id/postcodeunit/DN211QD,DN21 1QD,,,,other,Postcode,482371,391042,3500,18000,,,,,,,Gainsborough,http://data.ordnancesurvey.co.uk/id/4000000074575425,http://www.ordnancesurvey.co.uk/xml/codelists/localtype.xml#town,West Lindsey,http://data.ordnancesurvey.co.uk/id/7000000000043527,http://data.ordnancesurvey.co.uk/ontology/admingeo/District,Lincolnshire,http://data.ordnancesurvey.co.uk/id/7000000000005942,http://data.ordnancesurvey.co.uk/ontology/admingeo/County,East Midlands,http://data.ordnancesurvey.co.uk/id/7000000000041423,England,http://data.ordnancesurvey.co.uk/id/country/england,,,
DN212LE,http://data.ordnancesurvey.co.uk/id/postcodeunit/DN212LE,DN21 2LE,,,,other,Postcode,481184,390171,3500,18000,,,,,,,Gainsborough,http://data.ordnancesurvey.co.uk/id/4000000074575425,http://www.ordnancesurvey.co.uk/xml/codelists/localtype.xml#town,West Lindsey,http://data.ordnancesurvey.co.uk/id/7000000000043527,http://data.ordnancesurvey.co.uk/ontology/admingeo/District,Lincolnshire,http://data.ordnancesurvey.co.uk/id/7000000000005942,http://data.ordnancesurvey.co.uk/ontology/admingeo/County,East Midlands,http://data.ordnancesurvey.co.uk/id/7000000000041423,England,http://data.ordnancesurvey.co.uk/id/country/england,,,
DN215BX,http://data.ordnancesurvey.co.uk/id/postcodeunit/DN215BX,DN21 5BX,,,,other,Postcode,495661,386026,3500,18000,,,,,,,Fillingham,http://data.ordnancesurvey.co.uk/id/4000000074574877,http://www.ordnancesurvey.co.uk/xml/codelists/localtype.xml#village,West Lindsey,http://data.ordnancesurvey.co.uk/id/7000000000043527,http://data.ordnancesurvey.co.uk/ontology/admingeo/District,Lincolnshire,http://data.ordnancesurvey.co.uk/id/7000000000005942,http://data.ordnancesurvey.co.uk/ontology/admingeo/County,East Midlands,http://data.ordnancesurvey.co.uk/id/7000000000041423,England,http://data.ordnancesurvey.co.uk/id/country/england,,,
DN213PE,http://data.ordnancesurvey.co.uk/id/postcodeunit/DN213PE,DN21 3PE,,,,other,Postcode,486489,395197,3500,18000,,,,,,,,,,West Lindsey,http://data.ordnancesurvey.co.uk/id/7000000000043527,http://data.ordnancesurvey.co.uk/ontology/admingeo/District,Lincolnshire,http://data.ordnancesurvey.co.uk/id/7000000000005942,http://data.ordnancesurvey.co.uk/ontology/admingeo/County,East Midlands,http://data.ordnancesurvey.co.uk/id/7000000000041423,England,http://data.ordnancesurvey.co.uk/id/country/england,,,
LN82AN,http://data.ordnancesurvey.co.uk/id/postcodeunit/LN82AN,LN8 2AN,,,,other,Postcode,499635,390161,3500,18000,,,,,,,,,,West Lindsey,http://data.ordnancesurvey.co.uk/id/7000000000043527,http://data.ordnancesurvey.co.uk/ontology/admingeo/District,Lincolnshire,http://data.ordnancesurvey.co.uk/id/7000000000005942,http://data.ordnancesurvey.co.uk/ontology/admingeo/County,East Midlands,http://data.ordnancesurvey.co.uk/id/7000000000041423,England,http://data.ordnancesurvey.co.uk/id/country/england,,,
DN214AJ,http://data.ordnancesurvey.co.uk/id/postcodeunit/DN214AJ,DN21 4AJ,,,,other,Postcode,490430,396594,3500,18000,,,,,,,,,,West Lindsey,http://data.ordnancesurvey.co.uk/id/7000000000043527,http://data.ordnancesurvey.co.uk/ontology/admingeo/District,Lincolnshire,http://data.ordnancesurvey.co.uk/id/7000000000005942,http://data.ordnancesurvey.co.uk/ontology/admingeo/County,East Midlands,http://data.ordnancesurvey.co.uk/id/7000000000041423,England,http://data.ordnancesurvey.co.uk/id/country/england,,,
DN213JZ,http://data.ordnancesurvey.co.uk/id/postcodeunit/DN213JZ,DN21 3JZ,,,,other,Postcode,485341,394833,3500,18000,,,,,,,Blyton,http://data.ordnancesurvey.co.uk/id/4000000074575429,http://www.ordnancesurvey.co.uk/xml/codelists/localtype.xml#village,West Lindsey,http://data.ordnancesurvey.co.uk/id/7000000000043527,http://data.ordnancesurvey.co.uk/ontology/admingeo/District,Lincolnshire,http://data.ordnancesurvey.co.uk/id/7000000000005942,http://data.ordnancesurvey.co.uk/ontology/admingeo/County,East Midlands,http://data.ordnancesurvey.co.uk/id/7000000000041423,England,http://data.ordnancesurvey.co.uk/id/country/england,,,
DN211NJ,http://data.ordnancesurvey.co.uk/id/postcodeunit/DN211NJ,DN21 1NJ,,,,other,Postcode,482606,389042,3500,18000,,,,,,,Gainsborough,http://data.ordnancesurvey.co.uk/id/4000000074575425,http://www.ordnancesurvey.co.uk/xml/codelists/localtype.xml#town,West Lindsey,http://data.ordnancesurvey.co.uk/id/7000000000043527,http://data.ordnancesurvey.co.uk/ontology/admingeo/District,Lincolnshire,http://data.ordnancesurvey.co.uk/id/7000000000005942,http://data.ordnancesurvey.co.uk/ontology/admingeo/County,East Midlands,http://data.ordnancesurvey.co.uk/id/7000000000041423,England,http://data.ordnancesurvey.co.uk/id/country/england,,,
LN82BG,http://data.ordnancesurvey.co.uk/id/postcodeunit/LN82BG,LN8 2BG,,,,other,Postcode,498334,392564,3500,18000,,,,,,,Bishop Norton,http://data.ordnancesurvey.co.uk/id/4000000074574339,http://www.ordnancesurvey.co.uk/xml/codelists/localtype.xml#village,West Lindsey,http://data.ordnancesurvey.co.uk/id/7000000000043527,http://data.ordnancesurvey.co.uk/ontology/admingeo/District,Lincolnshire,http://data.ordnancesurvey.co.uk/id/7000000000005942,http://data.ordnancesurvey.co.uk/ontology/admingeo/County,East Midlands,http://data.ordnancesurvey.co.uk/id/7000000000041423,England,http://data.ordnancesurvey.co.uk/id/country/england,,,
DN215BY,http://data.ordnancesurvey.co.uk/id/postcodeunit/DN215BY,DN21 5BY,,,,other,Postcode,495857,387166,3500,18000,,,,,,,,,,West Lindsey,http://data.ordnancesurvey.co.uk/id/7000000000043527,http://data.ordnancesurvey.co.uk/ontology/admingeo/District,Lincolnshire,http://data.ordnancesurvey.co.uk/id/7000000000005942,http://data.ordnancesurvey.co.uk/ontology/admingeo/County,East Midlands,http://data.ordnancesurvey.co.uk/id/7000000000041423,England,http://data.ordnancesurvey.co.uk/id/country/england,,,
DN211PZ,http://data.ordnancesurvey.co.uk/id/postcodeunit/DN211PZ,DN21 1PZ,,,,other,Postcode,482088,391362,3500,18000,,,,,,,Gainsborough,http://data.ordnancesurvey.co.uk/id/4000000074575425,http://www.ordnancesurvey.co.uk/xml/codelists/localtype.xml#town,West Lindsey,http://data.ordnancesurvey.co.uk/id/7000000000043527,http://data.ordnancesurvey.co.uk/ontology/admingeo/District,Lincolnshire,http://data.ordnancesurvey.co.uk/id/7000000000005942,http://data.ordnancesurvey.co.uk/ontology/admingeo/County,East Midlands,http://data.ordnancesurvey.co.uk/id/7000000000041423,England,http://data.ordnancesurvey.co.uk/id/country/england,,,
DN212UU,http://data.ordnancesurvey.co.uk/id/postcodeunit/DN212UU,DN21 2UU,,,,other,Postcode,481128,391232,3500,18000,,,,,,,Gainsborough,http://data.ordnancesurvey.co.uk/id/4000000074575425,http://www.ordnancesurvey.co.uk/xml/codelists/localtype.xml#town,West Lindsey,http://data.ordnancesurvey.co.uk/id/7000000000043527,http://data.ordnancesurvey.co.uk/ontology/admingeo/District,Lincolnshire,http://data.ordnancesurvey.co.uk/id/7000000000005942,http://data.ordnancesurvey.co.uk/ontology/admingeo/County,East Midlands,http://data.ordnancesurvey.co.uk/id/7000000000041423,England,http://data.ordnancesurvey.co.uk/id/country/england,,,
DN211SX,http://data.ordnancesurvey.co.uk/id/postcodeunit/DN211SX,DN21 1SX,,,,other,Postcode,482991,389906,3500,18000,,,,,,,Gainsborough,http://data.ordnancesurvey.co.uk/id/4000000074575425,http://www.ordnancesurvey.co.uk/xml/codelists/localtype.xml#town,West Lindsey,http://data.ordnancesurvey.co.uk/id/7000000000043527,http://data.ordnancesurvey.co.uk/ontology/admingeo/District,Lincolnshire,http://data.ordnancesurvey.co.uk/id/7000000000005942,http://data.ordnancesurvey.co.uk/ontology/admingeo/County,East Midlands,http://data.ordnancesurvey.co.uk/id/7000000000041423,England,http://data.ordnancesurvey.co.uk/id/country/england,,,
DN214GA,http://data.ordnancesurvey.co.uk/id/postcodeunit/DN214GA,DN21 4GA,,,,other,Postcode,493551,398072,3500,18000,,,,,,,Kirton in Lindsey,http://data.ordnancesurvey.co.uk/id/4000000074574884,http://www.ordnancesurvey.co.uk/xml/codelists/localtype.xml#town,,,,North Lincolnshire,http://data.ordnancesurvey.co.uk/id/7000000000025623,http://data.ordnancesurvey.co.uk/ontology/admingeo/UnitaryAuthority,Yorkshire and the Humber,http://data.ordnancesurvey.co.uk/id/7000000000041430,England,http://data.ordnancesurvey.co.uk/id/country/england,,,
DN214DQ,http://data.ordnancesurvey.co.uk/id/postcodeunit/DN214DQ,DN21 4DQ,,,,other,Postcode,493427,398338,3500,18000,,,,,,,Kirton in Lindsey,http://data.ordnancesurvey.co.uk/id/4000000074574884,http://www.ordnancesurvey.co.uk/xml/codelists/localtype.xml#town,,,,North Lincolnshire,http://data.ordnancesurvey.co.uk/id/7000000000025623,http://data.ordnancesurvey.co.uk/ontology/admingeo/UnitaryAuthority,Yorkshire and the Humber,http://data.ordnancesurvey.co.uk/id/7000000000041430,England,http://data.ordnancesurvey.co.uk/id/country/england,,,
DN215HE,http://data.ordnancesurvey.co.uk/id/postcodeunit/DN215HE,DN21 5HE,,,,other,Postcode,483154,386815,3500,18000,,,,,,,Lea,http://data.ordnancesurvey.co.uk/id/4000000074578253,http://www.ordnancesurvey.co.uk/xml/codelists/localtype.xml#village,West Lindsey,http://data.ordnancesurvey.co.uk/id/7000000000043527,http://data.ordnancesurvey.co.uk/ontology/admingeo/District,Lincolnshire,http://data.ordnancesurvey.co.uk/id/7000000000005942,http://data.ordnancesurvey.co.uk/ontology/admingeo/County,East Midlands,http://data.ordnancesurvey.co.uk/id/7000000000041423,England,http://data.ordnancesurvey.co.uk/id/country/england,,,
DN214SU,http://data.ordnancesurvey.co.uk/id/postcodeunit/DN214SU,DN21 4SU,,,,other,Postcode,498721,396421,3500,18000,,,,,,,Waddingham,http://data.ordnancesurvey.co.uk/id/4000000074574880,http://www.ordnancesurvey.co.uk/xml/codelists/localtype.xml#village,West Lindsey,http://data.ordnancesurvey.co.uk/id/7000000000043527,http://data.ordnancesurvey.co.uk/ontology/admingeo/District,Lincolnshire,http://data.ordnancesurvey.co.uk/id/7000000000005942,http://data.ordnancesurvey.co.uk/ontology/admingeo/County,East Midlands,http://data.ordnancesurvey.co.uk/id/7000000000041423,England,http://data.ordnancesurvey.co.uk/id/country/england,,,
DN213NF,http://data.ordnancesurvey.co.uk/id/postcodeunit/DN213NF,DN21 3NF,,,,other,Postcode,485036,394619,3500,18000,,,,,,,Blyton,http://data.ordnancesurvey.co.uk/id/4000000074575429,http://www.ordnancesurvey.co.uk/xml/codelists/localtype.xml#village,West Lindsey,http://data.ordnancesurvey.co.uk/id/7000000000043527,http://data.ordnancesurvey.co.uk/ontology/admingeo/District,Lincolnshire,http://data.ordnancesurvey.co.uk/id/7000000000005942,http://data.ordnancesurvey.co.uk/ontology/admingeo/County,East Midlands,http://data.ordnancesurvey.co.uk/id/7000000000041423,England,http://data.ordnancesurvey.co.uk/id/country/england,,,
DN215XD,http://data.ordnancesurvey.co.uk/id/postcodeunit/DN215XD,DN21 5XD,,,,other,Postcode,489214,388342,3500,18000,,,,,,,,,,West Lindsey,http://data.ordnancesurvey.co.uk/id/7000000000043527,http://data.ordnancesurvey.co.uk/ontology/admingeo/District,Lincolnshire,http://data.ordnancesurvey.co.uk/id/7000000000005942,http://data.ordnancesurvey.co.uk/ontology/admingeo/County,East Midlands,http://data.ordnancesurvey.co.uk/id/7000000000041423,England,http://data.ordnancesurvey.co.uk/id/country/england,,,
DN214NN,http://data.ordnancesurvey.co.uk/id/postcodeunit/DN214NN,DN21 4NN,,,,other,Postcode,494148,398828,3500,18000,,,,,,,Kirton in Lindsey,http://data.ordnancesurvey.co.uk/id/4000000074574884,http://www.ordnancesurvey.co.uk/xml/codelists/localtype.xml#town,,,,North Lincolnshire,http://data.ordnancesurvey.co.uk/id/7000000000025623,http://data.ordnancesurvey.co.uk/ontology/admingeo/UnitaryAuthority,Yorkshire and the Humber,http://data.ordnancesurvey.co.uk/id/7000000000041430,England,http://data.ordnancesurvey.co.uk/id/country/england,,,
DN214QA,http://data.ordnancesurvey.co.uk/id/postcodeunit/DN214QA,DN21 4QA,,,,other,Postcode,493799,398390,3500,18000,,,,,,,Kirton in Lindsey,http://data.ordnancesurvey.co.uk/id/4000000074574884,http://www.ordnancesurvey.co.uk/xml/codelists/localtype.xml#town,,,,North Lincolnshire,http://data.ordnancesurvey.co.uk/id/7000000000025623,http://data.ordnancesurvey.co.uk/ontology/admingeo/UnitaryAuthority,Yorkshire and the Humber,http://data.ordnancesurvey.co.uk/id/7000000000041430,England,http://data.ordnancesurvey.co.uk/id/country/england,,,
DN211AY,http://data.ordnancesurvey.co.uk/id/postcodeunit/DN211AY,DN21 1AY,,,,other,Postcode,481078,389731,3500,18000,,,,,,,,,,Bassetlaw,http://data.ordnancesurvey.co.uk/id/7000000000008122,http://data.ordnancesurvey.co.uk/ontology/admingeo/District,Nottinghamshire,http://data.ordnancesurvey.co.uk/id/7000000000008127,http://data.ordnancesurvey.co.uk/ontology/admingeo/County,East Midlands,http://data.ordnancesurvey.co.uk/id/7000000000041423,England,http://data.ordnancesurvey.co.uk/id/country/england,,,
LN16BB,http://data.ordnancesurvey.co.uk/id/postcodeunit/LN16BB,LN1 6BB,,,,other,Postcode,489316,380200,3500,18000,,,,,,,Sturton by Stow,http://data.ordnancesurvey.co.uk/id/4000000074574600,http://www.ordnancesurvey.co.uk/xml/codelists/localtype.xml#village,West Lindsey,http://data.ordnancesurvey.co.uk/id/7000000000043527,http://data.ordnancesurvey.co.uk/ontology/admingeo/District,Lincolnshire,http://data.ordnancesurvey.co.uk/id/7000000000005942,http://data.ordnancesurvey.co.uk/ontology/admingeo/County,East Midlands,http://data.ordnancesurvey.co.uk/id/7000000000041423,England,http://data.ordnancesurvey.co.uk/id/country/england,,,
DN214GB,http://data.ordnancesurvey.co.uk/id/postcodeunit/DN214GB,DN21 4GB,,,,other,Postcode,493585,398147,3500,18000,,,,,,,Kirton in Lindsey,http://data.ordnancesurvey.co.uk/id/4000000074574884,http://www.ordnancesurvey.co.uk/xml/codelists/localtype.xml#town,,,,North Lincolnshire,http://data.ordnancesurvey.co.uk/id/7000000000025623,http://data.ordnancesurvey.co.uk/ontology/admingeo/UnitaryAuthority,Yorkshire and the Humber,http://data.ordnancesurvey.co.uk/id/7000000000041430,England,http://data.ordnancesurvey.co.uk/id/country/england,,,
DN211UG,http://data.ordnancesurvey.co.uk/id/postcodeunit/DN211UG,DN21 1UG,,,,other,Postcode,482751,389468,3500,18000,,,,,,,Gainsborough,http://data.ordnancesurvey.co.uk/id/4000000074575425,http://www.ordnancesurvey.co.uk/xml/codelists/localtype.xml#town,West Lindsey,http://data.ordnancesurvey.co.uk/id/7000000000043527,http://data.ordnancesurvey.co.uk/ontology/admingeo/District,Lincolnshire,http://data.ordnancesurvey.co.uk/id/7000000000005942,http://data.ordnancesurvey.co.uk/ontology/admingeo/County,East Midlands,http://data.ordnancesurvey.co.uk/id/7000000000041423,England,http://data.ordnancesurvey.co.uk/id/country/england,,,
DN212DD,http://data.ordnancesurvey.co.uk/id/postcodeunit/DN212DD,DN21 2DD,,,,other,Postcode,481418,389927,3500,18000,,,,,,,Gainsborough,http://data.ordnancesurvey.co.uk/id/4000000074575425,http://www.ordnancesurvey.co.uk/xml/codelists/localtype.xml#town,West Lindsey,http://data.ordnancesurvey.co.uk/id/7000000000043527,http://data.ordnancesurvey.co.uk/ontology/admingeo/District,Lincolnshire,http://data.ordnancesurvey.co.uk/id/7000000000005942,http://data.ordnancesurvey.co.uk/ontology/admingeo/County,East Midlands,http://data.ordnancesurvey.co.uk/id/7000000000041423,England,http://data.ordnancesurvey.co.uk/id/country/england,,,
DN214PN,http://data.ordnancesurvey.co.uk/id/postcodeunit/DN214PN,DN21 4PN,,,,other,Postcode,493417,398704,3500,18000,,,,,,,Kirton in Lindsey,http://data.ordnancesurvey.co.uk/id/4000000074574884,http://www.ordnancesurvey.co.uk/xml/codelists/localtype.xml#town,,,,North Lincolnshire,http://data.ordnancesurvey.co.uk/id/7000000000025623,http://data.ordnancesurvey.co.uk/ontology/admingeo/UnitaryAuthority,Yorkshire and the Humber,http://data.ordnancesurvey.co.uk/id/7000000000041430,England,http://data.ordnancesurvey.co.uk/id/country/england,,,
DN211JY,http://data.ordnancesurvey.co.uk/id/postcodeunit/DN211JY,DN21 1JY,,,,other,Postcode,481702,389036,3500,18000,,,,,,,Gainsborough,http://data.ordnancesurvey.co.uk/id/4000000074575425,http://www.ordnancesurvey.co.uk/xml/codelists/localtype.xml#town,West Lindsey,http://data.ordnancesurvey.co.uk/id/7000000000043527,http://data.ordnancesurvey.co.uk/ontology/admingeo/District,Lincolnshire,http://data.ordnancesurvey.co.uk/id/7000000000005942,http://data.ordnancesurvey.co.uk/ontology/admingeo/County,East Midlands,http://data.ordnancesurvey.co.uk/id/7000000000041423,England,http://data.ordnancesurvey.co.uk/id/country/england,,,
DN211DJ,http://data.ordnancesurvey.co.uk/id/postcodeunit/DN211DJ,DN21 1DJ,,,,other,Postcode,481815,388883,3500,18000,,,,,,,Gainsborough,http://data.ordnancesurvey.co.uk/id/4000000074575425,http://www.ordnancesurvey.co.uk/xml/codelists/localtype.xml#town,West Lindsey,http://data.ordnancesurvey.co.uk/id/7000000000043527,http://data.ordnancesurvey.co.uk/ontology/admingeo/District,Lincolnshire,http://data.ordnancesurvey.co.uk/id/7000000000005942,http://data.ordnancesurvey.co.uk/ontology/admingeo/County,East Midlands,http://data.ordnancesurvey.co.uk/id/7000000000041423,England,http://data.ordnancesurvey.co.uk/id/country/england,,,
DN214HH,http://data.ordnancesurvey.co.uk/id/postcodeunit/DN214HH,DN21 4HH,,,,other,Postcode,494199,394318,3500,18000,,,,,,,Blyborough,http://data.ordnancesurvey.co.uk/id/4000000074574882,http://www.ordnancesurvey.co.uk/xml/codelists/localtype.xml#hamlet,West Lindsey,http://data.ordnancesurvey.co.uk/id/7000000000043527,http://data.ordnancesurvey.co.uk/ontology/admingeo/District,Lincolnshire,http://data.ordnancesurvey.co.uk/id/7000000000005942,http://data.ordnancesurvey.co.uk/ontology/admingeo/County,East Midlands,http://data.ordnancesurvey.co.uk/id/7000000000041423,England,http://data.ordnancesurvey.co.uk/id/country/england,,,
DN214SS,http://data.ordnancesurvey.co.uk/id/postcodeunit/DN214SS,DN21 4SS,,,,other,Postcode,498354,396270,3500,18000,,,,,,,Waddingham,http://data.ordnancesurvey.co.uk/id/4000000074574880,http://www.ordnancesurvey.co.uk/xml/codelists/localtype.xml#village,West Lindsey,http://data.ordnancesurvey.co.uk/id/7000000000043527,http://data.ordnancesurvey.co.uk/ontology/admingeo/District,Lincolnshire,http://data.ordnancesurvey.co.uk/id/7000000000005942,http://data.ordnancesurvey.co.uk/ontology/admingeo/County,East Midlands,http://data.ordnancesurvey.co.uk/id/7000000000041423,England,http://data.ordnancesurvey.co.uk/id/country/england,,,
DN211EA,http://data.ordnancesurvey.co.uk/id/postcodeunit/DN211EA,DN21 1EA,,,,other,Postcode,482157,387773,3500,18000,,,,,,,Gainsborough,http://data.ordnancesurvey.co.uk/id/4000000074575425,http://www.ordnancesurvey.co.uk/xml/codelists/localtype.xml#town,West Lindsey,http://data.ordnancesurvey.co.uk/id/7000000000043527,http://data.ordnancesurvey.co.uk/ontology/admingeo/District,Lincolnshire,http://data.ordnancesurvey.co.uk/id/7000000000005942,http://data.ordnancesurvey.co.uk/ontology/admingeo/County,East Midlands,http://data.ordnancesurvey.co.uk/id/7000000000041423,England,http://data.ordnancesurvey.co.uk/id/country/england,,,
DN211FY,http://data.ordnancesurvey.co.uk/id/postcodeunit/DN211FY,DN21 1FY,,,,other,Postcode,482232,391202,3500,18000,,,,,,,Gainsborough,http://data.ordnancesurvey.co.uk/id/4000000074575425,http://www.ordnancesurvey.co.uk/xml/codelists/localtype.xml#town,West Lindsey,http://data.ordnancesurvey.co.uk/id/7000000000043527,http://data.ordnancesurvey.co.uk/ontology/admingeo/District,Lincolnshire,http://data.ordnancesurvey.co.uk/id/7000000000005942,http://data.ordnancesurvey.co.uk/ontology/admingeo/County,East Midlands,http://data.ordnancesurvey.co.uk/id/7000000000041423,England,http://data.ordnancesurvey.co.uk/id/country/england,,,
DN211QB,http://data.ordnancesurvey.co.uk/id/postcodeunit/DN211QB,DN21 1QB,,,,other,Postcode,483654,390438,3500,18000,,,,,,,Gainsborough,http://data.ordnancesurvey.co.uk/id/4000000074575425,http://www.ordnancesurvey.co.uk/xml/codelists/localtype.xml#town,West Lindsey,http://data.ordnancesurvey.co.uk/id/7000000000043527,http://data.ordnancesurvey.co.uk/ontology/admingeo/District,Lincolnshire,http://data.ordnancesurvey.co.uk/id/7000000000005942,http://data.ordnancesurvey.co.uk/ontology/admingeo/County,East Midlands,http://data.ordnancesurvey.co.uk/id/7000000000041423,England,http://data.ordnancesurvey.co.uk/id/country/england,,,
DN214NT,http://data.ordnancesurvey.co.uk/id/postcodeunit/DN214NT,DN21 4NT,,,,other,Postcode,493668,398483,3500,18000,,,,,,,Kirton in Lindsey,http://data.ordnancesurvey.co.uk/id/4000000074574884,http://www.ordnancesurvey.co.uk/xml/codelists/localtype.xml#town,,,,North Lincolnshire,http://data.ordnancesurvey.co.uk/id/7000000000025623,http://data.ordnancesurvey.co.uk/ontology/admingeo/UnitaryAuthority,Yorkshire and the Humber,http://data.ordnancesurvey.co.uk/id/7000000000041430,England,http://data.ordnancesurvey.co.uk/id/country/england,,,
DN214AB,http://data.ordnancesurvey.co.uk/id/postcodeunit/DN214AB,DN21 4AB,,,,other,Postcode,489482,397073,3500,18000,,,,,,,Northorpe,http://data.ordnancesurvey.co.uk/id/4000000074574885,http://www.ordnancesurvey.co.uk/xml/codelists/localtype.xml#village,West Lindsey,http://data.ordnancesurvey.co.uk/id/7000000000043527,http://data.ordnancesurvey.co.uk/ontology/admingeo/District,Lincolnshire,http://data.ordnancesurvey.co.uk/id/7000000000005942,http://data.ordnancesurvey.co.uk/ontology/admingeo/County,East Midlands,http://data.ordnancesurvey.co.uk/id/7000000000041423,England,http://data.ordnancesurvey.co.uk/id/country/england,,,
DN211FL,http://data.ordnancesurvey.co.uk/id/postcodeunit/DN211FL,DN21 1FL,,,,other,Postcode,482365,388380,3500,18000,,,,,,,Gainsborough,http://data.ordnancesurvey.co.uk/id/4000000074575425,http://www.ordnancesurvey.co.uk/xml/codelists/localtype.xml#town,West Lindsey,http://data.ordnancesurvey.co.uk/id/7000000000043527,http://data.ordnancesurvey.co.uk/ontology/admingeo/District,Lincolnshire,http://data.ordnancesurvey.co.uk/id/7000000000005942,http://data.ordnancesurvey.co.uk/ontology/admingeo/County,East Midlands,http://data.ordnancesurvey.co.uk/id/7000000000041423,England,http://data.ordnancesurvey.co.uk/id/country/england,,,
DN214PQ,http://data.ordnancesurvey.co.uk/id/postcodeunit/DN214PQ,DN21 4PQ,,,,other,Postcode,493413,398404,3500,18000,,,,,,,Kirton in Lindsey,http://data.ordnancesurvey.co.uk/id/4000000074574884,http://www.ordnancesurvey.co.uk/xml/codelists/localtype.xml#town,,,,North Lincolnshire,http://data.ordnancesurvey.co.uk/id/7000000000025623,http://data.ordnancesurvey.co.uk/ontology/admingeo/UnitaryAuthority,Yorkshire and the Humber,http://data.ordnancesurvey.co.uk/id/7000000000041430,England,http://data.ordnancesurvey.co.uk/id/country/england,,,
DN214AL,http://data.ordnancesurvey.co.uk/id/postcodeunit/DN214AL,DN21 4AL,,,,other,Postcode,491024,396885,3500,18000,,,,,,,,,,West Lindsey,http://data.ordnancesurvey.co.uk/id/7000000000043527,http://data.ordnancesurvey.co.uk/ontology/admingeo/District,Lincolnshire,http://data.ordnancesurvey.co.uk/id/7000000000005942,http://data.ordnancesurvey.co.uk/ontology/admingeo/County,East Midlands,http://data.ordnancesurvey.co.uk/id/7000000000041423,England,http://data.ordnancesurvey.co.uk/id/country/england,,,
DN214TB,http://data.ordnancesurvey.co.uk/id/postcodeunit/DN214TB,DN21 4TB,,,,other,Postcode,497235,396249,3500,18000,,,,,,,,,,West Lindsey,http://data.ordnancesurvey.co.uk/id/7000000000043527,http://data.ordnancesurvey.co.uk/ontology/admingeo/District,Lincolnshire,http://data.ordnancesurvey.co.uk/id/7000000000005942,http://data.ordnancesurvey.co.uk/ontology/admingeo/County,East Midlands,http://data.ordnancesurvey.co.uk/id/7000000000041423,England,http://data.ordnancesurvey.co.uk/id/country/england,,,
LN12GB,http://data.ordnancesurvey.co.uk/id/postcodeunit/LN12GB,LN1 2GB,,,,other,Postcode,494940,383069,3500,18000,,,,,,,Ingham,http://data.ordnancesurvey.co.uk/id/4000000074574875,http://www.ordnancesurvey.co.uk/xml/codelists/localtype.xml#village,West Lindsey,http://data.ordnancesurvey.co.uk/id/7000000000043527,http://data.ordnancesurvey.co.uk/ontology/admingeo/District,Lincolnshire,http://data.ordnancesurvey.co.uk/id/7000000000005942,http://data.ordnancesurvey.co.uk/ontology/admingeo/County,East Midlands,http://data.ordnancesurvey.co.uk/id/7000000000041423,England,http://data.ordnancesurvey.co.uk/id/country/england,,,
DN212NQ,http://data.ordnancesurvey.co.uk/id/postcodeunit/DN212NQ,DN21 2NQ,,,,other,Postcode,481318,389944,3500,18000,,,,,,,Gainsborough,http://data.ordnancesurvey.co.uk/id/4000000074575425,http://www.ordnancesurvey.co.uk/xml/codelists/localtype.xml#town,West Lindsey,http://data.ordnancesurvey.co.uk/id/7000000000043527,http://data.ordnancesurvey.co.uk/ontology/admingeo/District,Lincolnshire,http://data.ordnancesurvey.co.uk/id/7000000000005942,http://data.ordnancesurvey.co.uk/ontology/admingeo/County,East Midlands,http://data.ordnancesurvey.co.uk/id/7000000000041423,England,http://data.ordnancesurvey.co.uk/id/country/england,,,
DN212QS,http://data.ordnancesurvey.co.uk/id/postcodeunit/DN212QS,DN21 2QS,,,,other,Postcode,481607,390504,3500,18000,,,,,,,Gainsborough,http://data.ordnancesurvey.co.uk/id/4000000074575425,http://www.ordnancesurvey.co.uk/xml/codelists/localtype.xml#town,West Lindsey,http://data.ordnancesurvey.co.uk/id/7000000000043527,http://data.ordnancesurvey.co.uk/ontology/admingeo/District,Lincolnshire,http://data.ordnancesurvey.co.uk/id/7000000000005942,http://data.ordnancesurvey.co.uk/ontology/admingeo/County,East Midlands,http://data.ordnancesurvey.co.uk/id/7000000000041423,England,http://data.ordnancesurvey.co.uk/id/country/england,,,
DN212SY,http://data.ordnancesurvey.co.uk/id/postcodeunit/DN212SY,DN21 2SY,,,,other,Postcode,481262,390980,3500,18000,,,,,,,Gainsborough,http://data.ordnancesurvey.co.uk/id/4000000074575425,http://www.ordnancesurvey.co.uk/xml/codelists/localtype.xml#town,West Lindsey,http://data.ordnancesurvey.co.uk/id/7000000000043527,http://data.ordnancesurvey.co.uk/ontology/admingeo/District,Lincolnshire,http://data.ordnancesurvey.co.uk/id/7000000000005942,http://data.ordnancesurvey.co.uk/ontology/admingeo/County,East Midlands,http://data.ordnancesurvey.co.uk/id/7000000000041423,England,http://data.ordnancesurvey.co.uk/id/country/england,,,
DN213LL,http://data.ordnancesurvey.co.uk/id/postcodeunit/DN213LL,DN21 3LL,,,,other,Postcode,484260,394493,3500,18000,,,,,,,,,,West Lindsey,http://data.ordnancesurvey.co.uk/id/7000000000043527,http://data.ordnancesurvey.co.uk/ontology/admingeo/District,Lincolnshire,http://data.ordnancesurvey.co.uk/id/7000000000005942,http://data.ordnancesurvey.co.uk/ontology/admingeo/County,East Midlands,http://data.ordnancesurvey.co.uk/id/7000000000041423,England,http://data.ordnancesurvey.co.uk/id/country/england,,,
DN215BF,http://data.ordnancesurvey.co.uk/id/postcodeunit/DN215BF,DN21 5BF,,,,other,Postcode,484404,381778,3500,18000,,,,,,,Marton,http://data.ordnancesurvey.co.uk/id/4000000074577537,http://www.ordnancesurvey.co.uk/xml/codelists/localtype.xml#village,West Lindsey,http://data.ordnancesurvey.co.uk/id/7000000000043527,http://data.ordnancesurvey.co.uk/ontology/admingeo/District,Lincolnshire,http://data.ordnancesurvey.co.uk/id/7000000000005942,http://data.ordnancesurvey.co.uk/ontology/admingeo/County,East Midlands,http://data.ordnancesurvey.co.uk/id/7000000000041423,England,http://data.ordnancesurvey.co.uk/id/country/england,,,
DN212DP,http://data.ordnancesurvey.co.uk/id/postcodeunit/DN212DP,DN21 2DP,,,,other,Postcode,481439,389821,3500,18000,,,,,,,Gainsborough,http://data.ordnancesurvey.co.uk/id/4000000074575425,http://www.ordnancesurvey.co.uk/xml/codelists/localtype.xml#town,West Lindsey,http://data.ordnancesurvey.co.uk/id/7000000000043527,http://data.ordnancesurvey.co.uk/ontology/admingeo/District,Lincolnshire,http://data.ordnancesurvey.co.uk/id/7000000000005942,http://data.ordnancesurvey.co.uk/ontology/admingeo/County,East Midlands,http://data.ordnancesurvey.co.uk/id/7000000000041423,England,http://data.ordnancesurvey.co.uk/id/country/england,,,
DN212NL,http://data.ordnancesurvey.co.uk/id/postcodeunit/DN212NL,DN21 2NL,,,,other,Postcode,481280,389934,3500,18000,,,,,,,Gainsborough,http://data.ordnancesurvey.co.uk/id/4000000074575425,http://www.ordnancesurvey.co.uk/xml/codelists/localtype.xml#town,West Lindsey,http://data.ordnancesurvey.co.uk/id/7000000000043527,http://data.ordnancesurvey.co.uk/ontology/admingeo/District,Lincolnshire,http://data.ordnancesurvey.co.uk/id/7000000000005942,http://data.ordnancesurvey.co.uk/ontology/admingeo/County,East Midlands,http://data.ordnancesurvey.co.uk/id/7000000000041423,England,http://data.ordnancesurvey.co.uk/id/country/england,,,
DN212NJ,http://data.ordnancesurvey.co.uk/id/postcodeunit/DN212NJ,DN21 2NJ,,,,other,Postcode,481289,389940,3500,18000,,,,,,,Gainsborough,http://data.ordnancesurvey.co.uk/id/4000000074575425,http://www.ordnancesurvey.co.uk/xml/codelists/localtype.xml#town,West Lindsey,http://data.ordnancesurvey.co.uk/id/7000000000043527,http://data.ordnancesurvey.co.uk/ontology/admingeo/District,Lincolnshire,http://data.ordnancesurvey.co.uk/id/7000000000005942,http://data.ordnancesurvey.co.uk/ontology/admingeo/County,East Midlands,http://data.ordnancesurvey.co.uk/id/7000000000041423,England,http://data.ordnancesurvey.co.uk/id/country/england,,,
DN215BE,http://data.ordnancesurvey.co.uk/id/postcodeunit/DN215BE,DN21 5BE,,,,other,Postcode,485056,383047,3500,18000,,,,,,,,,,West Lindsey,http://data.ordnancesurvey.co.uk/id/7000000000043527,http://data.ordnancesurvey.co.uk/ontology/admingeo/District,Lincolnshire,http://data.ordnancesurvey.co.uk/id/7000000000005942,http://data.ordnancesurvey.co.uk/ontology/admingeo/County,East Midlands,http://data.ordnancesurvey.co.uk/id/7000000000041423,England,http://data.ordnancesurvey.co.uk/id/country/england,,,
DN214HU,http://data.ordnancesurvey.co.uk/id/postcodeunit/DN214HU,DN21 4HU,,,,other,Postcode,494034,398197,3500,18000,,,,,,,Kirton in Lindsey,http://data.ordnancesurvey.co.uk/id/4000000074574884,http://www.ordnancesurvey.co.uk/xml/codelists/localtype.xml#town,,,,North Lincolnshire,http://data.ordnancesurvey.co.uk/id/7000000000025623,http://data.ordnancesurvey.co.uk/ontology/admingeo/UnitaryAuthority,Yorkshire and the Humber,http://data.ordnancesurvey.co.uk/id/7000000000041430,England,http://data.ordnancesurvey.co.uk/id/country/england,,,
DN214JR,http://data.ordnancesurvey.co.uk/id/postcodeunit/DN214JR,DN21 4JR,,,,other,Postcode,493231,399901,3500,18000,,,,,,,Kirton in Lindsey,http://data.ordnancesurvey.co.uk/id/4000000074574884,http://www.ordnancesurvey.co.uk/xml/codelists/localtype.xml#town,,,,North Lincolnshire,http://data.ordnancesurvey.co.uk/id/7000000000025623,http://data.ordnancesurvey.co.uk/ontology/admingeo/UnitaryAuthority,Yorkshire and the Humber,http://data.ordnancesurvey.co.uk/id/7000000000041430,England,http://data.ordnancesurvey.co.uk/id/country/england,,,
DN213LP,http://data.ordnancesurvey.co.uk/id/postcodeunit/DN213LP,DN21 3LP,,,,other,Postcode,485831,395236,3500,18000,,,,,,,Blyton,http://data.ordnancesurvey.co.uk/id/4000000074575429,http://www.ordnancesurvey.co.uk/xml/codelists/localtype.xml#village,West Lindsey,http://data.ordnancesurvey.co.uk/id/7000000000043527,http://data.ordnancesurvey.co.uk/ontology/admingeo/District,Lincolnshire,http://data.ordnancesurvey.co.uk/id/7000000000005942,http://data.ordnancesurvey.co.uk/ontology/admingeo/County,East Midlands,http://data.ordnancesurvey.co.uk/id/7000000000041423,England,http://data.ordnancesurvey.co.uk/id/country/england,,,
DN211DZ,http://data.ordnancesurvey.co.uk/id/postcodeunit/DN211DZ,DN21 1DZ,,,,other,Postcode,482594,389434,3500,18000,,,,,,,Gainsborough,http://data.ordnancesurvey.co.uk/id/4000000074575425,http://www.ordnancesurvey.co.uk/xml/codelists/localtype.xml#town,West Lindsey,http://data.ordnancesurvey.co.uk/id/7000000000043527,http://data.ordnancesurvey.co.uk/ontology/admingeo/District,Lincolnshire,http://data.ordnancesurvey.co.uk/id/7000000000005942,http://data.ordnancesurvey.co.uk/ontology/admingeo/County,East Midlands,http://data.ordnancesurvey.co.uk/id/7000000000041423,England,http://data.ordnancesurvey.co.uk/id/country/england,,,
DN212SB,http://data.ordnancesurvey.co.uk/id/postcodeunit/DN212SB,DN21 2SB,,,,other,Postcode,481047,390742,3500,18000,,,,,,,Gainsborough,http://data.ordnancesurvey.co.uk/id/4000000074575425,http://www.ordnancesurvey.co.uk/xml/codelists/localtype.xml#town,West Lindsey,http://data.ordnancesurvey.co.uk/id/7000000000043527,http://data.ordnancesurvey.co.uk/ontology/admingeo/District,Lincolnshire,http://data.ordnancesurvey.co.uk/id/7000000000005942,http://data.ordnancesurvey.co.uk/ontology/admingeo/County,East Midlands,http://data.ordnancesurvey.co.uk/id/7000000000041423,England,http://data.ordnancesurvey.co.uk/id/country/england,,,
DN213BB,http://data.ordnancesurvey.co.uk/id/postcodeunit/DN213BB,DN21 3BB,,,,other,Postcode,480871,391578,3500,18000,,,,,,,Gainsborough,http://data.ordnancesurvey.co.uk/id/4000000074575425,http://www.ordnancesurvey.co.uk/xml/codelists/localtype.xml#town,West Lindsey,http://data.ordnancesurvey.co.uk/id/7000000000043527,http://data.ordnancesurvey.co.uk/ontology/admingeo/District,Lincolnshire,http://data.ordnancesurvey.co.uk/id/7000000000005942,http://data.ordnancesurvey.co.uk/ontology/admingeo/County,East Midlands,http://data.ordnancesurvey.co.uk/id/7000000000041423,England,http://data.ordnancesurvey.co.uk/id/country/england,,,
LN12FH,http://data.ordnancesurvey.co.uk/id/postcodeunit/LN12FH,LN1 2FH,,,,other,Postcode,494267,383609,3500,18000,,,,,,,Ingham,http://data.ordnancesurvey.co.uk/id/4000000074574875,http://www.ordnancesurvey.co.uk/xml/codelists/localtype.xml#village,West Lindsey,http://data.ordnancesurvey.co.uk/id/7000000000043527,http://data.ordnancesurvey.co.uk/ontology/admingeo/District,Lincolnshire,http://data.ordnancesurvey.co.uk/id/7000000000005942,http://data.ordnancesurvey.co.uk/ontology/admingeo/County,East Midlands,http://data.ordnancesurvey.co.uk/id/7000000000041423,England,http://data.ordnancesurvey.co.uk/id/country/england,,,
DN215NR,http://data.ordnancesurvey.co.uk/id/postcodeunit/DN215NR,DN21 5NR,,,,other,Postcode,487041,386804,3500,18000,,,,,,,Upton,http://data.ordnancesurvey.co.uk/id/4000000074578003,http://www.ordnancesurvey.co.uk/xml/codelists/localtype.xml#village,West Lindsey,http://data.ordnancesurvey.co.uk/id/7000000000043527,http://data.ordnancesurvey.co.uk/ontology/admingeo/District,Lincolnshire,http://data.ordnancesurvey.co.uk/id/7000000000005942,http://data.ordnancesurvey.co.uk/ontology/admingeo/County,East Midlands,http://data.ordnancesurvey.co.uk/id/7000000000041423,England,http://data.ordnancesurvey.co.uk/id/country/england,,,
DN213BF,http://data.ordnancesurvey.co.uk/id/postcodeunit/DN213BF,DN21 3BF,,,,other,Postcode,485801,395388,3500,18000,,,,,,,Blyton,http://data.ordnancesurvey.co.uk/id/4000000074575429,http://www.ordnancesurvey.co.uk/xml/codelists/localtype.xml#village,West Lindsey,http://data.ordnancesurvey.co.uk/id/7000000000043527,http://data.ordnancesurvey.co.uk/ontology/admingeo/District,Lincolnshire,http://data.ordnancesurvey.co.uk/id/7000000000005942,http://data.ordnancesurvey.co.uk/ontology/admingeo/County,East Midlands,http://data.ordnancesurvey.co.uk/id/7000000000041423,England,http://data.ordnancesurvey.co.uk/id/country/england,,,
DN212TQ,http://data.ordnancesurvey.co.uk/id/postcodeunit/DN212TQ,DN21 2TQ,,,,other,Postcode,480794,391220,3500,18000,,,,,,,Gainsborough,http://data.ordnancesurvey.co.uk/id/4000000074575425,http://www.ordnancesurvey.co.uk/xml/codelists/localtype.xml#town,West Lindsey,http://data.ordnancesurvey.co.uk/id/7000000000043527,http://data.ordnancesurvey.co.uk/ontology/admingeo/District,Lincolnshire,http://data.ordnancesurvey.co.uk/id/7000000000005942,http://data.ordnancesurvey.co.uk/ontology/admingeo/County,East Midlands,http://data.ordnancesurvey.co.uk/id/7000000000041423,England,http://data.ordnancesurvey.co.uk/id/country/england,,,
DN214QW,http://data.ordnancesurvey.co.uk/id/postcodeunit/DN214QW,DN21 4QW,,,,other,Postcode,497294,399829,3500,18000,,,,,,,Redbourne,http://data.ordnancesurvey.co.uk/id/4000000074574881,http://www.ordnancesurvey.co.uk/xml/codelists/localtype.xml#village,,,,North Lincolnshire,http://data.ordnancesurvey.co.uk/id/7000000000025623,http://data.ordnancesurvey.co.uk/ontology/admingeo/UnitaryAuthority,Yorkshire and the Humber,http://data.ordnancesurvey.co.uk/id/7000000000041430,England,http://data.ordnancesurvey.co.uk/id/country/england,,,
LN12ZJ,http://data.ordnancesurvey.co.uk/id/postcodeunit/LN12ZJ,LN1 2ZJ,,,,other,Postcode,488005,381920,3500,18000,,,,,,,Stow,http://data.ordnancesurvey.co.uk/id/4000000074574878,http://www.ordnancesurvey.co.uk/xml/codelists/localtype.xml#village,West Lindsey,http://data.ordnancesurvey.co.uk/id/7000000000043527,http://data.ordnancesurvey.co.uk/ontology/admingeo/District,Lincolnshire,http://data.ordnancesurvey.co.uk/id/7000000000005942,http://data.ordnancesurvey.co.uk/ontology/admingeo/County,East Midlands,http://data.ordnancesurvey.co.uk/id/7000000000041423,England,http://data.ordnancesurvey.co.uk/id/country/england,,,
DN215DB,http://data.ordnancesurvey.co.uk/id/postcodeunit/DN215DB,DN21 5DB,,,,other,Postcode,494716,388277,3500,18000,,,,,,,Glentworth,http://data.ordnancesurvey.co.uk/id/4000000074574337,http://www.ordnancesurvey.co.uk/xml/codelists/localtype.xml#village,West Lindsey,http://data.ordnancesurvey.co.uk/id/7000000000043527,http://data.ordnancesurvey.co.uk/ontology/admingeo/District,Lincolnshire,http://data.ordnancesurvey.co.uk/id/7000000000005942,http://data.ordnancesurvey.co.uk/ontology/admingeo/County,East Midlands,http://data.ordnancesurvey.co.uk/id/7000000000041423,England,http://data.ordnancesurvey.co.uk/id/country/england,,,
DN214DN,http://data.ordnancesurvey.co.uk/id/postcodeunit/DN214DN,DN21 4DN,,,,other,Postcode,493558,398384,3500,18000,,,,,,,Kirton in Lindsey,http://data.ordnancesurvey.co.uk/id/4000000074574884,http://www.ordnancesurvey.co.uk/xml/codelists/localtype.xml#town,,,,North Lincolnshire,http://data.ordnancesurvey.co.uk/id/7000000000025623,http://data.ordnancesurvey.co.uk/ontology/admingeo/UnitaryAuthority,Yorkshire and the Humber,http://data.ordnancesurvey.co.uk/id/7000000000041430,England,http://data.ordnancesurvey.co.uk/id/country/england,,,
DN212QP,http://data.ordnancesurvey.co.uk/id/postcodeunit/DN212QP,DN21 2QP,,,,other,Postcode,481537,390475,3500,18000,,,,,,,Gainsborough,http://data.ordnancesurvey.co.uk/id/4000000074575425,http://www.ordnancesurvey.co.uk/xml/codelists/localtype.xml#town,West Lindsey,http://data.ordnancesurvey.co.uk/id/7000000000043527,http://data.ordnancesurvey.co.uk/ontology/admingeo/District,Lincolnshire,http://data.ordnancesurvey.co.uk/id/7000000000005942,http://data.ordnancesurvey.co.uk/ontology/admingeo/County,East Midlands,http://data.ordnancesurvey.co.uk/id/7000000000041423,England,http://data.ordnancesurvey.co.uk/id/country/england,,,
DN213QR,http://data.ordnancesurvey.co.uk/id/postcodeunit/DN213QR,DN21 3QR,,,,other,Postcode,489125,399161,3500,18000,,,,,,,Scotton,http://data.ordnancesurvey.co.uk/id/4000000074575140,http://www.ordnancesurvey.co.uk/xml/codelists/localtype.xml#village,West Lindsey,http://data.ordnancesurvey.co.uk/id/7000000000043527,http://data.ordnancesurvey.co.uk/ontology/admingeo/District,Lincolnshire,http://data.ordnancesurvey.co.uk/id/7000000000005942,http://data.ordnancesurvey.co.uk/ontology/admingeo/County,East Midlands,http://data.ordnancesurvey.co.uk/id/7000000000041423,England,http://data.ordnancesurvey.co.uk/id/country/england,,,
LN12AJ,http://data.ordnancesurvey.co.uk/id/postcodeunit/LN12AJ,LN1 2AJ,,,,other,Postcode,487088,381447,3500,18000,,,,,,,,,,West Lindsey,http://data.ordnancesurvey.co.uk/id/7000000000043527,http://data.ordnancesurvey.co.uk/ontology/admingeo/District,Lincolnshire,http://data.ordnancesurvey.co.uk/id/7000000000005942,http://data.ordnancesurvey.co.uk/ontology/admingeo/County,East Midlands,http://data.ordnancesurvey.co.uk/id/7000000000041423,England,http://data.ordnancesurvey.co.uk/id/country/england,,,
DN215ED,http://data.ordnancesurvey.co.uk/id/postcodeunit/DN215ED,DN21 5ED,,,,other,Postcode,494467,387843,3500,18000,,,,,,,Glentworth,http://data.ordnancesurvey.co.uk/id/4000000074574337,http://www.ordnancesurvey.co.uk/xml/codelists/localtype.xml#village,West Lindsey,http://data.ordnancesurvey.co.uk/id/7000000000043527,http://data.ordnancesurvey.co.uk/ontology/admingeo/District,Lincolnshire,http://data.ordnancesurvey.co.uk/id/7000000000005942,http://data.ordnancesurvey.co.uk/ontology/admingeo/County,East Midlands,http://data.ordnancesurvey.co.uk/id/7000000000041423,England,http://data.ordnancesurvey.co.uk/id/country/england,,,
DN212SS,http://data.ordnancesurvey.co.uk/id/postcodeunit/DN212SS,DN21 2SS,,,,other,Postcode,481289,391294,3500,18000,,,,,,,Gainsborough,http://data.ordnancesurvey.co.uk/id/4000000074575425,http://www.ordnancesurvey.co.uk/xml/codelists/localtype.xml#town,West Lindsey,http://data.ordnancesurvey.co.uk/id/7000000000043527,http://data.ordnancesurvey.co.uk/ontology/admingeo/District,Lincolnshire,http://data.ordnancesurvey.co.uk/id/7000000000005942,http://data.ordnancesurvey.co.uk/ontology/admingeo/County,East Midlands,http://data.ordnancesurvey.co.uk/id/7000000000041423,England,http://data.ordnancesurvey.co.uk/id/country/england,,,
DN212PD,http://data.ordnancesurvey.co.uk/id/postcodeunit/DN212PD,DN21 2PD,,,,other,Postcode,481022,390759,3500,18000,,,,,,,Gainsborough,http://data.ordnancesurvey.co.uk/id/4000000074575425,http://www.ordnancesurvey.co.uk/xml/codelists/localtype.xml#town,West Lindsey,http://data.ordnancesurvey.co.uk/id/7000000000043527,http://data.ordnancesurvey.co.uk/ontology/admingeo/District,Lincolnshire,http://data.ordnancesurvey.co.uk/id/7000000000005942,http://data.ordnancesurvey.co.uk/ontology/admingeo/County,East Midlands,http://data.ordnancesurvey.co.uk/id/7000000000041423,England,http://data.ordnancesurvey.co.uk/id/country/england,,,
DN211XL,http://data.ordnancesurvey.co.uk/id/postcodeunit/DN211XL,DN21 1XL,,,,other,Postcode,482154,389555,3500,18000,,,,,,,Gainsborough,http://data.ordnancesurvey.co.uk/id/4000000074575425,http://www.ordnancesurvey.co.uk/xml/codelists/localtype.xml#town,West Lindsey,http://data.ordnancesurvey.co.uk/id/7000000000043527,http://data.ordnancesurvey.co.uk/ontology/admingeo/District,Lincolnshire,http://data.ordnancesurvey.co.uk/id/7000000000005942,http://data.ordnancesurvey.co.uk/ontology/admingeo/County,East Midlands,http://data.ordnancesurvey.co.uk/id/7000000000041423,England,http://data.ordnancesurvey.co.uk/id/country/england,,,
DN214TD,http://data.ordnancesurvey.co.uk/id/postcodeunit/DN214TD,DN21 4TD,,,,other,Postcode,498184,396353,3500,18000,,,,,,,Waddingham,http://data.ordnancesurvey.co.uk/id/4000000074574880,http://www.ordnancesurvey.co.uk/xml/codelists/localtype.xml#village,West Lindsey,http://data.ordnancesurvey.co.uk/id/7000000000043527,http://data.ordnancesurvey.co.uk/ontology/admingeo/District,Lincolnshire,http://data.ordnancesurvey.co.uk/id/7000000000005942,http://data.ordnancesurvey.co.uk/ontology/admingeo/County,East Midlands,http://data.ordnancesurvey.co.uk/id/7000000000041423,England,http://data.ordnancesurvey.co.uk/id/country/england,,,
DN215AQ,http://data.ordnancesurvey.co.uk/id/postcodeunit/DN215AQ,DN21 5AQ,,,,other,Postcode,484446,381733,3500,18000,,,,,,,Marton,http://data.ordnancesurvey.co.uk/id/4000000074577537,http://www.ordnancesurvey.co.uk/xml/codelists/localtype.xml#village,West Lindsey,http://data.ordnancesurvey.co.uk/id/7000000000043527,http://data.ordnancesurvey.co.uk/ontology/admingeo/District,Lincolnshire,http://data.ordnancesurvey.co.uk/id/7000000000005942,http://data.ordnancesurvey.co.uk/ontology/admingeo/County,East Midlands,http://data.ordnancesurvey.co.uk/id/7000000000041423,England,http://data.ordnancesurvey.co.uk/id/country/england,,,
DN211RP,http://data.ordnancesurvey.co.uk/id/postcodeunit/DN211RP,DN21 1RP,,,,other,Postcode,482663,389973,3500,18000,,,,,,,Gainsborough,http://data.ordnancesurvey.co.uk/id/4000000074575425,http://www.ordnancesurvey.co.uk/xml/codelists/localtype.xml#town,West Lindsey,http://data.ordnancesurvey.co.uk/id/7000000000043527,http://data.ordnancesurvey.co.uk/ontology/admingeo/District,Lincolnshire,http://data.ordnancesurvey.co.uk/id/7000000000005942,http://data.ordnancesurvey.co.uk/ontology/admingeo/County,East Midlands,http://data.ordnancesurvey.co.uk/id/7000000000041423,England,http://data.ordnancesurvey.co.uk/id/country/england,,,
DN212NB,http://data.ordnancesurvey.co.uk/id/postcodeunit/DN212NB,DN21 2NB,,,,other,Postcode,481387,390002,3500,18000,,,,,,,Gainsborough,http://data.ordnancesurvey.co.uk/id/4000000074575425,http://www.ordnancesurvey.co.uk/xml/codelists/localtype.xml#town,West Lindsey,http://data.ordnancesurvey.co.uk/id/7000000000043527,http://data.ordnancesurvey.co.uk/ontology/admingeo/District,Lincolnshire,http://data.ordnancesurvey.co.uk/id/7000000000005942,http://data.ordnancesurvey.co.uk/ontology/admingeo/County,East Midlands,http://data.ordnancesurvey.co.uk/id/7000000000041423,England,http://data.ordnancesurvey.co.uk/id/country/england,,,
DN212QW,http://data.ordnancesurvey.co.uk/id/postcodeunit/DN212QW,DN21 2QW,,,,other,Postcode,481521,390254,3500,18000,,,,,,,Gainsborough,http://data.ordnancesurvey.co.uk/id/4000000074575425,http://www.ordnancesurvey.co.uk/xml/codelists/localtype.xml#town,West Lindsey,http://data.ordnancesurvey.co.uk/id/7000000000043527,http://data.ordnancesurvey.co.uk/ontology/admingeo/District,Lincolnshire,http://data.ordnancesurvey.co.uk/id/7000000000005942,http://data.ordnancesurvey.co.uk/ontology/admingeo/County,East Midlands,http://data.ordnancesurvey.co.uk/id/7000000000041423,England,http://data.ordnancesurvey.co.uk/id/country/england,,,
DN211HF,http://data.ordnancesurvey.co.uk/id/postcodeunit/DN211HF,DN21 1HF,,,,other,Postcode,481938,390451,3500,18000,,,,,,,Gainsborough,http://data.ordnancesurvey.co.uk/id/4000000074575425,http://www.ordnancesurvey.co.uk/xml/codelists/localtype.xml#town,West Lindsey,http://data.ordnancesurvey.co.uk/id/7000000000043527,http://data.ordnancesurvey.co.uk/ontology/admingeo/District,Lincolnshire,http://data.ordnancesurvey.co.uk/id/7000000000005942,http://data.ordnancesurvey.co.uk/ontology/admingeo/County,East Midlands,http://data.ordnancesurvey.co.uk/id/7000000000041423,England,http://data.ordnancesurvey.co.uk/id/country/england,,,
DN214RF,http://data.ordnancesurvey.co.uk/id/postcodeunit/DN214RF,DN21 4RF,,,,other,Postcode,496739,395394,3500,18000,,,,,,,,,,West Lindsey,http://data.ordnancesurvey.co.uk/id/7000000000043527,http://data.ordnancesurvey.co.uk/ontology/admingeo/District,Lincolnshire,http://data.ordnancesurvey.co.uk/id/7000000000005942,http://data.ordnancesurvey.co.uk/ontology/admingeo/County,East Midlands,http://data.ordnancesurvey.co.uk/id/7000000000041423,England,http://data.ordnancesurvey.co.uk/id/country/england,,,
DN215EW,http://data.ordnancesurvey.co.uk/id/postcodeunit/DN215EW,DN21 5EW,,,,other,Postcode,483273,386555,3500,18000,,,,,,,Lea,http://data.ordnancesurvey.co.uk/id/4000000074578253,http://www.ordnancesurvey.co.uk/xml/codelists/localtype.xml#village,West Lindsey,http://data.ordnancesurvey.co.uk/id/7000000000043527,http://data.ordnancesurvey.co.uk/ontology/admingeo/District,Lincolnshire,http://data.ordnancesurvey.co.uk/id/7000000000005942,http://data.ordnancesurvey.co.uk/ontology/admingeo/County,East Midlands,http://data.ordnancesurvey.co.uk/id/7000000000041423,England,http://data.ordnancesurvey.co.uk/id/country/england,,,
DN215JL,http://data.ordnancesurvey.co.uk/id/postcodeunit/DN215JL,DN21 5JL,,,,other,Postcode,482522,387133,3500,18000,,,,,,,Lea,http://data.ordnancesurvey.co.uk/id/4000000074578253,http://www.ordnancesurvey.co.uk/xml/codelists/localtype.xml#village,West Lindsey,http://data.ordnancesurvey.co.uk/id/7000000000043527,http://data.ordnancesurvey.co.uk/ontology/admingeo/District,Lincolnshire,http://data.ordnancesurvey.co.uk/id/7000000000005942,http://data.ordnancesurvey.co.uk/ontology/admingeo/County,East Midlands,http://data.ordnancesurvey.co.uk/id/7000000000041423,England,http://data.ordnancesurvey.co.uk/id/country/england,,,
DN211LY,http://data.ordnancesurvey.co.uk/id/postcodeunit/DN211LY,DN21 1LY,,,,other,Postcode,482591,389541,3500,18000,,,,,,,Gainsborough,http://data.ordnancesurvey.co.uk/id/4000000074575425,http://www.ordnancesurvey.co.uk/xml/codelists/localtype.xml#town,West Lindsey,http://data.ordnancesurvey.co.uk/id/7000000000043527,http://data.ordnancesurvey.co.uk/ontology/admingeo/District,Lincolnshire,http://data.ordnancesurvey.co.uk/id/7000000000005942,http://data.ordnancesurvey.co.uk/ontology/admingeo/County,East Midlands,http://data.ordnancesurvey.co.uk/id/7000000000041423,England,http://data.ordnancesurvey.co.uk/id/country/england,,,
DN215DQ,http://data.ordnancesurvey.co.uk/id/postcodeunit/DN215DQ,DN21 5DQ,,,,other,Postcode,494442,387810,3500,18000,,,,,,,Glentworth,http://data.ordnancesurvey.co.uk/id/4000000074574337,http://www.ordnancesurvey.co.uk/xml/codelists/localtype.xml#village,West Lindsey,http://data.ordnancesurvey.co.uk/id/7000000000043527,http://data.ordnancesurvey.co.uk/ontology/admingeo/District,Lincolnshire,http://data.ordnancesurvey.co.uk/id/7000000000005942,http://data.ordnancesurvey.co.uk/ontology/admingeo/County,East Midlands,http://data.ordnancesurvey.co.uk/id/7000000000041423,England,http://data.ordnancesurvey.co.uk/id/country/england,,,
DN215RN,http://data.ordnancesurvey.co.uk/id/postcodeunit/DN215RN,DN21 5RN,,,,other,Postcode,486936,391038,3500,18000,,,,,,,Corringham,http://data.ordnancesurvey.co.uk/id/4000000074575143,http://www.ordnancesurvey.co.uk/xml/codelists/localtype.xml#village,West Lindsey,http://data.ordnancesurvey.co.uk/id/7000000000043527,http://data.ordnancesurvey.co.uk/ontology/admingeo/District,Lincolnshire,http://data.ordnancesurvey.co.uk/id/7000000000005942,http://data.ordnancesurvey.co.uk/ontology/admingeo/County,East Midlands,http://data.ordnancesurvey.co.uk/id/7000000000041423,England,http://data.ordnancesurvey.co.uk/id/country/england,,,
DN215UG,http://data.ordnancesurvey.co.uk/id/postcodeunit/DN215UG,DN21 5UG,,,,other,Postcode,493106,390872,3500,18000,,,,,,,Hemswell,http://data.ordnancesurvey.co.uk/id/4000000074574603,http://www.ordnancesurvey.co.uk/xml/codelists/localtype.xml#village,West Lindsey,http://data.ordnancesurvey.co.uk/id/7000000000043527,http://data.ordnancesurvey.co.uk/ontology/admingeo/District,Lincolnshire,http://data.ordnancesurvey.co.uk/id/7000000000005942,http://data.ordnancesurvey.co.uk/ontology/admingeo/County,East Midlands,http://data.ordnancesurvey.co.uk/id/7000000000041423,England,http://data.ordnancesurvey.co.uk/id/country/england,,,
DN214DP,http://data.ordnancesurvey.co.uk/id/postcodeunit/DN214DP,DN21 4DP,,,,other,Postcode,493563,398512,3500,18000,,,,,,,Kirton in Lindsey,http://data.ordnancesurvey.co.uk/id/4000000074574884,http://www.ordnancesurvey.co.uk/xml/codelists/localtype.xml#town,,,,North Lincolnshire,http://data.ordnancesurvey.co.uk/id/7000000000025623,http://data.ordnancesurvey.co.uk/ontology/admingeo/UnitaryAuthority,Yorkshire and the Humber,http://data.ordnancesurvey.co.uk/id/7000000000041430,England,http://data.ordnancesurvey.co.uk/id/country/england,,,
DN215PZ,http://data.ordnancesurvey.co.uk/id/postcodeunit/DN215PZ,DN21 5PZ,,,,other,Postcode,487697,389694,3500,18000,,,,,,,Springthorpe,http://data.ordnancesurvey.co.uk/id/4000000074575141,http://www.ordnancesurvey.co.uk/xml/codelists/localtype.xml#village,West Lindsey,http://data.ordnancesurvey.co.uk/id/7000000000043527,http://data.ordnancesurvey.co.uk/ontology/admingeo/District,Lincolnshire,http://data.ordnancesurvey.co.uk/id/7000000000005942,http://data.ordnancesurvey.co.uk/ontology/admingeo/County,East Midlands,http://data.ordnancesurvey.co.uk/id/7000000000041423,England,http://data.ordnancesurvey.co.uk/id/country/england,,,
DN215AL,http://data.ordnancesurvey.co.uk/id/postcodeunit/DN215AL,DN21 5AL,,,,other,Postcode,484070,381610,3500,18000,,,,,,,Marton,http://data.ordnancesurvey.co.uk/id/4000000074577537,http://www.ordnancesurvey.co.uk/xml/codelists/localtype.xml#village,West Lindsey,http://data.ordnancesurvey.co.uk/id/7000000000043527,http://data.ordnancesurvey.co.uk/ontology/admingeo/District,Lincolnshire,http://data.ordnancesurvey.co.uk/id/7000000000005942,http://data.ordnancesurvey.co.uk/ontology/admingeo/County,East Midlands,http://data.ordnancesurvey.co.uk/id/7000000000041423,England,http://data.ordnancesurvey.co.uk/id/country/england,,,
DN213NP,http://data.ordnancesurvey.co.uk/id/postcodeunit/DN213NP,DN21 3NP,,,,other,Postcode,484378,393505,3500,18000,,,,,,,,,,West Lindsey,http://data.ordnancesurvey.co.uk/id/7000000000043527,http://data.ordnancesurvey.co.uk/ontology/admingeo/District,Lincolnshire,http://data.ordnancesurvey.co.uk/id/7000000000005942,http://data.ordnancesurvey.co.uk/ontology/admingeo/County,East Midlands,http://data.ordnancesurvey.co.uk/id/7000000000041423,England,http://data.ordnancesurvey.co.uk/id/country/england,,,
DN213PB,http://data.ordnancesurvey.co.uk/id/postcodeunit/DN213PB,DN21 3PB,,,,other,Postcode,488020,394972,3500,18000,,,,,,,,,,West Lindsey,http://data.ordnancesurvey.co.uk/id/7000000000043527,http://data.ordnancesurvey.co.uk/ontology/admingeo/District,Lincolnshire,http://data.ordnancesurvey.co.uk/id/7000000000005942,http://data.ordnancesurvey.co.uk/ontology/admingeo/County,East Midlands,http://data.ordnancesurvey.co.uk/id/7000000000041423,England,http://data.ordnancesurvey.co.uk/id/country/england,,,
DN213AE,http://data.ordnancesurvey.co.uk/id/postcodeunit/DN213AE,DN21 3AE,,,,other,Postcode,480786,391514,3500,18000,,,,,,,Gainsborough,http://data.ordnancesurvey.co.uk/id/4000000074575425,http://www.ordnancesurvey.co.uk/xml/codelists/localtype.xml#town,West Lindsey,http://data.ordnancesurvey.co.uk/id/7000000000043527,http://data.ordnancesurvey.co.uk/ontology/admingeo/District,Lincolnshire,http://data.ordnancesurvey.co.uk/id/7000000000005942,http://data.ordnancesurvey.co.uk/ontology/admingeo/County,East Midlands,http://data.ordnancesurvey.co.uk/id/7000000000041423,England,http://data.ordnancesurvey.co.uk/id/country/england,,,
DN211DT,http://data.ordnancesurvey.co.uk/id/postcodeunit/DN211DT,DN21 1DT,,,,other,Postcode,481888,388904,3500,18000,,,,,,,Gainsborough,http://data.ordnancesurvey.co.uk/id/4000000074575425,http://www.ordnancesurvey.co.uk/xml/codelists/localtype.xml#town,West Lindsey,http://data.ordnancesurvey.co.uk/id/7000000000043527,http://data.ordnancesurvey.co.uk/ontology/admingeo/District,Lincolnshire,http://data.ordnancesurvey.co.uk/id/7000000000005942,http://data.ordnancesurvey.co.uk/ontology/admingeo/County,East Midlands,http://data.ordnancesurvey.co.uk/id/7000000000041423,England,http://data.ordnancesurvey.co.uk/id/country/england,,,
DN213PR,http://data.ordnancesurvey.co.uk/id/postcodeunit/DN213PR,DN21 3PR,,,,other,Postcode,484854,397275,3500,18000,,,,,,,Laughton,http://data.ordnancesurvey.co.uk/id/4000000074575722,http://www.ordnancesurvey.co.uk/xml/codelists/localtype.xml#village,West Lindsey,http://data.ordnancesurvey.co.uk/id/7000000000043527,http://data.ordnancesurvey.co.uk/ontology/admingeo/District,Lincolnshire,http://data.ordnancesurvey.co.uk/id/7000000000005942,http://data.ordnancesurvey.co.uk/ontology/admingeo/County,East Midlands,http://data.ordnancesurvey.co.uk/id/7000000000041423,England,http://data.ordnancesurvey.co.uk/id/country/england,,,
DN215EJ,http://data.ordnancesurvey.co.uk/id/postcodeunit/DN215EJ,DN21 5EJ,,,,other,Postcode,483176,386653,3500,18000,,,,,,,Lea,http://data.ordnancesurvey.co.uk/id/4000000074578253,http://www.ordnancesurvey.co.uk/xml/codelists/localtype.xml#village,West Lindsey,http://data.ordnancesurvey.co.uk/id/7000000000043527,http://data.ordnancesurvey.co.uk/ontology/admingeo/District,Lincolnshire,http://data.ordnancesurvey.co.uk/id/7000000000005942,http://data.ordnancesurvey.co.uk/ontology/admingeo/County,East Midlands,http://data.ordnancesurvey.co.uk/id/7000000000041423,England,http://data.ordnancesurvey.co.uk/id/country/england,,,
DN211NE,http://data.ordnancesurvey.co.uk/id/postcodeunit/DN211NE,DN21 1NE,,,,other,Postcode,481381,389142,3500,18000,,,,,,,,,,Bassetlaw,http://data.ordnancesurvey.co.uk/id/7000000000008122,http://data.ordnancesurvey.co.uk/ontology/admingeo/District,Nottinghamshire,http://data.ordnancesurvey.co.uk/id/7000000000008127,http://data.ordnancesurvey.co.uk/ontology/admingeo/County,East Midlands,http://data.ordnancesurvey.co.uk/id/7000000000041423,England,http://data.ordnancesurvey.co.uk/id/country/england,,,
DN214NS,http://data.ordnancesurvey.co.uk/id/postcodeunit/DN214NS,DN21 4NS,,,,other,Postcode,493741,398524,3500,18000,,,,,,,Kirton in Lindsey,http://data.ordnancesurvey.co.uk/id/4000000074574884,http://www.ordnancesurvey.co.uk/xml/codelists/localtype.xml#town,,,,North Lincolnshire,http://data.ordnancesurvey.co.uk/id/7000000000025623,http://data.ordnancesurvey.co.uk/ontology/admingeo/UnitaryAuthority,Yorkshire and the Humber,http://data.ordnancesurvey.co.uk/id/7000000000041430,England,http://data.ordnancesurvey.co.uk/id/country/england,,,
DN211BY,http://data.ordnancesurvey.co.uk/id/postcodeunit/DN211BY,DN21 1BY,,,,other,Postcode,481766,389071,3500,18000,,,,,,,Gainsborough,http://data.ordnancesurvey.co.uk/id/4000000074575425,http://www.ordnancesurvey.co.uk/xml/codelists/localtype.xml#town,West Lindsey,http://data.ordnancesurvey.co.uk/id/7000000000043527,http://data.ordnancesurvey.co.uk/ontology/admingeo/District,Lincolnshire,http://data.ordnancesurvey.co.uk/id/7000000000005942,http://data.ordnancesurvey.co.uk/ontology/admingeo/County,East Midlands,http://data.ordnancesurvey.co.uk/id/7000000000041423,England,http://data.ordnancesurvey.co.uk/id/country/england,,,
osgb4000000015658557,http://data.ordnancesurvey.co.uk/id/4000000015658557,Grove Street,,,,transportNetwork,Named Road,493263,398693,2000,20000,493226,398561,493323,398822,DN21,http://data.ordnancesurvey.co.uk/id/postcodedistrict/DN21,Kirton in Lindsey,http://data.ordnancesurvey.co.uk/id/4000000074574884,http://www.ordnancesurvey.co.uk/xml/codelists/localtype.xml#town,,,,North Lincolnshire,http://data.ordnancesurvey.co.uk/id/7000000000025623,http://data.ordnancesurvey.co.uk/ontology/admingeo/UnitaryAuthority,Yorkshire and the Humber,http://data.ordnancesurvey.co.uk/id/7000000000041430,England,http://data.ordnancesurvey.co.uk/id/country/england,,,
d86b343a-159b-4fec-8d8c-9b2af6c12725,http://data.ordnancesurvey.co.uk/id/d86b343a-159b-4fec-8d8c-9b2af6c12725,Kirton Road,,,,transportNetwork,Section Of Named Road,498027,396189,3000,25000,497804,396183,498295,396351,DN21,http://data.ordnancesurvey.co.uk/id/postcodedistrict/DN21,Waddingham,http://data.ordnancesurvey.co.uk/id/4000000074574880,http://www.ordnancesurvey.co.uk/xml/codelists/localtype.xml#village,West Lindsey,http://data.ordnancesurvey.co.uk/id/7000000000043527,http://data.ordnancesurvey.co.uk/ontology/admingeo/District,Lincolnshire,http://data.ordnancesurvey.co.uk/id/7000000000005942,http://data.ordnancesurvey.co.uk/ontology/admingeo/County,East Midlands,http://data.ordnancesurvey.co.uk/id/7000000000041423,England,http://data.ordnancesurvey.co.uk/id/country/england,osgb4000000015627700,,
osgb4000000015837447,http://data.ordnancesurvey.co.uk/id/4000000015837447,Handel Court,,,,transportNetwork,Named Road,481668,390338,1000,20000,481660,390326,481668,390338,DN21,http://data.ordnancesurvey.co.uk/id/postcodedistrict/DN21,Gainsborough,http://data.ordnancesurvey.co.uk/id/4000000074575425,http://www.ordnancesurvey.co.uk/xml/codelists/localtype.xml#town,West Lindsey,http://data.ordnancesurvey.co.uk/id/7000000000043527,http://data.ordnancesurvey.co.uk/ontology/admingeo/District,Lincolnshire,http://data.ordnancesurvey.co.uk/id/7000000000005942,http://data.ordnancesurvey.co.uk/ontology/admingeo/County,East Midlands,http://data.ordnancesurvey.co.uk/id/7000000000041423,England,http://data.ordnancesurvey.co.uk/id/country/england,,,
osgb4000000015905794,http://data.ordnancesurvey.co.uk/id/4000000015905794,Barnard Meadows,,,,transportNetwork,Named Road,493904,398934,1000,20000,493865,398889,493946,398935,DN21,http://data.ordnancesurvey.co.uk/id/postcodedistrict/DN21,Kirton in Lindsey,http://data.ordnancesurvey.co.uk/id/4000000074574884,http://www.ordnancesurvey.co.uk/xml/codelists/localtype.xml#town,,,,North Lincolnshire,http://data.ordnancesurvey.co.uk/id/7000000000025623,http://data.ordnancesurvey.co.uk/ontology/admingeo/UnitaryAuthority,Yorkshire and the Humber,http://data.ordnancesurvey.co.uk/id/7000000000041430,England,http://data.ordnancesurvey.co.uk/id/country/england,,,
osgb4000000015684944,http://data.ordnancesurvey.co.uk/id/4000000015684944,B1241,,,,transportNetwork,Numbered Road,488332,381666,75000,250000,482846,375113,489884,386654,LN1,http://data.ordnancesurvey.co.uk/id/postcodedistrict/LN1,,,,West Lindsey,http://data.ordnancesurvey.co.uk/id/7000000000043527,http://data.ordnancesurvey.co.uk/ontology/admingeo/District,Lincolnshire,http://data.ordnancesurvey.co.uk/id/7000000000005942,http://data.ordnancesurvey.co.uk/ontology/admingeo/County,East Midlands,http://data.ordnancesurvey.co.uk/id/7000000000041423,England,http://data.ordnancesurvey.co.uk/id/country/england,,,
osgb4000000015836020,http://data.ordnancesurvey.co.uk/id/4000000015836020,Sycamore Court,,,,transportNetwork,Named Road,494711,383425,1000,20000,494706,383386,494750,383450,LN1,http://data.ordnancesurvey.co.uk/id/postcodedistrict/LN1,Ingham,http://data.ordnancesurvey.co.uk/id/4000000074574875,http://www.ordnancesurvey.co.uk/xml/codelists/localtype.xml#village,West Lindsey,http://data.ordnancesurvey.co.uk/id/7000000000043527,http://data.ordnancesurvey.co.uk/ontology/admingeo/District,Lincolnshire,http://data.ordnancesurvey.co.uk/id/7000000000005942,http://data.ordnancesurvey.co.uk/ontology/admingeo/County,East Midlands,http://data.ordnancesurvey.co.uk/id/7000000000041423,England,http://data.ordnancesurvey.co.uk/id/country/england,,,
DN212FE,http://data.ordnancesurvey.co.uk/id/postcodeunit/DN212FE,DN21 2FE,,,,other,Postcode,481175,390927,3500,18000,,,,,,,Gainsborough,http://data.ordnancesurvey.co.uk/id/4000000074575425,http://www.ordnancesurvey.co.uk/xml/codelists/localtype.xml#town,West Lindsey,http://data.ordnancesurvey.co.uk/id/7000000000043527,http://data.ordnancesurvey.co.uk/ontology/admingeo/District,Lincolnshire,http://data.ordnancesurvey.co.uk/id/7000000000005942,http://data.ordnancesurvey.co.uk/ontology/admingeo/County,East Midlands,http://data.ordnancesurvey.co.uk/id/7000000000041423,England,http://data.ordnancesurvey.co.uk/id/country/england,,,
osgb4000000015629895,http://data.ordnancesurvey.co.uk/id/4000000015629895,Clay Lane,,,,transportNetwork,Named Road,499402,396980,8000,20000,498752,396379,500010,397466,DN21,http://data.ordnancesurvey.co.uk/id/postcodedistrict/DN21,,,,West Lindsey,http://data.ordnancesurvey.co.uk/id/7000000000043527,http://data.ordnancesurvey.co.uk/ontology/admingeo/District,Lincolnshire,http://data.ordnancesurvey.co.uk/id/7000000000005942,http://data.ordnancesurvey.co.uk/ontology/admingeo/County,East Midlands,http://data.ordnancesurvey.co.uk/id/7000000000041423,England,http://data.ordnancesurvey.co.uk/id/country/england,,,
osgb4000000015673643,http://data.ordnancesurvey.co.uk/id/4000000015673643,North Street,,,,transportNetwork,Named Road,480922,391716,1000,20000,480851,391670,480998,391735,DN21,http://data.ordnancesurvey.co.uk/id/postcodedistrict/DN21,Gainsborough,http://data.ordnancesurvey.co.uk/id/4000000074575425,http://www.ordnancesurvey.co.uk/xml/codelists/localtype.xml#town,West Lindsey,http://data.ordnancesurvey.co.uk/id/7000000000043527,http://data.ordnancesurvey.co.uk/ontology/admingeo/District,Lincolnshire,http://data.ordnancesurvey.co.uk/id/7000000000005942,http://data.ordnancesurvey.co.uk/ontology/admingeo/County,East Midlands,http://data.ordnancesurvey.co.uk/id/7000000000041423,England,http://data.ordnancesurvey.co.uk/id/country/england,,,
osgb4000000015629878,http://data.ordnancesurvey.co.uk/id/4000000015629878,Stow Road,,,,transportNetwork,Named Road,487743,383828,9000,20000,487436,383201,488097,384542,DN21,http://data.ordnancesurvey.co.uk/id/postcodedistrict/DN21,Willingham by Stow,http://data.ordnancesurvey.co.uk/id/4000000074575139,http://www.ordnancesurvey.co.uk/xml/codelists/localtype.xml#village,West Lindsey,http://data.ordnancesurvey.co.uk/id/7000000000043527,http://data.ordnancesurvey.co.uk/ontology/admingeo/District,Lincolnshire,http://data.ordnancesurvey.co.uk/id/7000000000005942,http://data.ordnancesurvey.co.uk/ontology/admingeo/County,East Midlands,http://data.ordnancesurvey.co.uk/id/7000000000041423,England,http://data.ordnancesurvey.co.uk/id/country/england,,,
osgb5000005231826695,http://data.ordnancesurvey.co.uk/id/5000005231826695,Bratt Field Middle Road,,,,transportNetwork,Named Road,488585,389461,8000,20000,487860,389302,489088,389566,DN21,http://data.ordnancesurvey.co.uk/id/postcodedistrict/DN21,,,,West Lindsey,http://data.ordnancesurvey.co.uk/id/7000000000043527,http://data.ordnancesurvey.co.uk/ontology/admingeo/District,Lincolnshire,http://data.ordnancesurvey.co.uk/id/7000000000005942,http://data.ordnancesurvey.co.uk/ontology/admingeo/County,East Midlands,http://data.ordnancesurvey.co.uk/id/7000000000041423,England,http://data.ordnancesurvey.co.uk/id/country/england,,,
81703873-1b82-463e-89e2-322e3d64e8d4,http://data.ordnancesurvey.co.uk/id/81703873-1b82-463e-89e2-322e3d64e8d4,Normanby Cliff Road,,,,transportNetwork,Section Of Named Road,499775,388203,1000,25000,499758,388201,499782,388208,LN8,http://data.ordnancesurvey.co.uk/id/postcodedistrict/LN8,Normanby-by-Spital,http://data.ordnancesurvey.co.uk/id/4000000074550240,http://www.ordnancesurvey.co.uk/xml/codelists/localtype.xml#village,West Lindsey,http://data.ordnancesurvey.co.uk/id/7000000000043527,http://data.ordnancesurvey.co.uk/ontology/admingeo/District,Lincolnshire,http://data.ordnancesurvey.co.uk/id/7000000000005942,http://data.ordnancesurvey.co.uk/ontology/admingeo/County,East Midlands,http://data.ordnancesurvey.co.uk/id/7000000000041423,England,http://data.ordnancesurvey.co.uk/id/country/england,osgb4000000015627698,,
osgb4000000015642400,http://data.ordnancesurvey.co.uk/id/4000000015642400,Summergangs Lane,,,,transportNetwork,Named Road,481816,388372,2000,20000,481630,388307,481980,388440,DN21,http://data.ordnancesurvey.co.uk/id/postcodedistrict/DN21,Gainsborough,http://data.ordnancesurvey.co.uk/id/4000000074575425,http://www.ordnancesurvey.co.uk/xml/codelists/localtype.xml#town,West Lindsey,http://data.ordnancesurvey.co.uk/id/7000000000043527,http://data.ordnancesurvey.co.uk/ontology/admingeo/District,Lincolnshire,http://data.ordnancesurvey.co.uk/id/7000000000005942,http://data.ordnancesurvey.co.uk/ontology/admingeo/County,East Midlands,http://data.ordnancesurvey.co.uk/id/7000000000041423,England,http://data.ordnancesurvey.co.uk/id/country/england,,,
osgb4000000015642878,http://data.ordnancesurvey.co.uk/id/4000000015642878,Stow Road,,,,transportNetwork,Named Road,488771,381228,3000,20000,488493,380911,488920,381384,LN1,http://data.ordnancesurvey.co.uk/id/postcodedistrict/LN1,Sturton by Stow,http://data.ordnancesurvey.co.uk/id/4000000074574600,http://www.ordnancesurvey.co.uk/xml/codelists/localtype.xml#village,West Lindsey,http://data.ordnancesurvey.co.uk/id/7000000000043527,http://data.ordnancesurvey.co.uk/ontology/admingeo/District,Lincolnshire,http://data.ordnancesurvey.co.uk/id/7000000000005942,http://data.ordnancesurvey.co.uk/ontology/admingeo/County,East Midlands,http://data.ordnancesurvey.co.uk/id/7000000000041423,England,http://data.ordnancesurvey.co.uk/id/country/england,,,
osgb4000000015673557,http://data.ordnancesurvey.co.uk/id/4000000015673557,Bacon Street,,,,transportNetwork,Named Road,481823,388747,1000,20000,481781,388739,481850,388753,DN21,http://data.ordnancesurvey.co.uk/id/postcodedistrict/DN21,Gainsborough,http://data.ordnancesurvey.co.uk/id/4000000074575425,http://www.ordnancesurvey.co.uk/xml/codelists/localtype.xml#town,West Lindsey,http://data.ordnancesurvey.co.uk/id/7000000000043527,http://data.ordnancesurvey.co.uk/ontology/admingeo/District,Lincolnshire,http://data.ordnancesurvey.co.uk/id/7000000000005942,http://data.ordnancesurvey.co.uk/ontology/admingeo/County,East Midlands,http://data.ordnancesurvey.co.uk/id/7000000000041423,England,http://data.ordnancesurvey.co.uk/id/country/england,,,
osgb5000005337441471,http://data.ordnancesurvey.co.uk/id/5000005337441471,Bourne Way,,,,transportNetwork,Named Road,480793,390412,1000,20000,480732,390350,480867,390474,DN21,http://data.ordnancesurvey.co.uk/id/postcodedistrict/DN21,Gainsborough,http://data.ordnancesurvey.co.uk/id/4000000074575425,http://www.ordnancesurvey.co.uk/xml/codelists/localtype.xml#town,West Lindsey,http://data.ordnancesurvey.co.uk/id/7000000000043527,http://data.ordnancesurvey.co.uk/ontology/admingeo/District,Lincolnshire,http://data.ordnancesurvey.co.uk/id/7000000000005942,http://data.ordnancesurvey.co.uk/ontology/admingeo/County,East Midlands,http://data.ordnancesurvey.co.uk/id/7000000000041423,England,http://data.ordnancesurvey.co.uk/id/country/england,,,
osgb5000005252557822,http://data.ordnancesurvey.co.uk/id/5000005252557822,King Street East,,,,transportNetwork,Named Road,481663,389173,1000,20000,481608,389164,481690,389185,DN21,http://data.ordnancesurvey.co.uk/id/postcodedistrict/DN21,Gainsborough,http://data.ordnancesurvey.co.uk/id/4000000074575425,http://www.ordnancesurvey.co.uk/xml/codelists/localtype.xml#town,West Lindsey,http://data.ordnancesurvey.co.uk/id/7000000000043527,http://data.ordnancesurvey.co.uk/ontology/admingeo/District,Lincolnshire,http://data.ordnancesurvey.co.uk/id/7000000000005942,http://data.ordnancesurvey.co.uk/ontology/admingeo/County,East Midlands,http://data.ordnancesurvey.co.uk/id/7000000000041423,England,http://data.ordnancesurvey.co.uk/id/country/england,,,
osgb4000000015658521,http://data.ordnancesurvey.co.uk/id/4000000015658521,Stoney Lane,,,,transportNetwork,Named Road,494661,388150,1000,20000,494611,388114,494738,388192,DN21,http://data.ordnancesurvey.co.uk/id/postcodedistrict/DN21,Glentworth,http://data.ordnancesurvey.co.uk/id/4000000074574337,http://www.ordnancesurvey.co.uk/xml/codelists/localtype.xml#village,West Lindsey,http://data.ordnancesurvey.co.uk/id/7000000000043527,http://data.ordnancesurvey.co.uk/ontology/admingeo/District,Lincolnshire,http://data.ordnancesurvey.co.uk/id/7000000000005942,http://data.ordnancesurvey.co.uk/ontology/admingeo/County,East Midlands,http://data.ordnancesurvey.co.uk/id/7000000000041423,England,http://data.ordnancesurvey.co.uk/id/country/england,,,
90bbb903-13f0-42a7-b4b2-6c076d780ec0,http://data.ordnancesurvey.co.uk/id/90bbb903-13f0-42a7-b4b2-6c076d780ec0,Marton Road,,,,transportNetwork,Section Of Named Road,488861,380414,2000,25000,488685,380351,489032,380471,LN1,http://data.ordnancesurvey.co.uk/id/postcodedistrict/LN1,Sturton by Stow,http://data.ordnancesurvey.co.uk/id/4000000074574600,http://www.ordnancesurvey.co.uk/xml/codelists/localtype.xml#village,West Lindsey,http://data.ordnancesurvey.co.uk/id/7000000000043527,http://data.ordnancesurvey.co.uk/ontology/admingeo/District,Lincolnshire,http://data.ordnancesurvey.co.uk/id/7000000000005942,http://data.ordnancesurvey.co.uk/ontology/admingeo/County,East Midlands,http://data.ordnancesurvey.co.uk/id/7000000000041423,England,http://data.ordnancesurvey.co.uk/id/country/england,osgb4000000015627685,,
osgb4000000015657712,http://data.ordnancesurvey.co.uk/id/4000000015657712,Southlands Gardens,,,,transportNetwork,Named Road,480789,391926,1000,20000,480745,391831,480823,392009,DN21,http://data.ordnancesurvey.co.uk/id/postcodedistrict/DN21,Gainsborough,http://data.ordnancesurvey.co.uk/id/4000000074575425,http://www.ordnancesurvey.co.uk/xml/codelists/localtype.xml#town,West Lindsey,http://data.ordnancesurvey.co.uk/id/7000000000043527,http://data.ordnancesurvey.co.uk/ontology/admingeo/District,Lincolnshire,http://data.ordnancesurvey.co.uk/id/7000000000005942,http://data.ordnancesurvey.co.uk/ontology/admingeo/County,East Midlands,http://data.ordnancesurvey.co.uk/id/7000000000041423,England,http://data.ordnancesurvey.co.uk/id/country/england,,,
osgb4000000015709557,http://data.ordnancesurvey.co.uk/id/4000000015709557,Willoughby Chase,,,,transportNetwork,Named Road,482058,388428,2000,20000,481959,388288,482162,388558,DN21,http://data.ordnancesurvey.co.uk/id/postcodedistrict/DN21,Gainsborough,http://data.ordnancesurvey.co.uk/id/4000000074575425,http://www.ordnancesurvey.co.uk/xml/codelists/localtype.xml#town,West Lindsey,http://data.ordnancesurvey.co.uk/id/7000000000043527,http://data.ordnancesurvey.co.uk/ontology/admingeo/District,Lincolnshire,http://data.ordnancesurvey.co.uk/id/7000000000005942,http://data.ordnancesurvey.co.uk/ontology/admingeo/County,East Midlands,http://data.ordnancesurvey.co.uk/id/7000000000041423,England,http://data.ordnancesurvey.co.uk/id/country/england,,,
osgb5000005250891870,http://data.ordnancesurvey.co.uk/id/5000005250891870,Millers Court,,,,transportNetwork,Named Road,498180,396049,1000,20000,498176,396041,498187,396057,DN21,http://data.ordnancesurvey.co.uk/id/postcodedistrict/DN21,Waddingham,http://data.ordnancesurvey.co.uk/id/4000000074574880,http://www.ordnancesurvey.co.uk/xml/codelists/localtype.xml#village,West Lindsey,http://data.ordnancesurvey.co.uk/id/7000000000043527,http://data.ordnancesurvey.co.uk/ontology/admingeo/District,Lincolnshire,http://data.ordnancesurvey.co.uk/id/7000000000005942,http://data.ordnancesurvey.co.uk/ontology/admingeo/County,East Midlands,http://data.ordnancesurvey.co.uk/id/7000000000041423,England,http://data.ordnancesurvey.co.uk/id/country/england,,,
osgb4000000015657638,http://data.ordnancesurvey.co.uk/id/4000000015657638,Church Street,,,,transportNetwork,Named Road,481476,390148,3000,20000,481417,389921,481509,390367,DN21,http://data.ordnancesurvey.co.uk/id/postcodedistrict/DN21,Gainsborough,http://data.ordnancesurvey.co.uk/id/4000000074575425,http://www.ordnancesurvey.co.uk/xml/codelists/localtype.xml#town,West Lindsey,http://data.ordnancesurvey.co.uk/id/7000000000043527,http://data.ordnancesurvey.co.uk/ontology/admingeo/District,Lincolnshire,http://data.ordnancesurvey.co.uk/id/7000000000005942,http://data.ordnancesurvey.co.uk/ontology/admingeo/County,East Midlands,http://data.ordnancesurvey.co.uk/id/7000000000041423,England,http://data.ordnancesurvey.co.uk/id/country/england,,,
osgb4000000015673601,http://data.ordnancesurvey.co.uk/id/4000000015673601,Trehampton Drive,,,,transportNetwork,Named Road,483243,386648,1000,20000,483195,386601,483254,386714,DN21,http://data.ordnancesurvey.co.uk/id/postcodedistrict/DN21,Lea,http://data.ordnancesurvey.co.uk/id/4000000074578253,http://www.ordnancesurvey.co.uk/xml/codelists/localtype.xml#village,West Lindsey,http://data.ordnancesurvey.co.uk/id/7000000000043527,http://data.ordnancesurvey.co.uk/ontology/admingeo/District,Lincolnshire,http://data.ordnancesurvey.co.uk/id/7000000000005942,http://data.ordnancesurvey.co.uk/ontology/admingeo/County,East Midlands,http://data.ordnancesurvey.co.uk/id/7000000000041423,England,http://data.ordnancesurvey.co.uk/id/country/england,,,
osgb4000000015658524,http://data.ordnancesurvey.co.uk/id/4000000015658524,Bettesworth Road,,,,transportNetwork,Named Road,494937,389833,1000,20000,494863,389799,495018,389863,DN21,http://data.ordnancesurvey.co.uk/id/postcodedistrict/DN21,Hemswell Cliff,http://data.ordnancesurvey.co.uk/id/4000000074574338,http://www.ordnancesurvey.co.uk/xml/codelists/localtype.xml#village,West Lindsey,http://data.ordnancesurvey.co.uk/id/7000000000043527,http://data.ordnancesurvey.co.uk/ontology/admingeo/District,Lincolnshire,http://data.ordnancesurvey.co.uk/id/7000000000005942,http://data.ordnancesurvey.co.uk/ontology/admingeo/County,East Midlands,http://data.ordnancesurvey.co.uk/id/7000000000041423,England,http://data.ordnancesurvey.co.uk/id/country/england,,,
osgb4000000015673556,http://data.ordnancesurvey.co.uk/id/4000000015673556,Burton Street,,,,transportNetwork,Named Road,481850,389052,1000,20000,481844,388996,481863,389065,DN21,http://data.ordnancesurvey.co.uk/id/postcodedistrict/DN21,Gainsborough,http://data.ordnancesurvey.co.uk/id/4000000074575425,http://www.ordnancesurvey.co.uk/xml/codelists/localtype.xml#town,West Lindsey,http://data.ordnancesurvey.co.uk/id/7000000000043527,http://data.ordnancesurvey.co.uk/ontology/admingeo/District,Lincolnshire,http://data.ordnancesurvey.co.uk/id/7000000000005942,http://data.ordnancesurvey.co.uk/ontology/admingeo/County,East Midlands,http://data.ordnancesurvey.co.uk/id/7000000000041423,England,http://data.ordnancesurvey.co.uk/id/country/england,,,
osgb4000000015657699,http://data.ordnancesurvey.co.uk/id/4000000015657699,Highfield Close,,,,transportNetwork,Named Road,482429,390239,1000,20000,482420,390167,482436,390302,DN21,http://data.ordnancesurvey.co.uk/id/postcodedistrict/DN21,Gainsborough,http://data.ordnancesurvey.co.uk/id/4000000074575425,http://www.ordnancesurvey.co.uk/xml/codelists/localtype.xml#town,West Lindsey,http://data.ordnancesurvey.co.uk/id/7000000000043527,http://data.ordnancesurvey.co.uk/ontology/admingeo/District,Lincolnshire,http://data.ordnancesurvey.co.uk/id/7000000000005942,http://data.ordnancesurvey.co.uk/ontology/admingeo/County,East Midlands,http://data.ordnancesurvey.co.uk/id/7000000000041423,England,http://data.ordnancesurvey.co.uk/id/country/england,,,
osgb4000000015855816,http://data.ordnancesurvey.co.uk/id/4000000015855816,Nicholas Way,,,,transportNetwork,Named Road,487243,391645,1000,20000,487219,391586,487280,391675,DN21,http://data.ordnancesurvey.co.uk/id/postcodedistrict/DN21,Corringham,http://data.ordnancesurvey.co.uk/id/4000000074575143,http://www.ordnancesurvey.co.uk/xml/codelists/localtype.xml#village,West Lindsey,http://data.ordnancesurvey.co.uk/id/7000000000043527,http://data.ordnancesurvey.co.uk/ontology/admingeo/District,Lincolnshire,http://data.ordnancesurvey.co.uk/id/7000000000005942,http://data.ordnancesurvey.co.uk/ontology/admingeo/County,East Midlands,http://data.ordnancesurvey.co.uk/id/7000000000041423,England,http://data.ordnancesurvey.co.uk/id/country/england,,,
osgb4000000015682080,http://data.ordnancesurvey.co.uk/id/4000000015682080,Pendeen Close,,,,transportNetwork,Named Road,482258,390737,1000,20000,482247,390713,482262,390771,DN21,http://data.ordnancesurvey.co.uk/id/postcodedistrict/DN21,Gainsborough,http://data.ordnancesurvey.co.uk/id/4000000074575425,http://www.ordnancesurvey.co.uk/xml/codelists/localtype.xml#town,West Lindsey,http://data.ordnancesurvey.co.uk/id/7000000000043527,http://data.ordnancesurvey.co.uk/ontology/admingeo/District,Lincolnshire,http://data.ordnancesurvey.co.uk/id/7000000000005942,http://data.ordnancesurvey.co.uk/ontology/admingeo/County,East Midlands,http://data.ordnancesurvey.co.uk/id/7000000000041423,England,http://data.ordnancesurvey.co.uk/id/country/england,,,
osgb4000000015629751,http://data.ordnancesurvey.co.uk/id/4000000015629751,Wharton Road,,,,transportNetwork,Named Road,483436,394074,12000,20000,482476,393588,484378,394283,DN21,http://data.ordnancesurvey.co.uk/id/postcodedistrict/DN21,,,,West Lindsey,http://data.ordnancesurvey.co.uk/id/7000000000043527,http://data.ordnancesurvey.co.uk/ontology/admingeo/District,Lincolnshire,http://data.ordnancesurvey.co.uk/id/7000000000005942,http://data.ordnancesurvey.co.uk/ontology/admingeo/County,East Midlands,http://data.ordnancesurvey.co.uk/id/7000000000041423,England,http://data.ordnancesurvey.co.uk/id/country/england,,,
osgb4000000015709563,http://data.ordnancesurvey.co.uk/id/4000000015709563,Heynings Close,,,,transportNetwork,Named Road,484188,385640,1000,20000,484102,385606,484207,385682,DN21,http://data.ordnancesurvey.co.uk/id/postcodedistrict/DN21,Knaith Park,http://data.ordnancesurvey.co.uk/id/4000000074813593,http://www.ordnancesurvey.co.uk/xml/codelists/localtype.xml#village,West Lindsey,http://data.ordnancesurvey.co.uk/id/7000000000043527,http://data.ordnancesurvey.co.uk/ontology/admingeo/District,Lincolnshire,http://data.ordnancesurvey.co.uk/id/7000000000005942,http://data.ordnancesurvey.co.uk/ontology/admingeo/County,East Midlands,http://data.ordnancesurvey.co.uk/id/7000000000041423,England,http://data.ordnancesurvey.co.uk/id/country/england,,,
osgb4000000015673613,http://data.ordnancesurvey.co.uk/id/4000000015673613,The Drive,,,,transportNetwork,Named Road,482502,389400,1000,20000,482452,389382,482557,389441,DN21,http://data.ordnancesurvey.co.uk/id/postcodedistrict/DN21,Gainsborough,http://data.ordnancesurvey.co.uk/id/4000000074575425,http://www.ordnancesurvey.co.uk/xml/codelists/localtype.xml#town,West Lindsey,http://data.ordnancesurvey.co.uk/id/7000000000043527,http://data.ordnancesurvey.co.uk/ontology/admingeo/District,Lincolnshire,http://data.ordnancesurvey.co.uk/id/7000000000005942,http://data.ordnancesurvey.co.uk/ontology/admingeo/County,East Midlands,http://data.ordnancesurvey.co.uk/id/7000000000041423,England,http://data.ordnancesurvey.co.uk/id/country/england,,,
osgb4000000015673628,http://data.ordnancesurvey.co.uk/id/4000000015673628,Cadman Way,,,,transportNetwork,Named Road,483393,390119,1000,20000,483325,390085,483432,390167,DN21,http://data.ordnancesurvey.co.uk/id/postcodedistrict/DN21,Gainsborough,http://data.ordnancesurvey.co.uk/id/4000000074575425,http://www.ordnancesurvey.co.uk/xml/codelists/localtype.xml#town,West Lindsey,http://data.ordnancesurvey.co.uk/id/7000000000043527,http://data.ordnancesurvey.co.uk/ontology/admingeo/District,Lincolnshire,http://data.ordnancesurvey.co.uk/id/7000000000005942,http://data.ordnancesurvey.co.uk/ontology/admingeo/County,East Midlands,http://data.ordnancesurvey.co.uk/id/7000000000041423,England,http://data.ordnancesurvey.co.uk/id/country/england,,,
osgb5000005250080465,http://data.ordnancesurvey.co.uk/id/5000005250080465,North End Lane,,,,transportNetwork,Named Road,481606,385260,7000,20000,481127,384696,481683,385737,DN21,http://data.ordnancesurvey.co.uk/id/postcodedistrict/DN21,,,,Bassetlaw,http://data.ordnancesurvey.co.uk/id/7000000000008122,http://data.ordnancesurvey.co.uk/ontology/admingeo/District,Nottinghamshire,http://data.ordnancesurvey.co.uk/id/7000000000008127,http://data.ordnancesurvey.co.uk/ontology/admingeo/County,East Midlands,http://data.ordnancesurvey.co.uk/id/7000000000041423,England,http://data.ordnancesurvey.co.uk/id/country/england,,,
osgb4000000067707217,http://data.ordnancesurvey.co.uk/id/4000000067707217,Upton Walk,,,,transportNetwork,Named Road,482578,389361,1000,20000,482531,389317,482606,389417,DN21,http://data.ordnancesurvey.co.uk/id/postcodedistrict/DN21,Gainsborough,http://data.ordnancesurvey.co.uk/id/4000000074575425,http://www.ordnancesurvey.co.uk/xml/codelists/localtype.xml#town,West Lindsey,http://data.ordnancesurvey.co.uk/id/7000000000043527,http://data.ordnancesurvey.co.uk/ontology/admingeo/District,Lincolnshire,http://data.ordnancesurvey.co.uk/id/7000000000005942,http://data.ordnancesurvey.co.uk/ontology/admingeo/County,East Midlands,http://data.ordnancesurvey.co.uk/id/7000000000041423,England,http://data.ordnancesurvey.co.uk/id/country/england,,,
osgb4000000026934385,http://data.ordnancesurvey.co.uk/id/4000000026934385,Main Street,,,,transportNetwork,Named Road,499720,382470,5000,20000,499329,382321,500130,382634,LN2,http://data.ordnancesurvey.co.uk/id/postcodedistrict/LN2,Hackthorn,http://data.ordnancesurvey.co.uk/id/4000000074574879,http://www.ordnancesurvey.co.uk/xml/codelists/localtype.xml#village,West Lindsey,http://data.ordnancesurvey.co.uk/id/7000000000043527,http://data.ordnancesurvey.co.uk/ontology/admingeo/District,Lincolnshire,http://data.ordnancesurvey.co.uk/id/7000000000005942,http://data.ordnancesurvey.co.uk/ontology/admingeo/County,East Midlands,http://data.ordnancesurvey.co.uk/id/7000000000041423,England,http://data.ordnancesurvey.co.uk/id/country/england,,,
86789f90-94e6-4dea-8f2b-eea2482ec4a6,http://data.ordnancesurvey.co.uk/id/86789f90-94e6-4dea-8f2b-eea2482ec4a6,Hollowgate Hill,,,,transportNetwork,Section Of Named Road,493248,393046,3000,25000,493002,392958,493497,393154,DN21,http://data.ordnancesurvey.co.uk/id/postcodedistrict/DN21,Willoughton,http://data.ordnancesurvey.co.uk/id/4000000074574604,http://www.ordnancesurvey.co.uk/xml/codelists/localtype.xml#village,West Lindsey,http://data.ordnancesurvey.co.uk/id/7000000000043527,http://data.ordnancesurvey.co.uk/ontology/admingeo/District,Lincolnshire,http://data.ordnancesurvey.co.uk/id/7000000000005942,http://data.ordnancesurvey.co.uk/ontology/admingeo/County,East Midlands,http://data.ordnancesurvey.co.uk/id/7000000000041423,England,http://data.ordnancesurvey.co.uk/id/country/england,osgb4000000015642900,,
osgb4000000015634007,http://data.ordnancesurvey.co.uk/id/4000000015634007,Short Lane,,,,transportNetwork,Named Road,494293,383916,4000,20000,494264,383611,494322,384197,LN1,http://data.ordnancesurvey.co.uk/id/postcodedistrict/LN1,,,,West Lindsey,http://data.ordnancesurvey.co.uk/id/7000000000043527,http://data.ordnancesurvey.co.uk/ontology/admingeo/District,Lincolnshire,http://data.ordnancesurvey.co.uk/id/7000000000005942,http://data.ordnancesurvey.co.uk/ontology/admingeo/County,East Midlands,http://data.ordnancesurvey.co.uk/id/7000000000041423,England,http://data.ordnancesurvey.co.uk/id/country/england,,,
osgb4000000015634013,http://data.ordnancesurvey.co.uk/id/4000000015634013,Southorpe Lane,,,,transportNetwork,Named Road,489654,396052,4000,20000,489616,395747,489741,396393,DN21,http://data.ordnancesurvey.co.uk/id/postcodedistrict/DN21,,,,West Lindsey,http://data.ordnancesurvey.co.uk/id/7000000000043527,http://data.ordnancesurvey.co.uk/ontology/admingeo/District,Lincolnshire,http://data.ordnancesurvey.co.uk/id/7000000000005942,http://data.ordnancesurvey.co.uk/ontology/admingeo/County,East Midlands,http://data.ordnancesurvey.co.uk/id/7000000000041423,England,http://data.ordnancesurvey.co.uk/id/country/england,,,
osgb4000000015682082,http://data.ordnancesurvey.co.uk/id/4000000015682082,Dealtry Close,,,,transportNetwork,Named Road,486838,386429,1000,20000,486838,386429,486876,386446,DN21,http://data.ordnancesurvey.co.uk/id/postcodedistrict/DN21,Upton,http://data.ordnancesurvey.co.uk/id/4000000074578003,http://www.ordnancesurvey.co.uk/xml/codelists/localtype.xml#village,West Lindsey,http://data.ordnancesurvey.co.uk/id/7000000000043527,http://data.ordnancesurvey.co.uk/ontology/admingeo/District,Lincolnshire,http://data.ordnancesurvey.co.uk/id/7000000000005942,http://data.ordnancesurvey.co.uk/ontology/admingeo/County,East Midlands,http://data.ordnancesurvey.co.uk/id/7000000000041423,England,http://data.ordnancesurvey.co.uk/id/country/england,,,
osgb4000000015683485,http://data.ordnancesurvey.co.uk/id/4000000015683485,Cromford Street,,,,transportNetwork,Named Road,481500,390430,1000,20000,481495,390428,481518,390434,DN21,http://data.ordnancesurvey.co.uk/id/postcodedistrict/DN21,Gainsborough,http://data.ordnancesurvey.co.uk/id/4000000074575425,http://www.ordnancesurvey.co.uk/xml/codelists/localtype.xml#town,West Lindsey,http://data.ordnancesurvey.co.uk/id/7000000000043527,http://data.ordnancesurvey.co.uk/ontology/admingeo/District,Lincolnshire,http://data.ordnancesurvey.co.uk/id/7000000000005942,http://data.ordnancesurvey.co.uk/ontology/admingeo/County,East Midlands,http://data.ordnancesurvey.co.uk/id/7000000000041423,England,http://data.ordnancesurvey.co.uk/id/country/england,,,
4112a218-85cf-43ea-91a8-95c5252e244a,http://data.ordnancesurvey.co.uk/id/4112a218-85cf-43ea-91a8-95c5252e244a,Thorpe Lane,,,,transportNetwork,Section Of Named Road,491415,380649,3000,25000,491142,380644,491616,380655,LN1,http://data.ordnancesurvey.co.uk/id/postcodedistrict/LN1,Thorpe le Fallows,http://data.ordnancesurvey.co.uk/id/4000000074542533,http://www.ordnancesurvey.co.uk/xml/codelists/localtype.xml#hamlet,West Lindsey,http://data.ordnancesurvey.co.uk/id/7000000000043527,http://data.ordnancesurvey.co.uk/ontology/admingeo/District,Lincolnshire,http://data.ordnancesurvey.co.uk/id/7000000000005942,http://data.ordnancesurvey.co.uk/ontology/admingeo/County,East Midlands,http://data.ordnancesurvey.co.uk/id/7000000000041423,England,http://data.ordnancesurvey.co.uk/id/country/england,osgb4000000015627684,,
osgb4000000015815559,http://data.ordnancesurvey.co.uk/id/4000000015815559,A631,,,,transportNetwork,Numbered Road,485036,390589,597000,1000000,439134,387200,530920,393304,DN21,http://data.ordnancesurvey.co.uk/id/postcodedistrict/DN21,,,,West Lindsey,http://data.ordnancesurvey.co.uk/id/7000000000043527,http://data.ordnancesurvey.co.uk/ontology/admingeo/District,Lincolnshire,http://data.ordnancesurvey.co.uk/id/7000000000005942,http://data.ordnancesurvey.co.uk/ontology/admingeo/County,East Midlands,http://data.ordnancesurvey.co.uk/id/7000000000041423,England,http://data.ordnancesurvey.co.uk/id/country/england,,,
osgb4000000015683549,http://data.ordnancesurvey.co.uk/id/4000000015683549,Redbourne Mere,,,,transportNetwork,Named Road,495494,399043,20000,21000,493870,398776,497087,399411,DN21,http://data.ordnancesurvey.co.uk/id/postcodedistrict/DN21,,,,,,,North Lincolnshire,http://data.ordnancesurvey.co.uk/id/7000000000025623,http://data.ordnancesurvey.co.uk/ontology/admingeo/UnitaryAuthority,Yorkshire and the Humber,http://data.ordnancesurvey.co.uk/id/7000000000041430,England,http://data.ordnancesurvey.co.uk/id/country/england,,,
osgb4000000015683492,http://data.ordnancesurvey.co.uk/id/4000000015683492,Edmund Close,,,,transportNetwork,Named Road,486930,391053,1000,20000,486911,391052,486940,391056,DN21,http://data.ordnancesurvey.co.uk/id/postcodedistrict/DN21,Corringham,http://data.ordnancesurvey.co.uk/id/4000000074575143,http://www.ordnancesurvey.co.uk/xml/codelists/localtype.xml#village,West Lindsey,http://data.ordnancesurvey.co.uk/id/7000000000043527,http://data.ordnancesurvey.co.uk/ontology/admingeo/District,Lincolnshire,http://data.ordnancesurvey.co.uk/id/7000000000005942,http://data.ordnancesurvey.co.uk/ontology/admingeo/County,East Midlands,http://data.ordnancesurvey.co.uk/id/7000000000041423,England,http://data.ordnancesurvey.co.uk/id/country/england,,,
osgb4000000015657681,http://data.ordnancesurvey.co.uk/id/4000000015657681,Stainton Close,,,,transportNetwork,Named Road,483264,386536,1000,20000,483234,386480,483305,386595,DN21,http://data.ordnancesurvey.co.uk/id/postcodedistrict/DN21,Lea,http://data.ordnancesurvey.co.uk/id/4000000074578253,http://www.ordnancesurvey.co.uk/xml/codelists/localtype.xml#village,West Lindsey,http://data.ordnancesurvey.co.uk/id/7000000000043527,http://data.ordnancesurvey.co.uk/ontology/admingeo/District,Lincolnshire,http://data.ordnancesurvey.co.uk/id/7000000000005942,http://data.ordnancesurvey.co.uk/ontology/admingeo/County,East Midlands,http://data.ordnancesurvey.co.uk/id/7000000000041423,England,http://data.ordnancesurvey.co.uk/id/country/england,,,
osgb4000000015657628,http://data.ordnancesurvey.co.uk/id/4000000015657628,Dunholme Road,,,,transportNetwork,Named Road,482116,389500,1000,20000,482115,389382,482143,389608,DN21,http://data.ordnancesurvey.co.uk/id/postcodedistrict/DN21,Gainsborough,http://data.ordnancesurvey.co.uk/id/4000000074575425,http://www.ordnancesurvey.co.uk/xml/codelists/localtype.xml#town,West Lindsey,http://data.ordnancesurvey.co.uk/id/7000000000043527,http://data.ordnancesurvey.co.uk/ontology/admingeo/District,Lincolnshire,http://data.ordnancesurvey.co.uk/id/7000000000005942,http://data.ordnancesurvey.co.uk/ontology/admingeo/County,East Midlands,http://data.ordnancesurvey.co.uk/id/7000000000041423,England,http://data.ordnancesurvey.co.uk/id/country/england,,,
osgb4000000015633806,http://data.ordnancesurvey.co.uk/id/4000000015633806,High Street,,,,transportNetwork,Named Road,486922,391017,6000,20000,486495,391009,487351,391092,DN21,http://data.ordnancesurvey.co.uk/id/postcodedistrict/DN21,Corringham,http://data.ordnancesurvey.co.uk/id/4000000074575143,http://www.ordnancesurvey.co.uk/xml/codelists/localtype.xml#village,West Lindsey,http://data.ordnancesurvey.co.uk/id/7000000000043527,http://data.ordnancesurvey.co.uk/ontology/admingeo/District,Lincolnshire,http://data.ordnancesurvey.co.uk/id/7000000000005942,http://data.ordnancesurvey.co.uk/ontology/admingeo/County,East Midlands,http://data.ordnancesurvey.co.uk/id/7000000000041423,England,http://data.ordnancesurvey.co.uk/id/country/england,,,
osgb4000000015657691,http://data.ordnancesurvey.co.uk/id/4000000015657691,Claythorne Drive,,,,transportNetwork,Named Road,482436,389620,1000,20000,482362,389580,482442,389711,DN21,http://data.ordnancesurvey.co.uk/id/postcodedistrict/DN21,Gainsborough,http://data.ordnancesurvey.co.uk/id/4000000074575425,http://www.ordnancesurvey.co.uk/xml/codelists/localtype.xml#town,West Lindsey,http://data.ordnancesurvey.co.uk/id/7000000000043527,http://data.ordnancesurvey.co.uk/ontology/admingeo/District,Lincolnshire,http://data.ordnancesurvey.co.uk/id/7000000000005942,http://data.ordnancesurvey.co.uk/ontology/admingeo/County,East Midlands,http://data.ordnancesurvey.co.uk/id/7000000000041423,England,http://data.ordnancesurvey.co.uk/id/country/england,,,
osgb5000005231827884,http://data.ordnancesurvey.co.uk/id/5000005231827884,Water Furrows Lane,,,,transportNetwork,Named Road,487382,384073,2000,20000,487201,384043,487555,384124,DN21,http://data.ordnancesurvey.co.uk/id/postcodedistrict/DN21,Willingham by Stow,http://data.ordnancesurvey.co.uk/id/4000000074575139,http://www.ordnancesurvey.co.uk/xml/codelists/localtype.xml#village,West Lindsey,http://data.ordnancesurvey.co.uk/id/7000000000043527,http://data.ordnancesurvey.co.uk/ontology/admingeo/District,Lincolnshire,http://data.ordnancesurvey.co.uk/id/7000000000005942,http://data.ordnancesurvey.co.uk/ontology/admingeo/County,East Midlands,http://data.ordnancesurvey.co.uk/id/7000000000041423,England,http://data.ordnancesurvey.co.uk/id/country/england,,,
osgb4000000016024570,http://data.ordnancesurvey.co.uk/id/4000000016024570,Alec Rose Grove,,,,transportNetwork,Named Road,482739,389170,1000,20000,482732,389115,482743,389209,DN21,http://data.ordnancesurvey.co.uk/id/postcodedistrict/DN21,Gainsborough,http://data.ordnancesurvey.co.uk/id/4000000074575425,http://www.ordnancesurvey.co.uk/xml/codelists/localtype.xml#town,West Lindsey,http://data.ordnancesurvey.co.uk/id/7000000000043527,http://data.ordnancesurvey.co.uk/ontology/admingeo/District,Lincolnshire,http://data.ordnancesurvey.co.uk/id/7000000000005942,http://data.ordnancesurvey.co.uk/ontology/admingeo/County,East Midlands,http://data.ordnancesurvey.co.uk/id/7000000000041423,England,http://data.ordnancesurvey.co.uk/id/country/england,,,
osgb4000000015673650,http://data.ordnancesurvey.co.uk/id/4000000015673650,The Avenue,,,,transportNetwork,Named Road,484988,394493,1000,20000,484953,394483,485014,394502,DN21,http://data.ordnancesurvey.co.uk/id/postcodedistrict/DN21,Blyton,http://data.ordnancesurvey.co.uk/id/4000000074575429,http://www.ordnancesurvey.co.uk/xml/codelists/localtype.xml#village,West Lindsey,http://data.ordnancesurvey.co.uk/id/7000000000043527,http://data.ordnancesurvey.co.uk/ontology/admingeo/District,Lincolnshire,http://data.ordnancesurvey.co.uk/id/7000000000005942,http://data.ordnancesurvey.co.uk/ontology/admingeo/County,East Midlands,http://data.ordnancesurvey.co.uk/id/7000000000041423,England,http://data.ordnancesurvey.co.uk/id/country/england,,,
osgb4000000015657657,http://data.ordnancesurvey.co.uk/id/4000000015657657,Garfield Street,,,,transportNetwork,Named Road,481308,390423,1000,20000,481296,390344,481318,390517,DN21,http://data.ordnancesurvey.co.uk/id/postcodedistrict/DN21,Gainsborough,http://data.ordnancesurvey.co.uk/id/4000000074575425,http://www.ordnancesurvey.co.uk/xml/codelists/localtype.xml#town,West Lindsey,http://data.ordnancesurvey.co.uk/id/7000000000043527,http://data.ordnancesurvey.co.uk/ontology/admingeo/District,Lincolnshire,http://data.ordnancesurvey.co.uk/id/7000000000005942,http://data.ordnancesurvey.co.uk/ontology/admingeo/County,East Midlands,http://data.ordnancesurvey.co.uk/id/7000000000041423,England,http://data.ordnancesurvey.co.uk/id/country/england,,,
osgb4000000015629887,http://data.ordnancesurvey.co.uk/id/4000000015629887,Bishop Norton Road,,,,transportNetwork,Named Road,498510,394000,8000,20000,498449,393334,498552,394615,DN21,http://data.ordnancesurvey.co.uk/id/postcodedistrict/DN21,,,,West Lindsey,http://data.ordnancesurvey.co.uk/id/7000000000043527,http://data.ordnancesurvey.co.uk/ontology/admingeo/District,Lincolnshire,http://data.ordnancesurvey.co.uk/id/7000000000005942,http://data.ordnancesurvey.co.uk/ontology/admingeo/County,East Midlands,http://data.ordnancesurvey.co.uk/id/7000000000041423,England,http://data.ordnancesurvey.co.uk/id/country/england,,,
osgb4000000015725605,http://data.ordnancesurvey.co.uk/id/4000000015725605,Mill Court,,,,transportNetwork,Named Road,498110,396159,1000,20000,498104,396138,498130,396183,DN21,http://data.ordnancesurvey.co.uk/id/postcodedistrict/DN21,Waddingham,http://data.ordnancesurvey.co.uk/id/4000000074574880,http://www.ordnancesurvey.co.uk/xml/codelists/localtype.xml#village,West Lindsey,http://data.ordnancesurvey.co.uk/id/7000000000043527,http://data.ordnancesurvey.co.uk/ontology/admingeo/District,Lincolnshire,http://data.ordnancesurvey.co.uk/id/7000000000005942,http://data.ordnancesurvey.co.uk/ontology/admingeo/County,East Midlands,http://data.ordnancesurvey.co.uk/id/7000000000041423,England,http://data.ordnancesurvey.co.uk/id/country/england,,,
osgb4000000015673593,http://data.ordnancesurvey.co.uk/id/4000000015673593,Iona Close,,,,transportNetwork,Named Road,482327,390725,1000,20000,482326,390695,482339,390758,DN21,http://data.ordnancesurvey.co.uk/id/postcodedistrict/DN21,Gainsborough,http://data.ordnancesurvey.co.uk/id/4000000074575425,http://www.ordnancesurvey.co.uk/xml/codelists/localtype.xml#town,West Lindsey,http://data.ordnancesurvey.co.uk/id/7000000000043527,http://data.ordnancesurvey.co.uk/ontology/admingeo/District,Lincolnshire,http://data.ordnancesurvey.co.uk/id/7000000000005942,http://data.ordnancesurvey.co.uk/ontology/admingeo/County,East Midlands,http://data.ordnancesurvey.co.uk/id/7000000000041423,England,http://data.ordnancesurvey.co.uk/id/country/england,,,
osgb4000000016006361,http://data.ordnancesurvey.co.uk/id/4000000016006361,John Jenkinson Close,,,,transportNetwork,Named Road,482610,389435,1000,20000,482557,389406,482642,389456,DN21,http://data.ordnancesurvey.co.uk/id/postcodedistrict/DN21,Gainsborough,http://data.ordnancesurvey.co.uk/id/4000000074575425,http://www.ordnancesurvey.co.uk/xml/codelists/localtype.xml#town,West Lindsey,http://data.ordnancesurvey.co.uk/id/7000000000043527,http://data.ordnancesurvey.co.uk/ontology/admingeo/District,Lincolnshire,http://data.ordnancesurvey.co.uk/id/7000000000005942,http://data.ordnancesurvey.co.uk/ontology/admingeo/County,East Midlands,http://data.ordnancesurvey.co.uk/id/7000000000041423,England,http://data.ordnancesurvey.co.uk/id/country/england,,,
osgb5000005330128555,http://data.ordnancesurvey.co.uk/id/5000005330128555,Housecarl End,,,,transportNetwork,Named Road,482004,390989,1000,20000,482004,390963,482005,391005,DN21,http://data.ordnancesurvey.co.uk/id/postcodedistrict/DN21,Gainsborough,http://data.ordnancesurvey.co.uk/id/4000000074575425,http://www.ordnancesurvey.co.uk/xml/codelists/localtype.xml#town,West Lindsey,http://data.ordnancesurvey.co.uk/id/7000000000043527,http://data.ordnancesurvey.co.uk/ontology/admingeo/District,Lincolnshire,http://data.ordnancesurvey.co.uk/id/7000000000005942,http://data.ordnancesurvey.co.uk/ontology/admingeo/County,East Midlands,http://data.ordnancesurvey.co.uk/id/7000000000041423,England,http://data.ordnancesurvey.co.uk/id/country/england,,,
osgb4000000015835898,http://data.ordnancesurvey.co.uk/id/4000000015835898,Barton Road,,,,transportNetwork,Named Road,494960,390116,2000,20000,494911,390009,495020,390243,DN21,http://data.ordnancesurvey.co.uk/id/postcodedistrict/DN21,Hemswell Cliff,http://data.ordnancesurvey.co.uk/id/4000000074574338,http://www.ordnancesurvey.co.uk/xml/codelists/localtype.xml#village,West Lindsey,http://data.ordnancesurvey.co.uk/id/7000000000043527,http://data.ordnancesurvey.co.uk/ontology/admingeo/District,Lincolnshire,http://data.ordnancesurvey.co.uk/id/7000000000005942,http://data.ordnancesurvey.co.uk/ontology/admingeo/County,East Midlands,http://data.ordnancesurvey.co.uk/id/7000000000041423,England,http://data.ordnancesurvey.co.uk/id/country/england,,,
osgb4000000015801560,http://data.ordnancesurvey.co.uk/id/4000000015801560,High Street,,,,transportNetwork,Named Road,498441,395106,6000,20000,498335,394615,498475,395529,DN21,http://data.ordnancesurvey.co.uk/id/postcodedistrict/DN21,,,,West Lindsey,http://data.ordnancesurvey.co.uk/id/7000000000043527,http://data.ordnancesurvey.co.uk/ontology/admingeo/District,Lincolnshire,http://data.ordnancesurvey.co.uk/id/7000000000005942,http://data.ordnancesurvey.co.uk/ontology/admingeo/County,East Midlands,http://data.ordnancesurvey.co.uk/id/7000000000041423,England,http://data.ordnancesurvey.co.uk/id/country/england,,,
osgb4000000015657608,http://data.ordnancesurvey.co.uk/id/4000000015657608,Strafford Street,,,,transportNetwork,Named Road,481814,388985,1000,20000,481726,388966,481915,389007,DN21,http://data.ordnancesurvey.co.uk/id/postcodedistrict/DN21,Gainsborough,http://data.ordnancesurvey.co.uk/id/4000000074575425,http://www.ordnancesurvey.co.uk/xml/codelists/localtype.xml#town,West Lindsey,http://data.ordnancesurvey.co.uk/id/7000000000043527,http://data.ordnancesurvey.co.uk/ontology/admingeo/District,Lincolnshire,http://data.ordnancesurvey.co.uk/id/7000000000005942,http://data.ordnancesurvey.co.uk/ontology/admingeo/County,East Midlands,http://data.ordnancesurvey.co.uk/id/7000000000041423,England,http://data.ordnancesurvey.co.uk/id/country/england,,,
osgb5000005232052610,http://data.ordnancesurvey.co.uk/id/5000005232052610,Southbank Lane,,,,transportNetwork,Named Road,480406,381152,8000,20000,479799,381152,480968,381157,DN22,http://data.ordnancesurvey.co.uk/id/postcodedistrict/DN22,,,,Bassetlaw,http://data.ordnancesurvey.co.uk/id/7000000000008122,http://data.ordnancesurvey.co.uk/ontology/admingeo/District,Nottinghamshire,http://data.ordnancesurvey.co.uk/id/7000000000008127,http://data.ordnancesurvey.co.uk/ontology/admingeo/County,East Midlands,http://data.ordnancesurvey.co.uk/id/7000000000041423,England,http://data.ordnancesurvey.co.uk/id/country/england,,,
osgb4000000015673639,http://data.ordnancesurvey.co.uk/id/4000000015673639,Trentside,,,,transportNetwork,Named Road,480672,391638,1000,20000,480655,391613,480745,391639,DN21,http://data.ordnancesurvey.co.uk/id/postcodedistrict/DN21,Gainsborough,http://data.ordnancesurvey.co.uk/id/4000000074575425,http://www.ordnancesurvey.co.uk/xml/codelists/localtype.xml#town,West Lindsey,http://data.ordnancesurvey.co.uk/id/7000000000043527,http://data.ordnancesurvey.co.uk/ontology/admingeo/District,Lincolnshire,http://data.ordnancesurvey.co.uk/id/7000000000005942,http://data.ordnancesurvey.co.uk/ontology/admingeo/County,East Midlands,http://data.ordnancesurvey.co.uk/id/7000000000041423,England,http://data.ordnancesurvey.co.uk/id/country/england,,,
a375c8a8-2096-4e0a-8802-cbd4313c0dc8,http://data.ordnancesurvey.co.uk/id/a375c8a8-2096-4e0a-8802-cbd4313c0dc8,Middle Street,,,,transportNetwork,Section Of Named Road,495500,385782,5000,25000,495494,385407,495521,386150,DN21,http://data.ordnancesurvey.co.uk/id/postcodedistrict/DN21,Fillingham,http://data.ordnancesurvey.co.uk/id/4000000074574877,http://www.ordnancesurvey.co.uk/xml/codelists/localtype.xml#village,West Lindsey,http://data.ordnancesurvey.co.uk/id/7000000000043527,http://data.ordnancesurvey.co.uk/ontology/admingeo/District,Lincolnshire,http://data.ordnancesurvey.co.uk/id/7000000000005942,http://data.ordnancesurvey.co.uk/ontology/admingeo/County,East Midlands,http://data.ordnancesurvey.co.uk/id/7000000000041423,England,http://data.ordnancesurvey.co.uk/id/country/england,osgb4000000015629885,,
osgb4000000015673579,http://data.ordnancesurvey.co.uk/id/4000000015673579,Scott Street,,,,transportNetwork,Named Road,481348,390152,1000,20000,481348,390152,481418,390168,DN21,http://data.ordnancesurvey.co.uk/id/postcodedistrict/DN21,Gainsborough,http://data.ordnancesurvey.co.uk/id/4000000074575425,http://www.ordnancesurvey.co.uk/xml/codelists/localtype.xml#town,West Lindsey,http://data.ordnancesurvey.co.uk/id/7000000000043527,http://data.ordnancesurvey.co.uk/ontology/admingeo/District,Lincolnshire,http://data.ordnancesurvey.co.uk/id/7000000000005942,http://data.ordnancesurvey.co.uk/ontology/admingeo/County,East Midlands,http://data.ordnancesurvey.co.uk/id/7000000000041423,England,http://data.ordnancesurvey.co.uk/id/country/england,,,
osgb4000000015673590,http://data.ordnancesurvey.co.uk/id/4000000015673590,Hawthorn Grove,,,,transportNetwork,Named Road,481952,390382,1000,20000,481885,390303,482051,390476,DN21,http://data.ordnancesurvey.co.uk/id/postcodedistrict/DN21,Gainsborough,http://data.ordnancesurvey.co.uk/id/4000000074575425,http://www.ordnancesurvey.co.uk/xml/codelists/localtype.xml#town,West Lindsey,http://data.ordnancesurvey.co.uk/id/7000000000043527,http://data.ordnancesurvey.co.uk/ontology/admingeo/District,Lincolnshire,http://data.ordnancesurvey.co.uk/id/7000000000005942,http://data.ordnancesurvey.co.uk/ontology/admingeo/County,East Midlands,http://data.ordnancesurvey.co.uk/id/7000000000041423,England,http://data.ordnancesurvey.co.uk/id/country/england,,,
osgb4000000015657630,http://data.ordnancesurvey.co.uk/id/4000000015657630,Campbell Street,,,,transportNetwork,Named Road,481000,390314,1000,20000,480979,390253,481008,390477,DN21,http://data.ordnancesurvey.co.uk/id/postcodedistrict/DN21,Gainsborough,http://data.ordnancesurvey.co.uk/id/4000000074575425,http://www.ordnancesurvey.co.uk/xml/codelists/localtype.xml#town,West Lindsey,http://data.ordnancesurvey.co.uk/id/7000000000043527,http://data.ordnancesurvey.co.uk/ontology/admingeo/District,Lincolnshire,http://data.ordnancesurvey.co.uk/id/7000000000005942,http://data.ordnancesurvey.co.uk/ontology/admingeo/County,East Midlands,http://data.ordnancesurvey.co.uk/id/7000000000041423,England,http://data.ordnancesurvey.co.uk/id/country/england,,,
osgb5000005231826662,http://data.ordnancesurvey.co.uk/id/5000005231826662,Bracken's Lane,,,,transportNetwork,Named Road,497332,393281,11000,20000,496464,392990,498150,393491,LN8,http://data.ordnancesurvey.co.uk/id/postcodedistrict/LN8,,,,West Lindsey,http://data.ordnancesurvey.co.uk/id/7000000000043527,http://data.ordnancesurvey.co.uk/ontology/admingeo/District,Lincolnshire,http://data.ordnancesurvey.co.uk/id/7000000000005942,http://data.ordnancesurvey.co.uk/ontology/admingeo/County,East Midlands,http://data.ordnancesurvey.co.uk/id/7000000000041423,England,http://data.ordnancesurvey.co.uk/id/country/england,,,
osgb4000000015634000,http://data.ordnancesurvey.co.uk/id/4000000015634000,Sturton Road,,,,transportNetwork,Named Road,488332,381666,4000,20000,488231,381384,488493,381949,LN1,http://data.ordnancesurvey.co.uk/id/postcodedistrict/LN1,,,,West Lindsey,http://data.ordnancesurvey.co.uk/id/7000000000043527,http://data.ordnancesurvey.co.uk/ontology/admingeo/District,Lincolnshire,http://data.ordnancesurvey.co.uk/id/7000000000005942,http://data.ordnancesurvey.co.uk/ontology/admingeo/County,East Midlands,http://data.ordnancesurvey.co.uk/id/7000000000041423,England,http://data.ordnancesurvey.co.uk/id/country/england,,,
osgb4000000015735442,http://data.ordnancesurvey.co.uk/id/4000000015735442,Meldrum Drive,,,,transportNetwork,Named Road,482123,388227,2000,20000,482067,388127,482214,388372,DN21,http://data.ordnancesurvey.co.uk/id/postcodedistrict/DN21,Gainsborough,http://data.ordnancesurvey.co.uk/id/4000000074575425,http://www.ordnancesurvey.co.uk/xml/codelists/localtype.xml#town,West Lindsey,http://data.ordnancesurvey.co.uk/id/7000000000043527,http://data.ordnancesurvey.co.uk/ontology/admingeo/District,Lincolnshire,http://data.ordnancesurvey.co.uk/id/7000000000005942,http://data.ordnancesurvey.co.uk/ontology/admingeo/County,East Midlands,http://data.ordnancesurvey.co.uk/id/7000000000041423,England,http://data.ordnancesurvey.co.uk/id/country/england,,,
osgb4000000015642882,http://data.ordnancesurvey.co.uk/id/4000000015642882,Blackthorn Lane,,,,transportNetwork,Named Road,494721,382206,1000,20000,494607,382191,494822,382221,LN1,http://data.ordnancesurvey.co.uk/id/postcodedistrict/LN1,Cammeringham,http://data.ordnancesurvey.co.uk/id/4000000074574873,http://www.ordnancesurvey.co.uk/xml/codelists/localtype.xml#village,West Lindsey,http://data.ordnancesurvey.co.uk/id/7000000000043527,http://data.ordnancesurvey.co.uk/ontology/admingeo/District,Lincolnshire,http://data.ordnancesurvey.co.uk/id/7000000000005942,http://data.ordnancesurvey.co.uk/ontology/admingeo/County,East Midlands,http://data.ordnancesurvey.co.uk/id/7000000000041423,England,http://data.ordnancesurvey.co.uk/id/country/england,,,
osgb4000000015642427,http://data.ordnancesurvey.co.uk/id/4000000015642427,Melrose Road,,,,transportNetwork,Named Road,481186,390802,2000,20000,481006,390772,481316,390822,DN21,http://data.ordnancesurvey.co.uk/id/postcodedistrict/DN21,Gainsborough,http://data.ordnancesurvey.co.uk/id/4000000074575425,http://www.ordnancesurvey.co.uk/xml/codelists/localtype.xml#town,West Lindsey,http://data.ordnancesurvey.co.uk/id/7000000000043527,http://data.ordnancesurvey.co.uk/ontology/admingeo/District,Lincolnshire,http://data.ordnancesurvey.co.uk/id/7000000000005942,http://data.ordnancesurvey.co.uk/ontology/admingeo/County,East Midlands,http://data.ordnancesurvey.co.uk/id/7000000000041423,England,http://data.ordnancesurvey.co.uk/id/country/england,,,
osgb5000005231826384,http://data.ordnancesurvey.co.uk/id/5000005231826384,Whoofer Lane,,,,transportNetwork,Named Road,481327,396892,11000,20000,481217,396025,481803,397745,DN9,http://data.ordnancesurvey.co.uk/id/postcodedistrict/DN9,,,,West Lindsey,http://data.ordnancesurvey.co.uk/id/7000000000043527,http://data.ordnancesurvey.co.uk/ontology/admingeo/District,Lincolnshire,http://data.ordnancesurvey.co.uk/id/7000000000005942,http://data.ordnancesurvey.co.uk/ontology/admingeo/County,East Midlands,http://data.ordnancesurvey.co.uk/id/7000000000041423,England,http://data.ordnancesurvey.co.uk/id/country/england,,,
108bf880-3fe7-4b6b-9e51-9171ec92bf7b,http://data.ordnancesurvey.co.uk/id/108bf880-3fe7-4b6b-9e51-9171ec92bf7b,Pingle Lane,,,,transportNetwork,Section Of Named Road,498494,392779,1000,25000,498405,392719,498591,392814,LN8,http://data.ordnancesurvey.co.uk/id/postcodedistrict/LN8,Bishop Norton,http://data.ordnancesurvey.co.uk/id/4000000074574339,http://www.ordnancesurvey.co.uk/xml/codelists/localtype.xml#village,West Lindsey,http://data.ordnancesurvey.co.uk/id/7000000000043527,http://data.ordnancesurvey.co.uk/ontology/admingeo/District,Lincolnshire,http://data.ordnancesurvey.co.uk/id/7000000000005942,http://data.ordnancesurvey.co.uk/ontology/admingeo/County,East Midlands,http://data.ordnancesurvey.co.uk/id/7000000000041423,England,http://data.ordnancesurvey.co.uk/id/country/england,osgb4000000015634010,,
osgb5000005175099822,http://data.ordnancesurvey.co.uk/id/5000005175099822,Jarrow Court,,,,transportNetwork,Named Road,482723,390540,1000,20000,482712,390539,482723,390541,DN21,http://data.ordnancesurvey.co.uk/id/postcodedistrict/DN21,Gainsborough,http://data.ordnancesurvey.co.uk/id/4000000074575425,http://www.ordnancesurvey.co.uk/xml/codelists/localtype.xml#town,West Lindsey,http://data.ordnancesurvey.co.uk/id/7000000000043527,http://data.ordnancesurvey.co.uk/ontology/admingeo/District,Lincolnshire,http://data.ordnancesurvey.co.uk/id/7000000000005942,http://data.ordnancesurvey.co.uk/ontology/admingeo/County,East Midlands,http://data.ordnancesurvey.co.uk/id/7000000000041423,England,http://data.ordnancesurvey.co.uk/id/country/england,,,
1da3db7b-dcf1-4bb4-826b-ce264ea91297,http://data.ordnancesurvey.co.uk/id/1da3db7b-dcf1-4bb4-826b-ce264ea91297,Cleatham Road,,,,transportNetwork,Section Of Named Road,493177,399760,4000,25000,493116,399398,493249,400075,DN21,http://data.ordnancesurvey.co.uk/id/postcodedistrict/DN21,Kirton in Lindsey,http://data.ordnancesurvey.co.uk/id/4000000074574884,http://www.ordnancesurvey.co.uk/xml/codelists/localtype.xml#town,,,,North Lincolnshire,http://data.ordnancesurvey.co.uk/id/7000000000025623,http://data.ordnancesurvey.co.uk/ontology/admingeo/UnitaryAuthority,Yorkshire and the Humber,http://data.ordnancesurvey.co.uk/id/7000000000041430,England,http://data.ordnancesurvey.co.uk/id/country/england,osgb4000000010927546,,
osgb4000000016013316,http://data.ordnancesurvey.co.uk/id/4000000016013316,Dovecote Close,,,,transportNetwork,Named Road,498595,394855,1000,20000,498591,394825,498602,394890,DN21,http://data.ordnancesurvey.co.uk/id/postcodedistrict/DN21,Snitterby,http://data.ordnancesurvey.co.uk/id/4000000074574606,http://www.ordnancesurvey.co.uk/xml/codelists/localtype.xml#village,West Lindsey,http://data.ordnancesurvey.co.uk/id/7000000000043527,http://data.ordnancesurvey.co.uk/ontology/admingeo/District,Lincolnshire,http://data.ordnancesurvey.co.uk/id/7000000000005942,http://data.ordnancesurvey.co.uk/ontology/admingeo/County,East Midlands,http://data.ordnancesurvey.co.uk/id/7000000000041423,England,http://data.ordnancesurvey.co.uk/id/country/england,,,
osgb4000000015815598,http://data.ordnancesurvey.co.uk/id/4000000015815598,A156,,,,transportNetwork,Numbered Road,484013,381693,96000,1000000,481534,374347,487084,389124,DN21,http://data.ordnancesurvey.co.uk/id/postcodedistrict/DN21,Marton,http://data.ordnancesurvey.co.uk/id/4000000074577537,http://www.ordnancesurvey.co.uk/xml/codelists/localtype.xml#village,West Lindsey,http://data.ordnancesurvey.co.uk/id/7000000000043527,http://data.ordnancesurvey.co.uk/ontology/admingeo/District,Lincolnshire,http://data.ordnancesurvey.co.uk/id/7000000000005942,http://data.ordnancesurvey.co.uk/ontology/admingeo/County,East Midlands,http://data.ordnancesurvey.co.uk/id/7000000000041423,England,http://data.ordnancesurvey.co.uk/id/country/england,,,
osgb4000000015634002,http://data.ordnancesurvey.co.uk/id/4000000015634002,Church Road,,,,transportNetwork,Named Road,488188,382187,4000,20000,488128,381935,488256,382480,LN1,http://data.ordnancesurvey.co.uk/id/postcodedistrict/LN1,Stow,http://data.ordnancesurvey.co.uk/id/4000000074574878,http://www.ordnancesurvey.co.uk/xml/codelists/localtype.xml#village,West Lindsey,http://data.ordnancesurvey.co.uk/id/7000000000043527,http://data.ordnancesurvey.co.uk/ontology/admingeo/District,Lincolnshire,http://data.ordnancesurvey.co.uk/id/7000000000005942,http://data.ordnancesurvey.co.uk/ontology/admingeo/County,East Midlands,http://data.ordnancesurvey.co.uk/id/7000000000041423,England,http://data.ordnancesurvey.co.uk/id/country/england,,,
osgb4000000015629885,http://data.ordnancesurvey.co.uk/id/4000000015629885,Middle Street,,,,transportNetwork,Named Road,495683,384044,20000,132000,493366,373852,496500,394131,LN1,http://data.ordnancesurvey.co.uk/id/postcodedistrict/LN1,,,,West Lindsey,http://data.ordnancesurvey.co.uk/id/7000000000043527,http://data.ordnancesurvey.co.uk/ontology/admingeo/District,Lincolnshire,http://data.ordnancesurvey.co.uk/id/7000000000005942,http://data.ordnancesurvey.co.uk/ontology/admingeo/County,East Midlands,http://data.ordnancesurvey.co.uk/id/7000000000041423,England,http://data.ordnancesurvey.co.uk/id/country/england,,,
osgb4000000015642913,http://data.ordnancesurvey.co.uk/id/4000000015642913,Torksey Street,,,,transportNetwork,Named Road,493372,398693,1000,20000,493360,398586,493406,398799,DN21,http://data.ordnancesurvey.co.uk/id/postcodedistrict/DN21,Kirton in Lindsey,http://data.ordnancesurvey.co.uk/id/4000000074574884,http://www.ordnancesurvey.co.uk/xml/codelists/localtype.xml#town,,,,North Lincolnshire,http://data.ordnancesurvey.co.uk/id/7000000000025623,http://data.ordnancesurvey.co.uk/ontology/admingeo/UnitaryAuthority,Yorkshire and the Humber,http://data.ordnancesurvey.co.uk/id/7000000000041430,England,http://data.ordnancesurvey.co.uk/id/country/england,,,
osgb5000005250886805,http://data.ordnancesurvey.co.uk/id/5000005250886805,Learoyd Road,,,,transportNetwork,Named Road,494904,390219,1000,20000,494802,390178,494934,390310,DN21,http://data.ordnancesurvey.co.uk/id/postcodedistrict/DN21,Hemswell Cliff,http://data.ordnancesurvey.co.uk/id/4000000074574338,http://www.ordnancesurvey.co.uk/xml/codelists/localtype.xml#village,West Lindsey,http://data.ordnancesurvey.co.uk/id/7000000000043527,http://data.ordnancesurvey.co.uk/ontology/admingeo/District,Lincolnshire,http://data.ordnancesurvey.co.uk/id/7000000000005942,http://data.ordnancesurvey.co.uk/ontology/admingeo/County,East Midlands,http://data.ordnancesurvey.co.uk/id/7000000000041423,England,http://data.ordnancesurvey.co.uk/id/country/england,,,
osgb4000000015788876,http://data.ordnancesurvey.co.uk/id/4000000015788876,Duck Lane,,,,transportNetwork,Named Road,493762,398576,1000,20000,493698,398553,493829,398601,DN21,http://data.ordnancesurvey.co.uk/id/postcodedistrict/DN21,Kirton in Lindsey,http://data.ordnancesurvey.co.uk/id/4000000074574884,http://www.ordnancesurvey.co.uk/xml/codelists/localtype.xml#town,,,,North Lincolnshire,http://data.ordnancesurvey.co.uk/id/7000000000025623,http://data.ordnancesurvey.co.uk/ontology/admingeo/UnitaryAuthority,Yorkshire and the Humber,http://data.ordnancesurvey.co.uk/id/7000000000041430,England,http://data.ordnancesurvey.co.uk/id/country/england,,,
osgb5000005343658764,http://data.ordnancesurvey.co.uk/id/5000005343658764,Trelleborg Place,,,,transportNetwork,Named Road,481898,391021,1000,20000,481865,391021,481898,391024,DN21,http://data.ordnancesurvey.co.uk/id/postcodedistrict/DN21,Gainsborough,http://data.ordnancesurvey.co.uk/id/4000000074575425,http://www.ordnancesurvey.co.uk/xml/codelists/localtype.xml#town,West Lindsey,http://data.ordnancesurvey.co.uk/id/7000000000043527,http://data.ordnancesurvey.co.uk/ontology/admingeo/District,Lincolnshire,http://data.ordnancesurvey.co.uk/id/7000000000005942,http://data.ordnancesurvey.co.uk/ontology/admingeo/County,East Midlands,http://data.ordnancesurvey.co.uk/id/7000000000041423,England,http://data.ordnancesurvey.co.uk/id/country/england,,,
osgb4000000015673649,http://data.ordnancesurvey.co.uk/id/4000000015673649,Hill Top Lane,,,,transportNetwork,Named Road,484861,394483,1000,20000,484822,394468,484943,394539,DN21,http://data.ordnancesurvey.co.uk/id/postcodedistrict/DN21,Blyton,http://data.ordnancesurvey.co.uk/id/4000000074575429,http://www.ordnancesurvey.co.uk/xml/codelists/localtype.xml#village,West Lindsey,http://data.ordnancesurvey.co.uk/id/7000000000043527,http://data.ordnancesurvey.co.uk/ontology/admingeo/District,Lincolnshire,http://data.ordnancesurvey.co.uk/id/7000000000005942,http://data.ordnancesurvey.co.uk/ontology/admingeo/County,East Midlands,http://data.ordnancesurvey.co.uk/id/7000000000041423,England,http://data.ordnancesurvey.co.uk/id/country/england,,,
osgb4000000015634001,http://data.ordnancesurvey.co.uk/id/4000000015634001,High Street,,,,transportNetwork,Named Road,489011,380635,4000,20000,488910,380372,489011,380911,LN1,http://data.ordnancesurvey.co.uk/id/postcodedistrict/LN1,Sturton by Stow,http://data.ordnancesurvey.co.uk/id/4000000074574600,http://www.ordnancesurvey.co.uk/xml/codelists/localtype.xml#village,West Lindsey,http://data.ordnancesurvey.co.uk/id/7000000000043527,http://data.ordnancesurvey.co.uk/ontology/admingeo/District,Lincolnshire,http://data.ordnancesurvey.co.uk/id/7000000000005942,http://data.ordnancesurvey.co.uk/ontology/admingeo/County,East Midlands,http://data.ordnancesurvey.co.uk/id/7000000000041423,England,http://data.ordnancesurvey.co.uk/id/country/england,,,
osgb4000000016008454,http://data.ordnancesurvey.co.uk/id/4000000016008454,Pingle Leys,,,,transportNetwork,Named Road,498525,392760,1000,20000,498518,392741,498526,392785,LN8,http://data.ordnancesurvey.co.uk/id/postcodedistrict/LN8,Bishop Norton,http://data.ordnancesurvey.co.uk/id/4000000074574339,http://www.ordnancesurvey.co.uk/xml/codelists/localtype.xml#village,West Lindsey,http://data.ordnancesurvey.co.uk/id/7000000000043527,http://data.ordnancesurvey.co.uk/ontology/admingeo/District,Lincolnshire,http://data.ordnancesurvey.co.uk/id/7000000000005942,http://data.ordnancesurvey.co.uk/ontology/admingeo/County,East Midlands,http://data.ordnancesurvey.co.uk/id/7000000000041423,England,http://data.ordnancesurvey.co.uk/id/country/england,,,
osgb4000000015837443,http://data.ordnancesurvey.co.uk/id/4000000015837443,Westminster Close,,,,transportNetwork,Named Road,480821,392215,1000,20000,480788,392195,480854,392225,DN21,http://data.ordnancesurvey.co.uk/id/postcodedistrict/DN21,Gainsborough,http://data.ordnancesurvey.co.uk/id/4000000074575425,http://www.ordnancesurvey.co.uk/xml/codelists/localtype.xml#town,West Lindsey,http://data.ordnancesurvey.co.uk/id/7000000000043527,http://data.ordnancesurvey.co.uk/ontology/admingeo/District,Lincolnshire,http://data.ordnancesurvey.co.uk/id/7000000000005942,http://data.ordnancesurvey.co.uk/ontology/admingeo/County,East Midlands,http://data.ordnancesurvey.co.uk/id/7000000000041423,England,http://data.ordnancesurvey.co.uk/id/country/england,,,
osgb4000000015709565,http://data.ordnancesurvey.co.uk/id/4000000015709565,Phoenix Court,,,,transportNetwork,Named Road,482759,388988,1000,20000,482733,388947,482784,389018,DN21,http://data.ordnancesurvey.co.uk/id/postcodedistrict/DN21,Gainsborough,http://data.ordnancesurvey.co.uk/id/4000000074575425,http://www.ordnancesurvey.co.uk/xml/codelists/localtype.xml#town,West Lindsey,http://data.ordnancesurvey.co.uk/id/7000000000043527,http://data.ordnancesurvey.co.uk/ontology/admingeo/District,Lincolnshire,http://data.ordnancesurvey.co.uk/id/7000000000005942,http://data.ordnancesurvey.co.uk/ontology/admingeo/County,East Midlands,http://data.ordnancesurvey.co.uk/id/7000000000041423,England,http://data.ordnancesurvey.co.uk/id/country/england,,,
osgb4000000026932005,http://data.ordnancesurvey.co.uk/id/4000000026932005,Atterby Lane,,,,transportNetwork,Named Road,498553,393301,20000,26000,496493,392621,500472,393926,LN8,http://data.ordnancesurvey.co.uk/id/postcodedistrict/LN8,,,,West Lindsey,http://data.ordnancesurvey.co.uk/id/7000000000043527,http://data.ordnancesurvey.co.uk/ontology/admingeo/District,Lincolnshire,http://data.ordnancesurvey.co.uk/id/7000000000005942,http://data.ordnancesurvey.co.uk/ontology/admingeo/County,East Midlands,http://data.ordnancesurvey.co.uk/id/7000000000041423,England,http://data.ordnancesurvey.co.uk/id/country/england,,,
osgb4000000015673605,http://data.ordnancesurvey.co.uk/id/4000000015673605,Kenmare Crescent,,,,transportNetwork,Named Road,482533,388770,1000,20000,482458,388737,482536,388832,DN21,http://data.ordnancesurvey.co.uk/id/postcodedistrict/DN21,Gainsborough,http://data.ordnancesurvey.co.uk/id/4000000074575425,http://www.ordnancesurvey.co.uk/xml/codelists/localtype.xml#town,West Lindsey,http://data.ordnancesurvey.co.uk/id/7000000000043527,http://data.ordnancesurvey.co.uk/ontology/admingeo/District,Lincolnshire,http://data.ordnancesurvey.co.uk/id/7000000000005942,http://data.ordnancesurvey.co.uk/ontology/admingeo/County,East Midlands,http://data.ordnancesurvey.co.uk/id/7000000000041423,England,http://data.ordnancesurvey.co.uk/id/country/england,,,
osgb5000005293761115,http://data.ordnancesurvey.co.uk/id/5000005293761115,Foxby Mews,,,,transportNetwork,Named Road,482301,388460,2000,20000,482171,388400,482439,388525,DN21,http://data.ordnancesurvey.co.uk/id/postcodedistrict/DN21,Gainsborough,http://data.ordnancesurvey.co.uk/id/4000000074575425,http://www.ordnancesurvey.co.uk/xml/codelists/localtype.xml#town,West Lindsey,http://data.ordnancesurvey.co.uk/id/7000000000043527,http://data.ordnancesurvey.co.uk/ontology/admingeo/District,Lincolnshire,http://data.ordnancesurvey.co.uk/id/7000000000005942,http://data.ordnancesurvey.co.uk/ontology/admingeo/County,East Midlands,http://data.ordnancesurvey.co.uk/id/7000000000041423,England,http://data.ordnancesurvey.co.uk/id/country/england,,,
osgb4000000015657695,http://data.ordnancesurvey.co.uk/id/4000000015657695,Somerby Road,,,,transportNetwork,Named Road,482671,390004,2000,20000,482570,390001,482832,390011,DN21,http://data.ordnancesurvey.co.uk/id/postcodedistrict/DN21,Gainsborough,http://data.ordnancesurvey.co.uk/id/4000000074575425,http://www.ordnancesurvey.co.uk/xml/codelists/localtype.xml#town,West Lindsey,http://data.ordnancesurvey.co.uk/id/7000000000043527,http://data.ordnancesurvey.co.uk/ontology/admingeo/District,Lincolnshire,http://data.ordnancesurvey.co.uk/id/7000000000005942,http://data.ordnancesurvey.co.uk/ontology/admingeo/County,East Midlands,http://data.ordnancesurvey.co.uk/id/7000000000041423,England,http://data.ordnancesurvey.co.uk/id/country/england,,,
osgb5000005297127067,http://data.ordnancesurvey.co.uk/id/5000005297127067,Wellington Way,,,,transportNetwork,Named Road,494828,389658,1000,20000,494757,389596,494923,389699,DN21,http://data.ordnancesurvey.co.uk/id/postcodedistrict/DN21,Hemswell Cliff,http://data.ordnancesurvey.co.uk/id/4000000074574338,http://www.ordnancesurvey.co.uk/xml/codelists/localtype.xml#village,West Lindsey,http://data.ordnancesurvey.co.uk/id/7000000000043527,http://data.ordnancesurvey.co.uk/ontology/admingeo/District,Lincolnshire,http://data.ordnancesurvey.co.uk/id/7000000000005942,http://data.ordnancesurvey.co.uk/ontology/admingeo/County,East Midlands,http://data.ordnancesurvey.co.uk/id/7000000000041423,England,http://data.ordnancesurvey.co.uk/id/country/england,,,
osgb4000000015837437,http://data.ordnancesurvey.co.uk/id/4000000015837437,Nursery Vale,,,,transportNetwork,Named Road,480523,392132,2000,20000,480468,392019,480604,392285,DN21,http://data.ordnancesurvey.co.uk/id/postcodedistrict/DN21,Gainsborough,http://data.ordnancesurvey.co.uk/id/4000000074575425,http://www.ordnancesurvey.co.uk/xml/codelists/localtype.xml#town,West Lindsey,http://data.ordnancesurvey.co.uk/id/7000000000043527,http://data.ordnancesurvey.co.uk/ontology/admingeo/District,Lincolnshire,http://data.ordnancesurvey.co.uk/id/7000000000005942,http://data.ordnancesurvey.co.uk/ontology/admingeo/County,East Midlands,http://data.ordnancesurvey.co.uk/id/7000000000041423,England,http://data.ordnancesurvey.co.uk/id/country/england,,,
osgb4000000015657631,http://data.ordnancesurvey.co.uk/id/4000000015657631,Grey Street,,,,transportNetwork,Named Road,480912,390500,1000,20000,480888,390469,480916,390679,DN21,http://data.ordnancesurvey.co.uk/id/postcodedistrict/DN21,Gainsborough,http://data.ordnancesurvey.co.uk/id/4000000074575425,http://www.ordnancesurvey.co.uk/xml/codelists/localtype.xml#town,West Lindsey,http://data.ordnancesurvey.co.uk/id/7000000000043527,http://data.ordnancesurvey.co.uk/ontology/admingeo/District,Lincolnshire,http://data.ordnancesurvey.co.uk/id/7000000000005942,http://data.ordnancesurvey.co.uk/ontology/admingeo/County,East Midlands,http://data.ordnancesurvey.co.uk/id/7000000000041423,England,http://data.ordnancesurvey.co.uk/id/country/england,,,
35466a7d-9a71-4e72-a047-e4e768b3945c,http://data.ordnancesurvey.co.uk/id/35466a7d-9a71-4e72-a047-e4e768b3945c,The Flood Road,,,,transportNetwork,Section Of Named Road,481500,389089,1000,25000,481455,389076,481534,389097,DN21,http://data.ordnancesurvey.co.uk/id/postcodedistrict/DN21,Gainsborough,http://data.ordnancesurvey.co.uk/id/4000000074575425,http://www.ordnancesurvey.co.uk/xml/codelists/localtype.xml#town,West Lindsey,http://data.ordnancesurvey.co.uk/id/7000000000043527,http://data.ordnancesurvey.co.uk/ontology/admingeo/District,Lincolnshire,http://data.ordnancesurvey.co.uk/id/7000000000005942,http://data.ordnancesurvey.co.uk/ontology/admingeo/County,East Midlands,http://data.ordnancesurvey.co.uk/id/7000000000041423,England,http://data.ordnancesurvey.co.uk/id/country/england,osgb4000000015627615,,
ac209679-24c8-460f-84d0-27ae87099beb,http://data.ordnancesurvey.co.uk/id/ac209679-24c8-460f-84d0-27ae87099beb,Carr Lane,,,,transportNetwork,Section Of Named Road,484600,394336,3000,25000,484467,394327,484919,394356,DN21,http://data.ordnancesurvey.co.uk/id/postcodedistrict/DN21,Blyton,http://data.ordnancesurvey.co.uk/id/4000000074575429,http://www.ordnancesurvey.co.uk/xml/codelists/localtype.xml#village,West Lindsey,http://data.ordnancesurvey.co.uk/id/7000000000043527,http://data.ordnancesurvey.co.uk/ontology/admingeo/District,Lincolnshire,http://data.ordnancesurvey.co.uk/id/7000000000005942,http://data.ordnancesurvey.co.uk/ontology/admingeo/County,East Midlands,http://data.ordnancesurvey.co.uk/id/7000000000041423,England,http://data.ordnancesurvey.co.uk/id/country/england,osgb4000000015633809,,
osgb5000005291768302,http://data.ordnancesurvey.co.uk/id/5000005291768302,North Close,,,,transportNetwork,Named Road,487344,391624,1000,20000,487343,391592,487359,391642,DN21,http://data.ordnancesurvey.co.uk/id/postcodedistrict/DN21,Corringham,http://data.ordnancesurvey.co.uk/id/4000000074575143,http://www.ordnancesurvey.co.uk/xml/codelists/localtype.xml#village,West Lindsey,http://data.ordnancesurvey.co.uk/id/7000000000043527,http://data.ordnancesurvey.co.uk/ontology/admingeo/District,Lincolnshire,http://data.ordnancesurvey.co.uk/id/7000000000005942,http://data.ordnancesurvey.co.uk/ontology/admingeo/County,East Midlands,http://data.ordnancesurvey.co.uk/id/7000000000041423,England,http://data.ordnancesurvey.co.uk/id/country/england,,,
6a39f463-9404-4741-a565-f2aea8d96e69,http://data.ordnancesurvey.co.uk/id/6a39f463-9404-4741-a565-f2aea8d96e69,Gainsborough Road,,,,transportNetwork,Section Of Named Road,493357,398024,1000,25000,493326,397983,493403,398066,DN21,http://data.ordnancesurvey.co.uk/id/postcodedistrict/DN21,Kirton in Lindsey,http://data.ordnancesurvey.co.uk/id/4000000074574884,http://www.ordnancesurvey.co.uk/xml/codelists/localtype.xml#town,,,,North Lincolnshire,http://data.ordnancesurvey.co.uk/id/7000000000025623,http://data.ordnancesurvey.co.uk/ontology/admingeo/UnitaryAuthority,Yorkshire and the Humber,http://data.ordnancesurvey.co.uk/id/7000000000041430,England,http://data.ordnancesurvey.co.uk/id/country/england,osgb4000000015629890,,
osgb4000000015682076,http://data.ordnancesurvey.co.uk/id/4000000015682076,Malpas Avenue,,,,transportNetwork,Named Road,481781,390090,1000,20000,481778,390041,481791,390101,DN21,http://data.ordnancesurvey.co.uk/id/postcodedistrict/DN21,Gainsborough,http://data.ordnancesurvey.co.uk/id/4000000074575425,http://www.ordnancesurvey.co.uk/xml/codelists/localtype.xml#town,West Lindsey,http://data.ordnancesurvey.co.uk/id/7000000000043527,http://data.ordnancesurvey.co.uk/ontology/admingeo/District,Lincolnshire,http://data.ordnancesurvey.co.uk/id/7000000000005942,http://data.ordnancesurvey.co.uk/ontology/admingeo/County,East Midlands,http://data.ordnancesurvey.co.uk/id/7000000000041423,England,http://data.ordnancesurvey.co.uk/id/country/england,,,
osgb4000000015633810,http://data.ordnancesurvey.co.uk/id/4000000015633810,Station Road,,,,transportNetwork,Named Road,486000,394781,5000,20000,485944,394366,486134,395092,DN21,http://data.ordnancesurvey.co.uk/id/postcodedistrict/DN21,,,,West Lindsey,http://data.ordnancesurvey.co.uk/id/7000000000043527,http://data.ordnancesurvey.co.uk/ontology/admingeo/District,Lincolnshire,http://data.ordnancesurvey.co.uk/id/7000000000005942,http://data.ordnancesurvey.co.uk/ontology/admingeo/County,East Midlands,http://data.ordnancesurvey.co.uk/id/7000000000041423,England,http://data.ordnancesurvey.co.uk/id/country/england,,,
osgb5000005186842982,http://data.ordnancesurvey.co.uk/id/5000005186842982,Tudor Drive,,,,transportNetwork,Named Road,480852,391588,1000,20000,480831,391588,480860,391590,DN21,http://data.ordnancesurvey.co.uk/id/postcodedistrict/DN21,Gainsborough,http://data.ordnancesurvey.co.uk/id/4000000074575425,http://www.ordnancesurvey.co.uk/xml/codelists/localtype.xml#town,West Lindsey,http://data.ordnancesurvey.co.uk/id/7000000000043527,http://data.ordnancesurvey.co.uk/ontology/admingeo/District,Lincolnshire,http://data.ordnancesurvey.co.uk/id/7000000000005942,http://data.ordnancesurvey.co.uk/ontology/admingeo/County,East Midlands,http://data.ordnancesurvey.co.uk/id/7000000000041423,England,http://data.ordnancesurvey.co.uk/id/country/england,,,
osgb4000000015633593,http://data.ordnancesurvey.co.uk/id/4000000015633593,Headstead Bank,,,,transportNetwork,Named Road,481956,380667,5000,20000,481890,380313,482037,381035,DN22,http://data.ordnancesurvey.co.uk/id/postcodedistrict/DN22,,,,Bassetlaw,http://data.ordnancesurvey.co.uk/id/7000000000008122,http://data.ordnancesurvey.co.uk/ontology/admingeo/District,Nottinghamshire,http://data.ordnancesurvey.co.uk/id/7000000000008127,http://data.ordnancesurvey.co.uk/ontology/admingeo/County,East Midlands,http://data.ordnancesurvey.co.uk/id/7000000000041423,England,http://data.ordnancesurvey.co.uk/id/country/england,,,
osgb4000000015683483,http://data.ordnancesurvey.co.uk/id/4000000015683483,Lea Road,,,,transportNetwork,Named Road,482027,388374,10000,20000,481534,387563,482348,389097,DN21,http://data.ordnancesurvey.co.uk/id/postcodedistrict/DN21,Gainsborough,http://data.ordnancesurvey.co.uk/id/4000000074575425,http://www.ordnancesurvey.co.uk/xml/codelists/localtype.xml#town,West Lindsey,http://data.ordnancesurvey.co.uk/id/7000000000043527,http://data.ordnancesurvey.co.uk/ontology/admingeo/District,Lincolnshire,http://data.ordnancesurvey.co.uk/id/7000000000005942,http://data.ordnancesurvey.co.uk/ontology/admingeo/County,East Midlands,http://data.ordnancesurvey.co.uk/id/7000000000041423,England,http://data.ordnancesurvey.co.uk/id/country/england,,,
osgb4000000015682088,http://data.ordnancesurvey.co.uk/id/4000000015682088,Bramley Court,,,,transportNetwork,Named Road,482494,390370,1000,20000,482470,390355,482511,390404,DN21,http://data.ordnancesurvey.co.uk/id/postcodedistrict/DN21,Gainsborough,http://data.ordnancesurvey.co.uk/id/4000000074575425,http://www.ordnancesurvey.co.uk/xml/codelists/localtype.xml#town,West Lindsey,http://data.ordnancesurvey.co.uk/id/7000000000043527,http://data.ordnancesurvey.co.uk/ontology/admingeo/District,Lincolnshire,http://data.ordnancesurvey.co.uk/id/7000000000005942,http://data.ordnancesurvey.co.uk/ontology/admingeo/County,East Midlands,http://data.ordnancesurvey.co.uk/id/7000000000041423,England,http://data.ordnancesurvey.co.uk/id/country/england,,,
osgb4000000015657722,http://data.ordnancesurvey.co.uk/id/4000000015657722,Rustic Lane,,,,transportNetwork,Named Road,485802,395223,1000,20000,485720,395207,485885,395239,DN21,http://data.ordnancesurvey.co.uk/id/postcodedistrict/DN21,Blyton,http://data.ordnancesurvey.co.uk/id/4000000074575429,http://www.ordnancesurvey.co.uk/xml/codelists/localtype.xml#village,West Lindsey,http://data.ordnancesurvey.co.uk/id/7000000000043527,http://data.ordnancesurvey.co.uk/ontology/admingeo/District,Lincolnshire,http://data.ordnancesurvey.co.uk/id/7000000000005942,http://data.ordnancesurvey.co.uk/ontology/admingeo/County,East Midlands,http://data.ordnancesurvey.co.uk/id/7000000000041423,England,http://data.ordnancesurvey.co.uk/id/country/england,,,
osgb4000000015642914,http://data.ordnancesurvey.co.uk/id/4000000015642914,Church Street,,,,transportNetwork,Named Road,493443,398763,2000,20000,493427,398594,493502,398921,DN21,http://data.ordnancesurvey.co.uk/id/postcodedistrict/DN21,Kirton in Lindsey,http://data.ordnancesurvey.co.uk/id/4000000074574884,http://www.ordnancesurvey.co.uk/xml/codelists/localtype.xml#town,,,,North Lincolnshire,http://data.ordnancesurvey.co.uk/id/7000000000025623,http://data.ordnancesurvey.co.uk/ontology/admingeo/UnitaryAuthority,Yorkshire and the Humber,http://data.ordnancesurvey.co.uk/id/7000000000041430,England,http://data.ordnancesurvey.co.uk/id/country/england,,,
osgb4000000015682471,http://data.ordnancesurvey.co.uk/id/4000000015682471,The Beeches,,,,transportNetwork,Named Road,488940,380952,1000,20000,488917,380948,488960,380962,LN1,http://data.ordnancesurvey.co.uk/id/postcodedistrict/LN1,Sturton by Stow,http://data.ordnancesurvey.co.uk/id/4000000074574600,http://www.ordnancesurvey.co.uk/xml/codelists/localtype.xml#village,West Lindsey,http://data.ordnancesurvey.co.uk/id/7000000000043527,http://data.ordnancesurvey.co.uk/ontology/admingeo/District,Lincolnshire,http://data.ordnancesurvey.co.uk/id/7000000000005942,http://data.ordnancesurvey.co.uk/ontology/admingeo/County,East Midlands,http://data.ordnancesurvey.co.uk/id/7000000000041423,England,http://data.ordnancesurvey.co.uk/id/country/england,,,
osgb5000005111218738,http://data.ordnancesurvey.co.uk/id/5000005111218738,Wells Lane,,,,transportNetwork,Named Road,481784,380311,1000,20000,481711,380306,481893,380313,DN22,http://data.ordnancesurvey.co.uk/id/postcodedistrict/DN22,,,,Bassetlaw,http://data.ordnancesurvey.co.uk/id/7000000000008122,http://data.ordnancesurvey.co.uk/ontology/admingeo/District,Nottinghamshire,http://data.ordnancesurvey.co.uk/id/7000000000008127,http://data.ordnancesurvey.co.uk/ontology/admingeo/County,East Midlands,http://data.ordnancesurvey.co.uk/id/7000000000041423,England,http://data.ordnancesurvey.co.uk/id/country/england,,,
osgb4000000015642894,http://data.ordnancesurvey.co.uk/id/4000000015642894,Bunkers Hill,,,,transportNetwork,Named Road,493286,390851,2000,20000,493137,390846,493406,390852,DN21,http://data.ordnancesurvey.co.uk/id/postcodedistrict/DN21,Hemswell,http://data.ordnancesurvey.co.uk/id/4000000074574603,http://www.ordnancesurvey.co.uk/xml/codelists/localtype.xml#village,West Lindsey,http://data.ordnancesurvey.co.uk/id/7000000000043527,http://data.ordnancesurvey.co.uk/ontology/admingeo/District,Lincolnshire,http://data.ordnancesurvey.co.uk/id/7000000000005942,http://data.ordnancesurvey.co.uk/ontology/admingeo/County,East Midlands,http://data.ordnancesurvey.co.uk/id/7000000000041423,England,http://data.ordnancesurvey.co.uk/id/country/england,,,
osgb4000000015957868,http://data.ordnancesurvey.co.uk/id/4000000015957868,Heather Close,,,,transportNetwork,Named Road,482718,390383,1000,20000,482705,390354,482729,390396,DN21,http://data.ordnancesurvey.co.uk/id/postcodedistrict/DN21,Gainsborough,http://data.ordnancesurvey.co.uk/id/4000000074575425,http://www.ordnancesurvey.co.uk/xml/codelists/localtype.xml#town,West Lindsey,http://data.ordnancesurvey.co.uk/id/7000000000043527,http://data.ordnancesurvey.co.uk/ontology/admingeo/District,Lincolnshire,http://data.ordnancesurvey.co.uk/id/7000000000005942,http://data.ordnancesurvey.co.uk/ontology/admingeo/County,East Midlands,http://data.ordnancesurvey.co.uk/id/7000000000041423,England,http://data.ordnancesurvey.co.uk/id/country/england,,,
5ef96140-8b51-4d87-8c0c-dd704999130a,http://data.ordnancesurvey.co.uk/id/5ef96140-8b51-4d87-8c0c-dd704999130a,Common Lane,,,,transportNetwork,Section Of Named Road,487158,386993,1000,25000,487154,386956,487165,387009,DN21,http://data.ordnancesurvey.co.uk/id/postcodedistrict/DN21,Upton,http://data.ordnancesurvey.co.uk/id/4000000074578003,http://www.ordnancesurvey.co.uk/xml/codelists/localtype.xml#village,West Lindsey,http://data.ordnancesurvey.co.uk/id/7000000000043527,http://data.ordnancesurvey.co.uk/ontology/admingeo/District,Lincolnshire,http://data.ordnancesurvey.co.uk/id/7000000000005942,http://data.ordnancesurvey.co.uk/ontology/admingeo/County,East Midlands,http://data.ordnancesurvey.co.uk/id/7000000000041423,England,http://data.ordnancesurvey.co.uk/id/country/england,osgb4000000015627044,,
8ff856ea-97d7-43ca-b15e-f61a89014dc8,http://data.ordnancesurvey.co.uk/id/8ff856ea-97d7-43ca-b15e-f61a89014dc8,Middle Street,,,,transportNetwork,Section Of Named Road,493406,390871,3000,25000,493397,390674,493436,391119,DN21,http://data.ordnancesurvey.co.uk/id/postcodedistrict/DN21,Hemswell,http://data.ordnancesurvey.co.uk/id/4000000074574603,http://www.ordnancesurvey.co.uk/xml/codelists/localtype.xml#village,West Lindsey,http://data.ordnancesurvey.co.uk/id/7000000000043527,http://data.ordnancesurvey.co.uk/ontology/admingeo/District,Lincolnshire,http://data.ordnancesurvey.co.uk/id/7000000000005942,http://data.ordnancesurvey.co.uk/ontology/admingeo/County,East Midlands,http://data.ordnancesurvey.co.uk/id/7000000000041423,England,http://data.ordnancesurvey.co.uk/id/country/england,osgb4000000015629885,,
osgb4000000015673575,http://data.ordnancesurvey.co.uk/id/4000000015673575,Hotspur Road,,,,transportNetwork,Named Road,481114,390837,1000,20000,481105,390791,481121,390898,DN21,http://data.ordnancesurvey.co.uk/id/postcodedistrict/DN21,Gainsborough,http://data.ordnancesurvey.co.uk/id/4000000074575425,http://www.ordnancesurvey.co.uk/xml/codelists/localtype.xml#town,West Lindsey,http://data.ordnancesurvey.co.uk/id/7000000000043527,http://data.ordnancesurvey.co.uk/ontology/admingeo/District,Lincolnshire,http://data.ordnancesurvey.co.uk/id/7000000000005942,http://data.ordnancesurvey.co.uk/ontology/admingeo/County,East Midlands,http://data.ordnancesurvey.co.uk/id/7000000000041423,England,http://data.ordnancesurvey.co.uk/id/country/england,,,
osgb4000000015673587,http://data.ordnancesurvey.co.uk/id/4000000015673587,Market Place,,,,transportNetwork,Named Road,481502,389871,1000,20000,481473,389838,481509,389921,DN21,http://data.ordnancesurvey.co.uk/id/postcodedistrict/DN21,Gainsborough,http://data.ordnancesurvey.co.uk/id/4000000074575425,http://www.ordnancesurvey.co.uk/xml/codelists/localtype.xml#town,West Lindsey,http://data.ordnancesurvey.co.uk/id/7000000000043527,http://data.ordnancesurvey.co.uk/ontology/admingeo/District,Lincolnshire,http://data.ordnancesurvey.co.uk/id/7000000000005942,http://data.ordnancesurvey.co.uk/ontology/admingeo/County,East Midlands,http://data.ordnancesurvey.co.uk/id/7000000000041423,England,http://data.ordnancesurvey.co.uk/id/country/england,,,
9003377a-761d-4b9f-a1c6-86c279c4fdc2,http://data.ordnancesurvey.co.uk/id/9003377a-761d-4b9f-a1c6-86c279c4fdc2,West Syke Lane,,,,transportNetwork,Section Of Named Road,487454,380023,1000,25000,487436,380006,487490,380035,LN1,http://data.ordnancesurvey.co.uk/id/postcodedistrict/LN1,Westwoods,http://data.ordnancesurvey.co.uk/id/4000000074574599,http://www.ordnancesurvey.co.uk/xml/codelists/localtype.xml#otherSettlement,West Lindsey,http://data.ordnancesurvey.co.uk/id/7000000000043527,http://data.ordnancesurvey.co.uk/ontology/admingeo/District,Lincolnshire,http://data.ordnancesurvey.co.uk/id/7000000000005942,http://data.ordnancesurvey.co.uk/ontology/admingeo/County,East Midlands,http://data.ordnancesurvey.co.uk/id/7000000000041423,England,http://data.ordnancesurvey.co.uk/id/country/england,osgb4000000015633996,,
osgb4000000015629890,http://data.ordnancesurvey.co.uk/id/4000000015629890,Gainsborough Road,,,,transportNetwork,Named Road,492960,397535,11000,20000,492280,396432,494007,398066,DN21,http://data.ordnancesurvey.co.uk/id/postcodedistrict/DN21,,,,,,,North Lincolnshire,http://data.ordnancesurvey.co.uk/id/7000000000025623,http://data.ordnancesurvey.co.uk/ontology/admingeo/UnitaryAuthority,Yorkshire and the Humber,http://data.ordnancesurvey.co.uk/id/7000000000041430,England,http://data.ordnancesurvey.co.uk/id/country/england,,,
osgb4000000015657672,http://data.ordnancesurvey.co.uk/id/4000000015657672,Milton Road,,,,transportNetwork,Named Road,482213,390856,1000,20000,482188,390776,482221,390938,DN21,http://data.ordnancesurvey.co.uk/id/postcodedistrict/DN21,Gainsborough,http://data.ordnancesurvey.co.uk/id/4000000074575425,http://www.ordnancesurvey.co.uk/xml/codelists/localtype.xml#town,West Lindsey,http://data.ordnancesurvey.co.uk/id/7000000000043527,http://data.ordnancesurvey.co.uk/ontology/admingeo/District,Lincolnshire,http://data.ordnancesurvey.co.uk/id/7000000000005942,http://data.ordnancesurvey.co.uk/ontology/admingeo/County,East Midlands,http://data.ordnancesurvey.co.uk/id/7000000000041423,England,http://data.ordnancesurvey.co.uk/id/country/england,,,
osgb4000000015658555,http://data.ordnancesurvey.co.uk/id/4000000015658555,King Edward Street,,,,transportNetwork,Named Road,493794,398753,1000,20000,493681,398730,493870,398816,DN21,http://data.ordnancesurvey.co.uk/id/postcodedistrict/DN21,Kirton in Lindsey,http://data.ordnancesurvey.co.uk/id/4000000074574884,http://www.ordnancesurvey.co.uk/xml/codelists/localtype.xml#town,,,,North Lincolnshire,http://data.ordnancesurvey.co.uk/id/7000000000025623,http://data.ordnancesurvey.co.uk/ontology/admingeo/UnitaryAuthority,Yorkshire and the Humber,http://data.ordnancesurvey.co.uk/id/7000000000041430,England,http://data.ordnancesurvey.co.uk/id/country/england,,,
3f60bd89-90f9-4673-8cc2-03a92d2caca8,http://data.ordnancesurvey.co.uk/id/3f60bd89-90f9-4673-8cc2-03a92d2caca8,Dog Kennel Road,,,,transportNetwork,Section Of Named Road,495562,389518,1000,25000,495547,389484,495562,389576,DN21,http://data.ordnancesurvey.co.uk/id/postcodedistrict/DN21,Hemswell Cliff,http://data.ordnancesurvey.co.uk/id/4000000074574338,http://www.ordnancesurvey.co.uk/xml/codelists/localtype.xml#village,West Lindsey,http://data.ordnancesurvey.co.uk/id/7000000000043527,http://data.ordnancesurvey.co.uk/ontology/admingeo/District,Lincolnshire,http://data.ordnancesurvey.co.uk/id/7000000000005942,http://data.ordnancesurvey.co.uk/ontology/admingeo/County,East Midlands,http://data.ordnancesurvey.co.uk/id/7000000000041423,England,http://data.ordnancesurvey.co.uk/id/country/england,osgb4000000015634009,,
osgb4000000015627615,http://data.ordnancesurvey.co.uk/id/4000000015627615,The Flood Road,,,,transportNetwork,Named Road,480224,389244,17000,20000,478911,389062,481534,389352,DN21,http://data.ordnancesurvey.co.uk/id/postcodedistrict/DN21,,,,Bassetlaw,http://data.ordnancesurvey.co.uk/id/7000000000008122,http://data.ordnancesurvey.co.uk/ontology/admingeo/District,Nottinghamshire,http://data.ordnancesurvey.co.uk/id/7000000000008127,http://data.ordnancesurvey.co.uk/ontology/admingeo/County,East Midlands,http://data.ordnancesurvey.co.uk/id/7000000000041423,England,http://data.ordnancesurvey.co.uk/id/country/england,,,
osgb4000000015642450,http://data.ordnancesurvey.co.uk/id/4000000015642450,Vanessa Drive,,,,transportNetwork,Named Road,481165,391290,2000,20000,481161,391146,481269,391415,DN21,http://data.ordnancesurvey.co.uk/id/postcodedistrict/DN21,Gainsborough,http://data.ordnancesurvey.co.uk/id/4000000074575425,http://www.ordnancesurvey.co.uk/xml/codelists/localtype.xml#town,West Lindsey,http://data.ordnancesurvey.co.uk/id/7000000000043527,http://data.ordnancesurvey.co.uk/ontology/admingeo/District,Lincolnshire,http://data.ordnancesurvey.co.uk/id/7000000000005942,http://data.ordnancesurvey.co.uk/ontology/admingeo/County,East Midlands,http://data.ordnancesurvey.co.uk/id/7000000000041423,England,http://data.ordnancesurvey.co.uk/id/country/england,,,
osgb4000000015657693,http://data.ordnancesurvey.co.uk/id/4000000015657693,Caldicott Drive,,,,transportNetwork,Named Road,483477,389091,1000,20000,483433,389019,483500,389117,DN21,http://data.ordnancesurvey.co.uk/id/postcodedistrict/DN21,Gainsborough,http://data.ordnancesurvey.co.uk/id/4000000074575425,http://www.ordnancesurvey.co.uk/xml/codelists/localtype.xml#town,West Lindsey,http://data.ordnancesurvey.co.uk/id/7000000000043527,http://data.ordnancesurvey.co.uk/ontology/admingeo/District,Lincolnshire,http://data.ordnancesurvey.co.uk/id/7000000000005942,http://data.ordnancesurvey.co.uk/ontology/admingeo/County,East Midlands,http://data.ordnancesurvey.co.uk/id/7000000000041423,England,http://data.ordnancesurvey.co.uk/id/country/england,,,
osgb4000000015999413,http://data.ordnancesurvey.co.uk/id/4000000015999413,Brewster Road,,,,transportNetwork,Named Road,482923,388791,1000,20000,482829,388764,483009,388845,DN21,http://data.ordnancesurvey.co.uk/id/postcodedistrict/DN21,Gainsborough,http://data.ordnancesurvey.co.uk/id/4000000074575425,http://www.ordnancesurvey.co.uk/xml/codelists/localtype.xml#town,West Lindsey,http://data.ordnancesurvey.co.uk/id/7000000000043527,http://data.ordnancesurvey.co.uk/ontology/admingeo/District,Lincolnshire,http://data.ordnancesurvey.co.uk/id/7000000000005942,http://data.ordnancesurvey.co.uk/ontology/admingeo/County,East Midlands,http://data.ordnancesurvey.co.uk/id/7000000000041423,England,http://data.ordnancesurvey.co.uk/id/country/england,,,
osgb4000000015682097,http://data.ordnancesurvey.co.uk/id/4000000015682097,Maple Close,,,,transportNetwork,Named Road,480876,391064,1000,20000,480868,391059,480885,391097,DN21,http://data.ordnancesurvey.co.uk/id/postcodedistrict/DN21,Gainsborough,http://data.ordnancesurvey.co.uk/id/4000000074575425,http://www.ordnancesurvey.co.uk/xml/codelists/localtype.xml#town,West Lindsey,http://data.ordnancesurvey.co.uk/id/7000000000043527,http://data.ordnancesurvey.co.uk/ontology/admingeo/District,Lincolnshire,http://data.ordnancesurvey.co.uk/id/7000000000005942,http://data.ordnancesurvey.co.uk/ontology/admingeo/County,East Midlands,http://data.ordnancesurvey.co.uk/id/7000000000041423,England,http://data.ordnancesurvey.co.uk/id/country/england,,,
osgb4000000015657607,http://data.ordnancesurvey.co.uk/id/4000000015657607,Trent Street,,,,transportNetwork,Named Road,481554,389020,1000,20000,481554,389020,481708,389048,DN21,http://data.ordnancesurvey.co.uk/id/postcodedistrict/DN21,Gainsborough,http://data.ordnancesurvey.co.uk/id/4000000074575425,http://www.ordnancesurvey.co.uk/xml/codelists/localtype.xml#town,West Lindsey,http://data.ordnancesurvey.co.uk/id/7000000000043527,http://data.ordnancesurvey.co.uk/ontology/admingeo/District,Lincolnshire,http://data.ordnancesurvey.co.uk/id/7000000000005942,http://data.ordnancesurvey.co.uk/ontology/admingeo/County,East Midlands,http://data.ordnancesurvey.co.uk/id/7000000000041423,England,http://data.ordnancesurvey.co.uk/id/country/england,,,
osgb4000000015682094,http://data.ordnancesurvey.co.uk/id/4000000015682094,Cedar Close,,,,transportNetwork,Named Road,480753,391146,1000,20000,480727,391128,480780,391147,DN21,http://data.ordnancesurvey.co.uk/id/postcodedistrict/DN21,Gainsborough,http://data.ordnancesurvey.co.uk/id/4000000074575425,http://www.ordnancesurvey.co.uk/xml/codelists/localtype.xml#town,West Lindsey,http://data.ordnancesurvey.co.uk/id/7000000000043527,http://data.ordnancesurvey.co.uk/ontology/admingeo/District,Lincolnshire,http://data.ordnancesurvey.co.uk/id/7000000000005942,http://data.ordnancesurvey.co.uk/ontology/admingeo/County,East Midlands,http://data.ordnancesurvey.co.uk/id/7000000000041423,England,http://data.ordnancesurvey.co.uk/id/country/england,,,
osgb4000000015642884,http://data.ordnancesurvey.co.uk/id/4000000015642884,Grange Lane,,,,transportNetwork,Named Road,494721,383597,2000,20000,494615,383459,494908,383672,LN1,http://data.ordnancesurvey.co.uk/id/postcodedistrict/LN1,Ingham,http://data.ordnancesurvey.co.uk/id/4000000074574875,http://www.ordnancesurvey.co.uk/xml/codelists/localtype.xml#village,West Lindsey,http://data.ordnancesurvey.co.uk/id/7000000000043527,http://data.ordnancesurvey.co.uk/ontology/admingeo/District,Lincolnshire,http://data.ordnancesurvey.co.uk/id/7000000000005942,http://data.ordnancesurvey.co.uk/ontology/admingeo/County,East Midlands,http://data.ordnancesurvey.co.uk/id/7000000000041423,England,http://data.ordnancesurvey.co.uk/id/country/england,,,
osgb5000005336020008,http://data.ordnancesurvey.co.uk/id/5000005336020008,Lodge View,,,,transportNetwork,Named Road,487027,387000,1000,20000,487027,387000,487064,387012,DN21,http://data.ordnancesurvey.co.uk/id/postcodedistrict/DN21,Upton,http://data.ordnancesurvey.co.uk/id/4000000074578003,http://www.ordnancesurvey.co.uk/xml/codelists/localtype.xml#village,West Lindsey,http://data.ordnancesurvey.co.uk/id/7000000000043527,http://data.ordnancesurvey.co.uk/ontology/admingeo/District,Lincolnshire,http://data.ordnancesurvey.co.uk/id/7000000000005942,http://data.ordnancesurvey.co.uk/ontology/admingeo/County,East Midlands,http://data.ordnancesurvey.co.uk/id/7000000000041423,England,http://data.ordnancesurvey.co.uk/id/country/england,,,
osgb4000000015674504,http://data.ordnancesurvey.co.uk/id/4000000015674504,Turner Street,,,,transportNetwork,Named Road,493316,398685,1000,20000,493275,398655,493366,398703,DN21,http://data.ordnancesurvey.co.uk/id/postcodedistrict/DN21,Kirton in Lindsey,http://data.ordnancesurvey.co.uk/id/4000000074574884,http://www.ordnancesurvey.co.uk/xml/codelists/localtype.xml#town,,,,North Lincolnshire,http://data.ordnancesurvey.co.uk/id/7000000000025623,http://data.ordnancesurvey.co.uk/ontology/admingeo/UnitaryAuthority,Yorkshire and the Humber,http://data.ordnancesurvey.co.uk/id/7000000000041430,England,http://data.ordnancesurvey.co.uk/id/country/england,,,
osgb4000000071069865,http://data.ordnancesurvey.co.uk/id/4000000071069865,Curtis Walk,,,,transportNetwork,Named Road,481491,389809,1000,20000,481481,389792,481493,389838,DN21,http://data.ordnancesurvey.co.uk/id/postcodedistrict/DN21,Gainsborough,http://data.ordnancesurvey.co.uk/id/4000000074575425,http://www.ordnancesurvey.co.uk/xml/codelists/localtype.xml#town,West Lindsey,http://data.ordnancesurvey.co.uk/id/7000000000043527,http://data.ordnancesurvey.co.uk/ontology/admingeo/District,Lincolnshire,http://data.ordnancesurvey.co.uk/id/7000000000005942,http://data.ordnancesurvey.co.uk/ontology/admingeo/County,East Midlands,http://data.ordnancesurvey.co.uk/id/7000000000041423,England,http://data.ordnancesurvey.co.uk/id/country/england,,,
osgb5000005336322885,http://data.ordnancesurvey.co.uk/id/5000005336322885,Harold Brace Road,,,,transportNetwork,Named Road,482264,388354,1000,20000,482217,388323,482294,388360,DN21,http://data.ordnancesurvey.co.uk/id/postcodedistrict/DN21,Gainsborough,http://data.ordnancesurvey.co.uk/id/4000000074575425,http://www.ordnancesurvey.co.uk/xml/codelists/localtype.xml#town,West Lindsey,http://data.ordnancesurvey.co.uk/id/7000000000043527,http://data.ordnancesurvey.co.uk/ontology/admingeo/District,Lincolnshire,http://data.ordnancesurvey.co.uk/id/7000000000005942,http://data.ordnancesurvey.co.uk/ontology/admingeo/County,East Midlands,http://data.ordnancesurvey.co.uk/id/7000000000041423,England,http://data.ordnancesurvey.co.uk/id/country/england,,,
c5b7b847-ecaa-4861-b2ca-262ee2524eba,http://data.ordnancesurvey.co.uk/id/c5b7b847-ecaa-4861-b2ca-262ee2524eba,High Street,,,,transportNetwork,Section Of Named Road,486943,386344,1000,25000,486943,386340,486946,386344,DN21,http://data.ordnancesurvey.co.uk/id/postcodedistrict/DN21,Upton,http://data.ordnancesurvey.co.uk/id/4000000074578003,http://www.ordnancesurvey.co.uk/xml/codelists/localtype.xml#village,West Lindsey,http://data.ordnancesurvey.co.uk/id/7000000000043527,http://data.ordnancesurvey.co.uk/ontology/admingeo/District,Lincolnshire,http://data.ordnancesurvey.co.uk/id/7000000000005942,http://data.ordnancesurvey.co.uk/ontology/admingeo/County,East Midlands,http://data.ordnancesurvey.co.uk/id/7000000000041423,England,http://data.ordnancesurvey.co.uk/id/country/england,osgb4000000015633786,,
osgb5000005302089853,http://data.ordnancesurvey.co.uk/id/5000005302089853,Steep Hill,,,,transportNetwork,Named Road,493689,398604,1000,20000,493671,398594,493693,398606,DN21,http://data.ordnancesurvey.co.uk/id/postcodedistrict/DN21,Kirton in Lindsey,http://data.ordnancesurvey.co.uk/id/4000000074574884,http://www.ordnancesurvey.co.uk/xml/codelists/localtype.xml#town,,,,North Lincolnshire,http://data.ordnancesurvey.co.uk/id/7000000000025623,http://data.ordnancesurvey.co.uk/ontology/admingeo/UnitaryAuthority,Yorkshire and the Humber,http://data.ordnancesurvey.co.uk/id/7000000000041430,England,http://data.ordnancesurvey.co.uk/id/country/england,,,
osgb4000000015673655,http://data.ordnancesurvey.co.uk/id/4000000015673655,Saxon Court,,,,transportNetwork,Named Road,485418,394809,1000,20000,485384,394781,485450,394828,DN21,http://data.ordnancesurvey.co.uk/id/postcodedistrict/DN21,Blyton,http://data.ordnancesurvey.co.uk/id/4000000074575429,http://www.ordnancesurvey.co.uk/xml/codelists/localtype.xml#village,West Lindsey,http://data.ordnancesurvey.co.uk/id/7000000000043527,http://data.ordnancesurvey.co.uk/ontology/admingeo/District,Lincolnshire,http://data.ordnancesurvey.co.uk/id/7000000000005942,http://data.ordnancesurvey.co.uk/ontology/admingeo/County,East Midlands,http://data.ordnancesurvey.co.uk/id/7000000000041423,England,http://data.ordnancesurvey.co.uk/id/country/england,,,
e0651e25-f751-4a71-9729-ea1f10361e1c,http://data.ordnancesurvey.co.uk/id/e0651e25-f751-4a71-9729-ea1f10361e1c,Pilham Lane,,,,transportNetwork,Section Of Named Road,486193,393860,2000,25000,486161,393661,486230,393999,DN21,http://data.ordnancesurvey.co.uk/id/postcodedistrict/DN21,Pilham,http://data.ordnancesurvey.co.uk/id/4000000074575428,http://www.ordnancesurvey.co.uk/xml/codelists/localtype.xml#hamlet,West Lindsey,http://data.ordnancesurvey.co.uk/id/7000000000043527,http://data.ordnancesurvey.co.uk/ontology/admingeo/District,Lincolnshire,http://data.ordnancesurvey.co.uk/id/7000000000005942,http://data.ordnancesurvey.co.uk/ontology/admingeo/County,East Midlands,http://data.ordnancesurvey.co.uk/id/7000000000041423,England,http://data.ordnancesurvey.co.uk/id/country/england,osgb4000000015627619,,
osgb4000000015629877,http://data.ordnancesurvey.co.uk/id/4000000015629877,Normanby Road,,,,transportNetwork,Named Road,488299,382576,8000,20000,488097,381949,488329,383201,DN21,http://data.ordnancesurvey.co.uk/id/postcodedistrict/DN21,,,,West Lindsey,http://data.ordnancesurvey.co.uk/id/7000000000043527,http://data.ordnancesurvey.co.uk/ontology/admingeo/District,Lincolnshire,http://data.ordnancesurvey.co.uk/id/7000000000005942,http://data.ordnancesurvey.co.uk/ontology/admingeo/County,East Midlands,http://data.ordnancesurvey.co.uk/id/7000000000041423,England,http://data.ordnancesurvey.co.uk/id/country/england,,,
osgb4000000015845189,http://data.ordnancesurvey.co.uk/id/4000000015845189,Rectory Lea,,,,transportNetwork,Named Road,494711,385794,1000,20000,494661,385722,494743,385830,DN21,http://data.ordnancesurvey.co.uk/id/postcodedistrict/DN21,Fillingham,http://data.ordnancesurvey.co.uk/id/4000000074574877,http://www.ordnancesurvey.co.uk/xml/codelists/localtype.xml#village,West Lindsey,http://data.ordnancesurvey.co.uk/id/7000000000043527,http://data.ordnancesurvey.co.uk/ontology/admingeo/District,Lincolnshire,http://data.ordnancesurvey.co.uk/id/7000000000005942,http://data.ordnancesurvey.co.uk/ontology/admingeo/County,East Midlands,http://data.ordnancesurvey.co.uk/id/7000000000041423,England,http://data.ordnancesurvey.co.uk/id/country/england,,,
osgb4000000015657035,http://data.ordnancesurvey.co.uk/id/4000000015657035,Westgate,,,,transportNetwork,Named Road,487230,385882,1000,20000,487106,385842,487317,385898,DN21,http://data.ordnancesurvey.co.uk/id/postcodedistrict/DN21,Kexby,http://data.ordnancesurvey.co.uk/id/4000000074577769,http://www.ordnancesurvey.co.uk/xml/codelists/localtype.xml#village,West Lindsey,http://data.ordnancesurvey.co.uk/id/7000000000043527,http://data.ordnancesurvey.co.uk/ontology/admingeo/District,Lincolnshire,http://data.ordnancesurvey.co.uk/id/7000000000005942,http://data.ordnancesurvey.co.uk/ontology/admingeo/County,East Midlands,http://data.ordnancesurvey.co.uk/id/7000000000041423,England,http://data.ordnancesurvey.co.uk/id/country/england,,,
osgb4000000015657636,http://data.ordnancesurvey.co.uk/id/4000000015657636,Noel Street,,,,transportNetwork,Named Road,481083,390832,1000,20000,481031,390824,481114,390837,DN21,http://data.ordnancesurvey.co.uk/id/postcodedistrict/DN21,Gainsborough,http://data.ordnancesurvey.co.uk/id/4000000074575425,http://www.ordnancesurvey.co.uk/xml/codelists/localtype.xml#town,West Lindsey,http://data.ordnancesurvey.co.uk/id/7000000000043527,http://data.ordnancesurvey.co.uk/ontology/admingeo/District,Lincolnshire,http://data.ordnancesurvey.co.uk/id/7000000000005942,http://data.ordnancesurvey.co.uk/ontology/admingeo/County,East Midlands,http://data.ordnancesurvey.co.uk/id/7000000000041423,England,http://data.ordnancesurvey.co.uk/id/country/england,,,
osgb4000000015709562,http://data.ordnancesurvey.co.uk/id/4000000015709562,Lansdall Avenue,,,,transportNetwork,Named Road,482532,387159,1000,20000,482474,387073,482569,387236,DN21,http://data.ordnancesurvey.co.uk/id/postcodedistrict/DN21,Lea,http://data.ordnancesurvey.co.uk/id/4000000074578253,http://www.ordnancesurvey.co.uk/xml/codelists/localtype.xml#village,West Lindsey,http://data.ordnancesurvey.co.uk/id/7000000000043527,http://data.ordnancesurvey.co.uk/ontology/admingeo/District,Lincolnshire,http://data.ordnancesurvey.co.uk/id/7000000000005942,http://data.ordnancesurvey.co.uk/ontology/admingeo/County,East Midlands,http://data.ordnancesurvey.co.uk/id/7000000000041423,England,http://data.ordnancesurvey.co.uk/id/country/england,,,
osgb5000005325125665,http://data.ordnancesurvey.co.uk/id/5000005325125665,Thane Close,,,,transportNetwork,Named Road,481948,390973,1000,20000,481947,390908,481971,391018,DN21,http://data.ordnancesurvey.co.uk/id/postcodedistrict/DN21,Gainsborough,http://data.ordnancesurvey.co.uk/id/4000000074575425,http://www.ordnancesurvey.co.uk/xml/codelists/localtype.xml#town,West Lindsey,http://data.ordnancesurvey.co.uk/id/7000000000043527,http://data.ordnancesurvey.co.uk/ontology/admingeo/District,Lincolnshire,http://data.ordnancesurvey.co.uk/id/7000000000005942,http://data.ordnancesurvey.co.uk/ontology/admingeo/County,East Midlands,http://data.ordnancesurvey.co.uk/id/7000000000041423,England,http://data.ordnancesurvey.co.uk/id/country/england,,,
460d9c2d-e6d3-498e-a387-53a6d9848601,http://data.ordnancesurvey.co.uk/id/460d9c2d-e6d3-498e-a387-53a6d9848601,Northfield Lane,,,,transportNetwork,Section Of Named Road,492930,393323,1000,25000,492843,393306,493031,393353,DN21,http://data.ordnancesurvey.co.uk/id/postcodedistrict/DN21,Willoughton,http://data.ordnancesurvey.co.uk/id/4000000074574604,http://www.ordnancesurvey.co.uk/xml/codelists/localtype.xml#village,West Lindsey,http://data.ordnancesurvey.co.uk/id/7000000000043527,http://data.ordnancesurvey.co.uk/ontology/admingeo/District,Lincolnshire,http://data.ordnancesurvey.co.uk/id/7000000000005942,http://data.ordnancesurvey.co.uk/ontology/admingeo/County,East Midlands,http://data.ordnancesurvey.co.uk/id/7000000000041423,England,http://data.ordnancesurvey.co.uk/id/country/england,osgb4000000015627695,,
osgb4000000015657667,http://data.ordnancesurvey.co.uk/id/4000000015657667,Lime Tree Avenue,,,,transportNetwork,Named Road,481930,390465,2000,20000,481777,390415,482061,390493,DN21,http://data.ordnancesurvey.co.uk/id/postcodedistrict/DN21,Gainsborough,http://data.ordnancesurvey.co.uk/id/4000000074575425,http://www.ordnancesurvey.co.uk/xml/codelists/localtype.xml#town,West Lindsey,http://data.ordnancesurvey.co.uk/id/7000000000043527,http://data.ordnancesurvey.co.uk/ontology/admingeo/District,Lincolnshire,http://data.ordnancesurvey.co.uk/id/7000000000005942,http://data.ordnancesurvey.co.uk/ontology/admingeo/County,East Midlands,http://data.ordnancesurvey.co.uk/id/7000000000041423,England,http://data.ordnancesurvey.co.uk/id/country/england,,,
osgb4000000015657640,http://data.ordnancesurvey.co.uk/id/4000000015657640,Market Street,,,,transportNetwork,Named Road,481560,389918,1000,20000,481509,389918,481646,389926,DN21,http://data.ordnancesurvey.co.uk/id/postcodedistrict/DN21,Gainsborough,http://data.ordnancesurvey.co.uk/id/4000000074575425,http://www.ordnancesurvey.co.uk/xml/codelists/localtype.xml#town,West Lindsey,http://data.ordnancesurvey.co.uk/id/7000000000043527,http://data.ordnancesurvey.co.uk/ontology/admingeo/District,Lincolnshire,http://data.ordnancesurvey.co.uk/id/7000000000005942,http://data.ordnancesurvey.co.uk/ontology/admingeo/County,East Midlands,http://data.ordnancesurvey.co.uk/id/7000000000041423,England,http://data.ordnancesurvey.co.uk/id/country/england,,,
44d3b858-1aab-4801-aa57-91fbaeb9e4be,http://data.ordnancesurvey.co.uk/id/44d3b858-1aab-4801-aa57-91fbaeb9e4be,Heapham Lane,,,,transportNetwork,Section Of Named Road,488157,388710,1000,25000,488144,388639,488167,388739,DN21,http://data.ordnancesurvey.co.uk/id/postcodedistrict/DN21,Heapham,http://data.ordnancesurvey.co.uk/id/4000000074574601,http://www.ordnancesurvey.co.uk/xml/codelists/localtype.xml#village,West Lindsey,http://data.ordnancesurvey.co.uk/id/7000000000043527,http://data.ordnancesurvey.co.uk/ontology/admingeo/District,Lincolnshire,http://data.ordnancesurvey.co.uk/id/7000000000005942,http://data.ordnancesurvey.co.uk/ontology/admingeo/County,East Midlands,http://data.ordnancesurvey.co.uk/id/7000000000041423,England,http://data.ordnancesurvey.co.uk/id/country/england,osgb4000000015674487,,
osgb4000000015657682,http://data.ordnancesurvey.co.uk/id/4000000015657682,Meadow Rise,,,,transportNetwork,Named Road,483143,386803,1000,20000,483092,386714,483195,386879,DN21,http://data.ordnancesurvey.co.uk/id/postcodedistrict/DN21,Lea,http://data.ordnancesurvey.co.uk/id/4000000074578253,http://www.ordnancesurvey.co.uk/xml/codelists/localtype.xml#village,West Lindsey,http://data.ordnancesurvey.co.uk/id/7000000000043527,http://data.ordnancesurvey.co.uk/ontology/admingeo/District,Lincolnshire,http://data.ordnancesurvey.co.uk/id/7000000000005942,http://data.ordnancesurvey.co.uk/ontology/admingeo/County,East Midlands,http://data.ordnancesurvey.co.uk/id/7000000000041423,England,http://data.ordnancesurvey.co.uk/id/country/england,,,
osgb4000000015709564,http://data.ordnancesurvey.co.uk/id/4000000015709564,Florence Terrace,,,,transportNetwork,Named Road,481774,389458,1000,20000,481735,389454,481805,389478,DN21,http://data.ordnancesurvey.co.uk/id/postcodedistrict/DN21,Gainsborough,http://data.ordnancesurvey.co.uk/id/4000000074575425,http://www.ordnancesurvey.co.uk/xml/codelists/localtype.xml#town,West Lindsey,http://data.ordnancesurvey.co.uk/id/7000000000043527,http://data.ordnancesurvey.co.uk/ontology/admingeo/District,Lincolnshire,http://data.ordnancesurvey.co.uk/id/7000000000005942,http://data.ordnancesurvey.co.uk/ontology/admingeo/County,East Midlands,http://data.ordnancesurvey.co.uk/id/7000000000041423,England,http://data.ordnancesurvey.co.uk/id/country/england,,,
osgb4000000015682095,http://data.ordnancesurvey.co.uk/id/4000000015682095,Bracken Close,,,,transportNetwork,Named Road,480746,391203,1000,20000,480726,391189,480778,391205,DN21,http://data.ordnancesurvey.co.uk/id/postcodedistrict/DN21,Gainsborough,http://data.ordnancesurvey.co.uk/id/4000000074575425,http://www.ordnancesurvey.co.uk/xml/codelists/localtype.xml#town,West Lindsey,http://data.ordnancesurvey.co.uk/id/7000000000043527,http://data.ordnancesurvey.co.uk/ontology/admingeo/District,Lincolnshire,http://data.ordnancesurvey.co.uk/id/7000000000005942,http://data.ordnancesurvey.co.uk/ontology/admingeo/County,East Midlands,http://data.ordnancesurvey.co.uk/id/7000000000041423,England,http://data.ordnancesurvey.co.uk/id/country/england,,,
osgb4000000015682467,http://data.ordnancesurvey.co.uk/id/4000000015682467,Village Farm Drive,,,,transportNetwork,Named Road,488897,380433,1000,20000,488890,380405,488916,380434,LN1,http://data.ordnancesurvey.co.uk/id/postcodedistrict/LN1,Sturton by Stow,http://data.ordnancesurvey.co.uk/id/4000000074574600,http://www.ordnancesurvey.co.uk/xml/codelists/localtype.xml#village,West Lindsey,http://data.ordnancesurvey.co.uk/id/7000000000043527,http://data.ordnancesurvey.co.uk/ontology/admingeo/District,Lincolnshire,http://data.ordnancesurvey.co.uk/id/7000000000005942,http://data.ordnancesurvey.co.uk/ontology/admingeo/County,East Midlands,http://data.ordnancesurvey.co.uk/id/7000000000041423,England,http://data.ordnancesurvey.co.uk/id/country/england,,,
osgb4000000015657637,http://data.ordnancesurvey.co.uk/id/4000000015657637,Beaumont Street,,,,transportNetwork,Named Road,481676,389851,1000,20000,481646,389773,481693,389925,DN21,http://data.ordnancesurvey.co.uk/id/postcodedistrict/DN21,Gainsborough,http://data.ordnancesurvey.co.uk/id/4000000074575425,http://www.ordnancesurvey.co.uk/xml/codelists/localtype.xml#town,West Lindsey,http://data.ordnancesurvey.co.uk/id/7000000000043527,http://data.ordnancesurvey.co.uk/ontology/admingeo/District,Lincolnshire,http://data.ordnancesurvey.co.uk/id/7000000000005942,http://data.ordnancesurvey.co.uk/ontology/admingeo/County,East Midlands,http://data.ordnancesurvey.co.uk/id/7000000000041423,England,http://data.ordnancesurvey.co.uk/id/country/england,,,
ea551935-c0eb-482f-8c27-1d7482dd30ca,http://data.ordnancesurvey.co.uk/id/ea551935-c0eb-482f-8c27-1d7482dd30ca,Church Road,,,,transportNetwork,Section Of Named Road,488200,382118,2000,25000,488152,381935,488231,382309,LN1,http://data.ordnancesurvey.co.uk/id/postcodedistrict/LN1,Stow,http://data.ordnancesurvey.co.uk/id/4000000074574878,http://www.ordnancesurvey.co.uk/xml/codelists/localtype.xml#village,West Lindsey,http://data.ordnancesurvey.co.uk/id/7000000000043527,http://data.ordnancesurvey.co.uk/ontology/admingeo/District,Lincolnshire,http://data.ordnancesurvey.co.uk/id/7000000000005942,http://data.ordnancesurvey.co.uk/ontology/admingeo/County,East Midlands,http://data.ordnancesurvey.co.uk/id/7000000000041423,England,http://data.ordnancesurvey.co.uk/id/country/england,osgb4000000015634002,,
osgb4000000016024569,http://data.ordnancesurvey.co.uk/id/4000000016024569,Richardson Rise,,,,transportNetwork,Named Road,482674,389116,1000,20000,482601,389110,482743,389130,DN21,http://data.ordnancesurvey.co.uk/id/postcodedistrict/DN21,Gainsborough,http://data.ordnancesurvey.co.uk/id/4000000074575425,http://www.ordnancesurvey.co.uk/xml/codelists/localtype.xml#town,West Lindsey,http://data.ordnancesurvey.co.uk/id/7000000000043527,http://data.ordnancesurvey.co.uk/ontology/admingeo/District,Lincolnshire,http://data.ordnancesurvey.co.uk/id/7000000000005942,http://data.ordnancesurvey.co.uk/ontology/admingeo/County,East Midlands,http://data.ordnancesurvey.co.uk/id/7000000000041423,England,http://data.ordnancesurvey.co.uk/id/country/england,,,
osgb5000005100383633,http://data.ordnancesurvey.co.uk/id/5000005100383633,Pinter Lane,,,,transportNetwork,Named Road,483007,388730,1000,20000,482970,388636,483017,388835,DN21,http://data.ordnancesurvey.co.uk/id/postcodedistrict/DN21,Gainsborough,http://data.ordnancesurvey.co.uk/id/4000000074575425,http://www.ordnancesurvey.co.uk/xml/codelists/localtype.xml#town,West Lindsey,http://data.ordnancesurvey.co.uk/id/7000000000043527,http://data.ordnancesurvey.co.uk/ontology/admingeo/District,Lincolnshire,http://data.ordnancesurvey.co.uk/id/7000000000005942,http://data.ordnancesurvey.co.uk/ontology/admingeo/County,East Midlands,http://data.ordnancesurvey.co.uk/id/7000000000041423,England,http://data.ordnancesurvey.co.uk/id/country/england,,,
osgb4000000015658535,http://data.ordnancesurvey.co.uk/id/4000000015658535,Main Street,,,,transportNetwork,Named Road,498393,392610,2000,20000,498382,392470,498431,392719,LN8,http://data.ordnancesurvey.co.uk/id/postcodedistrict/LN8,Bishop Norton,http://data.ordnancesurvey.co.uk/id/4000000074574339,http://www.ordnancesurvey.co.uk/xml/codelists/localtype.xml#village,West Lindsey,http://data.ordnancesurvey.co.uk/id/7000000000043527,http://data.ordnancesurvey.co.uk/ontology/admingeo/District,Lincolnshire,http://data.ordnancesurvey.co.uk/id/7000000000005942,http://data.ordnancesurvey.co.uk/ontology/admingeo/County,East Midlands,http://data.ordnancesurvey.co.uk/id/7000000000041423,England,http://data.ordnancesurvey.co.uk/id/country/england,,,
osgb4000000015672938,http://data.ordnancesurvey.co.uk/id/4000000015672938,Harpham Road,,,,transportNetwork,Named Road,483736,382080,1000,20000,483729,382033,483745,382105,DN21,http://data.ordnancesurvey.co.uk/id/postcodedistrict/DN21,Marton,http://data.ordnancesurvey.co.uk/id/4000000074577537,http://www.ordnancesurvey.co.uk/xml/codelists/localtype.xml#village,West Lindsey,http://data.ordnancesurvey.co.uk/id/7000000000043527,http://data.ordnancesurvey.co.uk/ontology/admingeo/District,Lincolnshire,http://data.ordnancesurvey.co.uk/id/7000000000005942,http://data.ordnancesurvey.co.uk/ontology/admingeo/County,East Midlands,http://data.ordnancesurvey.co.uk/id/7000000000041423,England,http://data.ordnancesurvey.co.uk/id/country/england,,,
osgb5000005293761117,http://data.ordnancesurvey.co.uk/id/5000005293761117,Parkside Way,,,,transportNetwork,Named Road,482711,388519,3000,20000,482452,388468,482915,388593,DN21,http://data.ordnancesurvey.co.uk/id/postcodedistrict/DN21,Gainsborough,http://data.ordnancesurvey.co.uk/id/4000000074575425,http://www.ordnancesurvey.co.uk/xml/codelists/localtype.xml#town,West Lindsey,http://data.ordnancesurvey.co.uk/id/7000000000043527,http://data.ordnancesurvey.co.uk/ontology/admingeo/District,Lincolnshire,http://data.ordnancesurvey.co.uk/id/7000000000005942,http://data.ordnancesurvey.co.uk/ontology/admingeo/County,East Midlands,http://data.ordnancesurvey.co.uk/id/7000000000041423,England,http://data.ordnancesurvey.co.uk/id/country/england,,,
osgb5000005258105745,http://data.ordnancesurvey.co.uk/id/5000005258105745,Heynings Court,,,,transportNetwork,Named Road,484096,385594,1000,20000,484084,385561,484122,385630,DN21,http://data.ordnancesurvey.co.uk/id/postcodedistrict/DN21,Knaith Park,http://data.ordnancesurvey.co.uk/id/4000000074813593,http://www.ordnancesurvey.co.uk/xml/codelists/localtype.xml#village,West Lindsey,http://data.ordnancesurvey.co.uk/id/7000000000043527,http://data.ordnancesurvey.co.uk/ontology/admingeo/District,Lincolnshire,http://data.ordnancesurvey.co.uk/id/7000000000005942,http://data.ordnancesurvey.co.uk/ontology/admingeo/County,East Midlands,http://data.ordnancesurvey.co.uk/id/7000000000041423,England,http://data.ordnancesurvey.co.uk/id/country/england,,,
osgb4000000015658552,http://data.ordnancesurvey.co.uk/id/4000000015658552,Bircham Crescent,,,,transportNetwork,Named Road,494666,397944,1000,20000,494528,397856,494719,398082,DN21,http://data.ordnancesurvey.co.uk/id/postcodedistrict/DN21,Kirton in Lindsey,http://data.ordnancesurvey.co.uk/id/4000000074574884,http://www.ordnancesurvey.co.uk/xml/codelists/localtype.xml#town,,,,North Lincolnshire,http://data.ordnancesurvey.co.uk/id/7000000000025623,http://data.ordnancesurvey.co.uk/ontology/admingeo/UnitaryAuthority,Yorkshire and the Humber,http://data.ordnancesurvey.co.uk/id/7000000000041430,England,http://data.ordnancesurvey.co.uk/id/country/england,,,
4ca3a995-3c7f-4de2-94ff-cf1c479c758e,http://data.ordnancesurvey.co.uk/id/4ca3a995-3c7f-4de2-94ff-cf1c479c758e,High Street,,,,transportNetwork,Section Of Named Road,481483,399686,4000,25000,481456,399441,481575,399987,DN21,http://data.ordnancesurvey.co.uk/id/postcodedistrict/DN21,East Ferry,http://data.ordnancesurvey.co.uk/id/4000000074575723,http://www.ordnancesurvey.co.uk/xml/codelists/localtype.xml#village,West Lindsey,http://data.ordnancesurvey.co.uk/id/7000000000043527,http://data.ordnancesurvey.co.uk/ontology/admingeo/District,Lincolnshire,http://data.ordnancesurvey.co.uk/id/7000000000005942,http://data.ordnancesurvey.co.uk/ontology/admingeo/County,East Midlands,http://data.ordnancesurvey.co.uk/id/7000000000041423,England,http://data.ordnancesurvey.co.uk/id/country/england,osgb4000000010932254,,
e63b2eea-92a9-49f3-8810-f8bf50d3d327,http://data.ordnancesurvey.co.uk/id/e63b2eea-92a9-49f3-8810-f8bf50d3d327,High Street,,,,transportNetwork,Section Of Named Road,498348,395480,1000,25000,498335,395433,498361,395529,DN21,http://data.ordnancesurvey.co.uk/id/postcodedistrict/DN21,Waddingham,http://data.ordnancesurvey.co.uk/id/4000000074574880,http://www.ordnancesurvey.co.uk/xml/codelists/localtype.xml#village,West Lindsey,http://data.ordnancesurvey.co.uk/id/7000000000043527,http://data.ordnancesurvey.co.uk/ontology/admingeo/District,Lincolnshire,http://data.ordnancesurvey.co.uk/id/7000000000005942,http://data.ordnancesurvey.co.uk/ontology/admingeo/County,East Midlands,http://data.ordnancesurvey.co.uk/id/7000000000041423,England,http://data.ordnancesurvey.co.uk/id/country/england,osgb4000000015801560,,
osgb4000000015682090,http://data.ordnancesurvey.co.uk/id/4000000015682090,Aspen Court,,,,transportNetwork,Named Road,482529,390537,1000,20000,482518,390529,482565,390549,DN21,http://data.ordnancesurvey.co.uk/id/postcodedistrict/DN21,Gainsborough,http://data.ordnancesurvey.co.uk/id/4000000074575425,http://www.ordnancesurvey.co.uk/xml/codelists/localtype.xml#town,West Lindsey,http://data.ordnancesurvey.co.uk/id/7000000000043527,http://data.ordnancesurvey.co.uk/ontology/admingeo/District,Lincolnshire,http://data.ordnancesurvey.co.uk/id/7000000000005942,http://data.ordnancesurvey.co.uk/ontology/admingeo/County,East Midlands,http://data.ordnancesurvey.co.uk/id/7000000000041423,England,http://data.ordnancesurvey.co.uk/id/country/england,,,
osgb4000000015657708,http://data.ordnancesurvey.co.uk/id/4000000015657708,Beaufort Street,,,,transportNetwork,Named Road,481000,391042,1000,20000,480972,391037,481075,391053,DN21,http://data.ordnancesurvey.co.uk/id/postcodedistrict/DN21,Gainsborough,http://data.ordnancesurvey.co.uk/id/4000000074575425,http://www.ordnancesurvey.co.uk/xml/codelists/localtype.xml#town,West Lindsey,http://data.ordnancesurvey.co.uk/id/7000000000043527,http://data.ordnancesurvey.co.uk/ontology/admingeo/District,Lincolnshire,http://data.ordnancesurvey.co.uk/id/7000000000005942,http://data.ordnancesurvey.co.uk/ontology/admingeo/County,East Midlands,http://data.ordnancesurvey.co.uk/id/7000000000041423,England,http://data.ordnancesurvey.co.uk/id/country/england,,,
osgb4000000015658518,http://data.ordnancesurvey.co.uk/id/4000000015658518,High Street,,,,transportNetwork,Named Road,494821,383480,2000,20000,494697,383457,494942,383503,LN1,http://data.ordnancesurvey.co.uk/id/postcodedistrict/LN1,Ingham,http://data.ordnancesurvey.co.uk/id/4000000074574875,http://www.ordnancesurvey.co.uk/xml/codelists/localtype.xml#village,West Lindsey,http://data.ordnancesurvey.co.uk/id/7000000000043527,http://data.ordnancesurvey.co.uk/ontology/admingeo/District,Lincolnshire,http://data.ordnancesurvey.co.uk/id/7000000000005942,http://data.ordnancesurvey.co.uk/ontology/admingeo/County,East Midlands,http://data.ordnancesurvey.co.uk/id/7000000000041423,England,http://data.ordnancesurvey.co.uk/id/country/england,,,
osgb4000000015673576,http://data.ordnancesurvey.co.uk/id/4000000015673576,North Street,,,,transportNetwork,Named Road,481521,390152,3000,20000,481418,389925,481646,390379,DN21,http://data.ordnancesurvey.co.uk/id/postcodedistrict/DN21,Gainsborough,http://data.ordnancesurvey.co.uk/id/4000000074575425,http://www.ordnancesurvey.co.uk/xml/codelists/localtype.xml#town,West Lindsey,http://data.ordnancesurvey.co.uk/id/7000000000043527,http://data.ordnancesurvey.co.uk/ontology/admingeo/District,Lincolnshire,http://data.ordnancesurvey.co.uk/id/7000000000005942,http://data.ordnancesurvey.co.uk/ontology/admingeo/County,East Midlands,http://data.ordnancesurvey.co.uk/id/7000000000041423,England,http://data.ordnancesurvey.co.uk/id/country/england,,,
7eebae58-fd3f-4e89-9e1a-d49ec710d622,http://data.ordnancesurvey.co.uk/id/7eebae58-fd3f-4e89-9e1a-d49ec710d622,Hanover Hill,,,,transportNetwork,Section Of Named Road,494816,387933,1000,25000,494787,387922,494820,387934,DN21,http://data.ordnancesurvey.co.uk/id/postcodedistrict/DN21,Glentworth,http://data.ordnancesurvey.co.uk/id/4000000074574337,http://www.ordnancesurvey.co.uk/xml/codelists/localtype.xml#village,West Lindsey,http://data.ordnancesurvey.co.uk/id/7000000000043527,http://data.ordnancesurvey.co.uk/ontology/admingeo/District,Lincolnshire,http://data.ordnancesurvey.co.uk/id/7000000000005942,http://data.ordnancesurvey.co.uk/ontology/admingeo/County,East Midlands,http://data.ordnancesurvey.co.uk/id/7000000000041423,England,http://data.ordnancesurvey.co.uk/id/country/england,osgb4000000015642889,,
dbbcb59b-8c00-40bd-affd-04b58e1addde,http://data.ordnancesurvey.co.uk/id/dbbcb59b-8c00-40bd-affd-04b58e1addde,Cow Lane,,,,transportNetwork,Section Of Named Road,487120,386934,1000,25000,487032,386913,487182,386964,DN21,http://data.ordnancesurvey.co.uk/id/postcodedistrict/DN21,Upton,http://data.ordnancesurvey.co.uk/id/4000000074578003,http://www.ordnancesurvey.co.uk/xml/codelists/localtype.xml#village,West Lindsey,http://data.ordnancesurvey.co.uk/id/7000000000043527,http://data.ordnancesurvey.co.uk/ontology/admingeo/District,Lincolnshire,http://data.ordnancesurvey.co.uk/id/7000000000005942,http://data.ordnancesurvey.co.uk/ontology/admingeo/County,East Midlands,http://data.ordnancesurvey.co.uk/id/7000000000041423,England,http://data.ordnancesurvey.co.uk/id/country/england,osgb4000000015627689,,
osgb4000000015629625,http://data.ordnancesurvey.co.uk/id/4000000015629625,Clay Lane,,,,transportNetwork,Named Road,484512,382810,9000,20000,483773,382576,485168,383266,DN21,http://data.ordnancesurvey.co.uk/id/postcodedistrict/DN21,,,,West Lindsey,http://data.ordnancesurvey.co.uk/id/7000000000043527,http://data.ordnancesurvey.co.uk/ontology/admingeo/District,Lincolnshire,http://data.ordnancesurvey.co.uk/id/7000000000005942,http://data.ordnancesurvey.co.uk/ontology/admingeo/County,East Midlands,http://data.ordnancesurvey.co.uk/id/7000000000041423,England,http://data.ordnancesurvey.co.uk/id/country/england,,,
osgb5000005325125663,http://data.ordnancesurvey.co.uk/id/5000005325125663,Viking Drive,,,,transportNetwork,Named Road,481953,391022,1000,20000,481859,390945,482023,391074,DN21,http://data.ordnancesurvey.co.uk/id/postcodedistrict/DN21,Gainsborough,http://data.ordnancesurvey.co.uk/id/4000000074575425,http://www.ordnancesurvey.co.uk/xml/codelists/localtype.xml#town,West Lindsey,http://data.ordnancesurvey.co.uk/id/7000000000043527,http://data.ordnancesurvey.co.uk/ontology/admingeo/District,Lincolnshire,http://data.ordnancesurvey.co.uk/id/7000000000005942,http://data.ordnancesurvey.co.uk/ontology/admingeo/County,East Midlands,http://data.ordnancesurvey.co.uk/id/7000000000041423,England,http://data.ordnancesurvey.co.uk/id/country/england,,,
a983a76f-3d2c-4d37-8b9e-879b035bed29,http://data.ordnancesurvey.co.uk/id/a983a76f-3d2c-4d37-8b9e-879b035bed29,School Lane,,,,transportNetwork,Section Of Named Road,495002,381020,1000,25000,494888,381020,495107,381034,LN1,http://data.ordnancesurvey.co.uk/id/postcodedistrict/LN1,Brattleby,http://data.ordnancesurvey.co.uk/id/4000000074574334,http://www.ordnancesurvey.co.uk/xml/codelists/localtype.xml#village,West Lindsey,http://data.ordnancesurvey.co.uk/id/7000000000043527,http://data.ordnancesurvey.co.uk/ontology/admingeo/District,Lincolnshire,http://data.ordnancesurvey.co.uk/id/7000000000005942,http://data.ordnancesurvey.co.uk/ontology/admingeo/County,East Midlands,http://data.ordnancesurvey.co.uk/id/7000000000041423,England,http://data.ordnancesurvey.co.uk/id/country/england,osgb4000000016019576,,
osgb4000000015673577,http://data.ordnancesurvey.co.uk/id/4000000015673577,Roseway,,,,transportNetwork,Named Road,481543,390027,1000,20000,481506,390023,481585,390034,DN21,http://data.ordnancesurvey.co.uk/id/postcodedistrict/DN21,Gainsborough,http://data.ordnancesurvey.co.uk/id/4000000074575425,http://www.ordnancesurvey.co.uk/xml/codelists/localtype.xml#town,West Lindsey,http://data.ordnancesurvey.co.uk/id/7000000000043527,http://data.ordnancesurvey.co.uk/ontology/admingeo/District,Lincolnshire,http://data.ordnancesurvey.co.uk/id/7000000000005942,http://data.ordnancesurvey.co.uk/ontology/admingeo/County,East Midlands,http://data.ordnancesurvey.co.uk/id/7000000000041423,England,http://data.ordnancesurvey.co.uk/id/country/england,,,
osgb4000000015629771,http://data.ordnancesurvey.co.uk/id/4000000015629771,Scotter Road,,,,transportNetwork,Named Road,485375,397796,8000,20000,484827,397365,485981,397814,DN21,http://data.ordnancesurvey.co.uk/id/postcodedistrict/DN21,,,,West Lindsey,http://data.ordnancesurvey.co.uk/id/7000000000043527,http://data.ordnancesurvey.co.uk/ontology/admingeo/District,Lincolnshire,http://data.ordnancesurvey.co.uk/id/7000000000005942,http://data.ordnancesurvey.co.uk/ontology/admingeo/County,East Midlands,http://data.ordnancesurvey.co.uk/id/7000000000041423,England,http://data.ordnancesurvey.co.uk/id/country/england,,,
osgb4000000015629617,http://data.ordnancesurvey.co.uk/id/4000000015629617,Long Farm Lane,,,,transportNetwork,Named Road,481610,383634,7000,20000,481297,383017,481701,384048,DN22,http://data.ordnancesurvey.co.uk/id/postcodedistrict/DN22,,,,Bassetlaw,http://data.ordnancesurvey.co.uk/id/7000000000008122,http://data.ordnancesurvey.co.uk/ontology/admingeo/District,Nottinghamshire,http://data.ordnancesurvey.co.uk/id/7000000000008127,http://data.ordnancesurvey.co.uk/ontology/admingeo/County,East Midlands,http://data.ordnancesurvey.co.uk/id/7000000000041423,England,http://data.ordnancesurvey.co.uk/id/country/england,,,
21c879dc-1dd8-46c9-b167-e573f1bab23a,http://data.ordnancesurvey.co.uk/id/21c879dc-1dd8-46c9-b167-e573f1bab23a,Northlands Road,,,,transportNetwork,Section Of Named Road,494365,388389,2000,25000,494156,388202,494515,388535,DN21,http://data.ordnancesurvey.co.uk/id/postcodedistrict/DN21,Glentworth,http://data.ordnancesurvey.co.uk/id/4000000074574337,http://www.ordnancesurvey.co.uk/xml/codelists/localtype.xml#village,West Lindsey,http://data.ordnancesurvey.co.uk/id/7000000000043527,http://data.ordnancesurvey.co.uk/ontology/admingeo/District,Lincolnshire,http://data.ordnancesurvey.co.uk/id/7000000000005942,http://data.ordnancesurvey.co.uk/ontology/admingeo/County,East Midlands,http://data.ordnancesurvey.co.uk/id/7000000000041423,England,http://data.ordnancesurvey.co.uk/id/country/england,osgb4000000015629882,,
d8a0daa7-f624-43bd-bc12-586771bcafd9,http://data.ordnancesurvey.co.uk/id/d8a0daa7-f624-43bd-bc12-586771bcafd9,South Street,,,,transportNetwork,Section Of Named Road,481345,399509,5000,25000,481262,399124,481493,399907,DN9,http://data.ordnancesurvey.co.uk/id/postcodedistrict/DN9,Owston Ferry,http://data.ordnancesurvey.co.uk/id/4000000074575724,http://www.ordnancesurvey.co.uk/xml/codelists/localtype.xml#village,,,,North Lincolnshire,http://data.ordnancesurvey.co.uk/id/7000000000025623,http://data.ordnancesurvey.co.uk/ontology/admingeo/UnitaryAuthority,Yorkshire and the Humber,http://data.ordnancesurvey.co.uk/id/7000000000041430,England,http://data.ordnancesurvey.co.uk/id/country/england,osgb4000000015627630,,
osgb4000000015682100,http://data.ordnancesurvey.co.uk/id/4000000015682100,Elizabeth Close,,,,transportNetwork,Named Road,481246,391109,1000,20000,481232,391095,481246,391146,DN21,http://data.ordnancesurvey.co.uk/id/postcodedistrict/DN21,Gainsborough,http://data.ordnancesurvey.co.uk/id/4000000074575425,http://www.ordnancesurvey.co.uk/xml/codelists/localtype.xml#town,West Lindsey,http://data.ordnancesurvey.co.uk/id/7000000000043527,http://data.ordnancesurvey.co.uk/ontology/admingeo/District,Lincolnshire,http://data.ordnancesurvey.co.uk/id/7000000000005942,http://data.ordnancesurvey.co.uk/ontology/admingeo/County,East Midlands,http://data.ordnancesurvey.co.uk/id/7000000000041423,England,http://data.ordnancesurvey.co.uk/id/country/england,,,
osgb4000000015682466,http://data.ordnancesurvey.co.uk/id/4000000015682466,Swan Drive,,,,transportNetwork,Named Road,489246,380491,1000,20000,489235,380463,489252,380513,LN1,http://data.ordnancesurvey.co.uk/id/postcodedistrict/LN1,Sturton by Stow,http://data.ordnancesurvey.co.uk/id/4000000074574600,http://www.ordnancesurvey.co.uk/xml/codelists/localtype.xml#village,West Lindsey,http://data.ordnancesurvey.co.uk/id/7000000000043527,http://data.ordnancesurvey.co.uk/ontology/admingeo/District,Lincolnshire,http://data.ordnancesurvey.co.uk/id/7000000000005942,http://data.ordnancesurvey.co.uk/ontology/admingeo/County,East Midlands,http://data.ordnancesurvey.co.uk/id/7000000000041423,England,http://data.ordnancesurvey.co.uk/id/country/england,,,
osgb4000000015725602,http://data.ordnancesurvey.co.uk/id/4000000015725602,The Wolds,,,,transportNetwork,Named Road,498244,395904,1000,20000,498194,395865,498296,395957,DN21,http://data.ordnancesurvey.co.uk/id/postcodedistrict/DN21,Waddingham,http://data.ordnancesurvey.co.uk/id/4000000074574880,http://www.ordnancesurvey.co.uk/xml/codelists/localtype.xml#village,West Lindsey,http://data.ordnancesurvey.co.uk/id/7000000000043527,http://data.ordnancesurvey.co.uk/ontology/admingeo/District,Lincolnshire,http://data.ordnancesurvey.co.uk/id/7000000000005942,http://data.ordnancesurvey.co.uk/ontology/admingeo/County,East Midlands,http://data.ordnancesurvey.co.uk/id/7000000000041423,England,http://data.ordnancesurvey.co.uk/id/country/england,,,
osgb4000000015682072,http://data.ordnancesurvey.co.uk/id/4000000015682072,Rothwell Close,,,,transportNetwork,Named Road,482167,389511,1000,20000,482115,389508,482181,389524,DN21,http://data.ordnancesurvey.co.uk/id/postcodedistrict/DN21,Gainsborough,http://data.ordnancesurvey.co.uk/id/4000000074575425,http://www.ordnancesurvey.co.uk/xml/codelists/localtype.xml#town,West Lindsey,http://data.ordnancesurvey.co.uk/id/7000000000043527,http://data.ordnancesurvey.co.uk/ontology/admingeo/District,Lincolnshire,http://data.ordnancesurvey.co.uk/id/7000000000005942,http://data.ordnancesurvey.co.uk/ontology/admingeo/County,East Midlands,http://data.ordnancesurvey.co.uk/id/7000000000041423,England,http://data.ordnancesurvey.co.uk/id/country/england,,,
osgb4000000015642903,http://data.ordnancesurvey.co.uk/id/4000000015642903,School Lane,,,,transportNetwork,Named Road,498544,394810,2000,20000,498397,394746,498720,394832,DN21,http://data.ordnancesurvey.co.uk/id/postcodedistrict/DN21,Snitterby,http://data.ordnancesurvey.co.uk/id/4000000074574606,http://www.ordnancesurvey.co.uk/xml/codelists/localtype.xml#village,West Lindsey,http://data.ordnancesurvey.co.uk/id/7000000000043527,http://data.ordnancesurvey.co.uk/ontology/admingeo/District,Lincolnshire,http://data.ordnancesurvey.co.uk/id/7000000000005942,http://data.ordnancesurvey.co.uk/ontology/admingeo/County,East Midlands,http://data.ordnancesurvey.co.uk/id/7000000000041423,England,http://data.ordnancesurvey.co.uk/id/country/england,,,
osgb4000000067707220,http://data.ordnancesurvey.co.uk/id/4000000067707220,Little Church Lane,,,,transportNetwork,Named Road,481411,389973,1000,20000,481411,389921,481434,390037,DN21,http://data.ordnancesurvey.co.uk/id/postcodedistrict/DN21,Gainsborough,http://data.ordnancesurvey.co.uk/id/4000000074575425,http://www.ordnancesurvey.co.uk/xml/codelists/localtype.xml#town,West Lindsey,http://data.ordnancesurvey.co.uk/id/7000000000043527,http://data.ordnancesurvey.co.uk/ontology/admingeo/District,Lincolnshire,http://data.ordnancesurvey.co.uk/id/7000000000005942,http://data.ordnancesurvey.co.uk/ontology/admingeo/County,East Midlands,http://data.ordnancesurvey.co.uk/id/7000000000041423,England,http://data.ordnancesurvey.co.uk/id/country/england,,,
f26cfdee-0605-4527-bc1b-08ac6b02b7d5,http://data.ordnancesurvey.co.uk/id/f26cfdee-0605-4527-bc1b-08ac6b02b7d5,B1433,,,,transportNetwork,Section Of Numbered Road,482623,390490,15000,25000,481497,390002,483759,390564,DN21,http://data.ordnancesurvey.co.uk/id/postcodedistrict/DN21,Gainsborough,http://data.ordnancesurvey.co.uk/id/4000000074575425,http://www.ordnancesurvey.co.uk/xml/codelists/localtype.xml#town,West Lindsey,http://data.ordnancesurvey.co.uk/id/7000000000043527,http://data.ordnancesurvey.co.uk/ontology/admingeo/District,Lincolnshire,http://data.ordnancesurvey.co.uk/id/7000000000005942,http://data.ordnancesurvey.co.uk/ontology/admingeo/County,East Midlands,http://data.ordnancesurvey.co.uk/id/7000000000041423,England,http://data.ordnancesurvey.co.uk/id/country/england,osgb4000000015685016,,
osgb5000005232051916,http://data.ordnancesurvey.co.uk/id/5000005232051916,Wooden Lane,,,,transportNetwork,Named Road,487238,383074,1000,20000,487235,383056,487246,383080,DN21,http://data.ordnancesurvey.co.uk/id/postcodedistrict/DN21,,,,West Lindsey,http://data.ordnancesurvey.co.uk/id/7000000000043527,http://data.ordnancesurvey.co.uk/ontology/admingeo/District,Lincolnshire,http://data.ordnancesurvey.co.uk/id/7000000000005942,http://data.ordnancesurvey.co.uk/ontology/admingeo/County,East Midlands,http://data.ordnancesurvey.co.uk/id/7000000000041423,England,http://data.ordnancesurvey.co.uk/id/country/england,,,
osgb4000000015957866,http://data.ordnancesurvey.co.uk/id/4000000015957866,Horsley Road,,,,transportNetwork,Named Road,480759,391339,1000,20000,480705,391296,480782,391381,DN21,http://data.ordnancesurvey.co.uk/id/postcodedistrict/DN21,Gainsborough,http://data.ordnancesurvey.co.uk/id/4000000074575425,http://www.ordnancesurvey.co.uk/xml/codelists/localtype.xml#town,West Lindsey,http://data.ordnancesurvey.co.uk/id/7000000000043527,http://data.ordnancesurvey.co.uk/ontology/admingeo/District,Lincolnshire,http://data.ordnancesurvey.co.uk/id/7000000000005942,http://data.ordnancesurvey.co.uk/ontology/admingeo/County,East Midlands,http://data.ordnancesurvey.co.uk/id/7000000000041423,England,http://data.ordnancesurvey.co.uk/id/country/england,,,
osgb4000000067707232,http://data.ordnancesurvey.co.uk/id/4000000067707232,Haltham Green,,,,transportNetwork,Named Road,482973,389831,1000,20000,482885,389811,483044,389839,DN21,http://data.ordnancesurvey.co.uk/id/postcodedistrict/DN21,Gainsborough,http://data.ordnancesurvey.co.uk/id/4000000074575425,http://www.ordnancesurvey.co.uk/xml/codelists/localtype.xml#town,West Lindsey,http://data.ordnancesurvey.co.uk/id/7000000000043527,http://data.ordnancesurvey.co.uk/ontology/admingeo/District,Lincolnshire,http://data.ordnancesurvey.co.uk/id/7000000000005942,http://data.ordnancesurvey.co.uk/ontology/admingeo/County,East Midlands,http://data.ordnancesurvey.co.uk/id/7000000000041423,England,http://data.ordnancesurvey.co.uk/id/country/england,,,
osgb4000000015674511,http://data.ordnancesurvey.co.uk/id/4000000015674511,Vicarage Lane,,,,transportNetwork,Named Road,497252,399841,1000,20000,497189,399832,497320,399854,DN21,http://data.ordnancesurvey.co.uk/id/postcodedistrict/DN21,Redbourne,http://data.ordnancesurvey.co.uk/id/4000000074574881,http://www.ordnancesurvey.co.uk/xml/codelists/localtype.xml#village,,,,North Lincolnshire,http://data.ordnancesurvey.co.uk/id/7000000000025623,http://data.ordnancesurvey.co.uk/ontology/admingeo/UnitaryAuthority,Yorkshire and the Humber,http://data.ordnancesurvey.co.uk/id/7000000000041430,England,http://data.ordnancesurvey.co.uk/id/country/england,,,
osgb4000000015642418,http://data.ordnancesurvey.co.uk/id/4000000015642418,Burns Street,,,,transportNetwork,Named Road,480865,390861,1000,20000,480865,390679,480888,390861,DN21,http://data.ordnancesurvey.co.uk/id/postcodedistrict/DN21,Gainsborough,http://data.ordnancesurvey.co.uk/id/4000000074575425,http://www.ordnancesurvey.co.uk/xml/codelists/localtype.xml#town,West Lindsey,http://data.ordnancesurvey.co.uk/id/7000000000043527,http://data.ordnancesurvey.co.uk/ontology/admingeo/District,Lincolnshire,http://data.ordnancesurvey.co.uk/id/7000000000005942,http://data.ordnancesurvey.co.uk/ontology/admingeo/County,East Midlands,http://data.ordnancesurvey.co.uk/id/7000000000041423,England,http://data.ordnancesurvey.co.uk/id/country/england,,,
osgb5000005100702361,http://data.ordnancesurvey.co.uk/id/5000005100702361,Carlisle Mews,,,,transportNetwork,Named Road,481564,390228,1000,20000,481561,390217,481573,390240,DN21,http://data.ordnancesurvey.co.uk/id/postcodedistrict/DN21,Gainsborough,http://data.ordnancesurvey.co.uk/id/4000000074575425,http://www.ordnancesurvey.co.uk/xml/codelists/localtype.xml#town,West Lindsey,http://data.ordnancesurvey.co.uk/id/7000000000043527,http://data.ordnancesurvey.co.uk/ontology/admingeo/District,Lincolnshire,http://data.ordnancesurvey.co.uk/id/7000000000005942,http://data.ordnancesurvey.co.uk/ontology/admingeo/County,East Midlands,http://data.ordnancesurvey.co.uk/id/7000000000041423,England,http://data.ordnancesurvey.co.uk/id/country/england,,,
osgb4000000015629620,http://data.ordnancesurvey.co.uk/id/4000000015629620,River Road,,,,transportNetwork,Named Road,480480,385862,6000,20000,479777,385518,480551,386369,DN22,http://data.ordnancesurvey.co.uk/id/postcodedistrict/DN22,,,,Bassetlaw,http://data.ordnancesurvey.co.uk/id/7000000000008122,http://data.ordnancesurvey.co.uk/ontology/admingeo/District,Nottinghamshire,http://data.ordnancesurvey.co.uk/id/7000000000008127,http://data.ordnancesurvey.co.uk/ontology/admingeo/County,East Midlands,http://data.ordnancesurvey.co.uk/id/7000000000041423,England,http://data.ordnancesurvey.co.uk/id/country/england,,,
2c1caf91-be0c-4671-b385-b5692201051f,http://data.ordnancesurvey.co.uk/id/2c1caf91-be0c-4671-b385-b5692201051f,Tillbridge Lane,,,,transportNetwork,Section Of Named Road,490055,380012,1000,25000,490024,380012,490055,380023,LN1,http://data.ordnancesurvey.co.uk/id/postcodedistrict/LN1,,,,West Lindsey,http://data.ordnancesurvey.co.uk/id/7000000000043527,http://data.ordnancesurvey.co.uk/ontology/admingeo/District,Lincolnshire,http://data.ordnancesurvey.co.uk/id/7000000000005942,http://data.ordnancesurvey.co.uk/ontology/admingeo/County,East Midlands,http://data.ordnancesurvey.co.uk/id/7000000000041423,England,http://data.ordnancesurvey.co.uk/id/country/england,osgb4000000015627042,,
osgb4000000015673618,http://data.ordnancesurvey.co.uk/id/4000000015673618,Apley Close,,,,transportNetwork,Named Road,482880,389261,1000,20000,482854,389228,482926,389298,DN21,http://data.ordnancesurvey.co.uk/id/postcodedistrict/DN21,Gainsborough,http://data.ordnancesurvey.co.uk/id/4000000074575425,http://www.ordnancesurvey.co.uk/xml/codelists/localtype.xml#town,West Lindsey,http://data.ordnancesurvey.co.uk/id/7000000000043527,http://data.ordnancesurvey.co.uk/ontology/admingeo/District,Lincolnshire,http://data.ordnancesurvey.co.uk/id/7000000000005942,http://data.ordnancesurvey.co.uk/ontology/admingeo/County,East Midlands,http://data.ordnancesurvey.co.uk/id/7000000000041423,England,http://data.ordnancesurvey.co.uk/id/country/england,,,
osgb4000000015657643,http://data.ordnancesurvey.co.uk/id/4000000015657643,Forster Street,,,,transportNetwork,Named Road,481346,390221,1000,20000,481318,390221,481346,390344,DN21,http://data.ordnancesurvey.co.uk/id/postcodedistrict/DN21,Gainsborough,http://data.ordnancesurvey.co.uk/id/4000000074575425,http://www.ordnancesurvey.co.uk/xml/codelists/localtype.xml#town,West Lindsey,http://data.ordnancesurvey.co.uk/id/7000000000043527,http://data.ordnancesurvey.co.uk/ontology/admingeo/District,Lincolnshire,http://data.ordnancesurvey.co.uk/id/7000000000005942,http://data.ordnancesurvey.co.uk/ontology/admingeo/County,East Midlands,http://data.ordnancesurvey.co.uk/id/7000000000041423,England,http://data.ordnancesurvey.co.uk/id/country/england,,,
osgb5000005342534612,http://data.ordnancesurvey.co.uk/id/5000005342534612,Paddock Lane,,,,transportNetwork,Named Road,493313,399258,1000,20000,493278,399239,493358,399274,DN21,http://data.ordnancesurvey.co.uk/id/postcodedistrict/DN21,Kirton in Lindsey,http://data.ordnancesurvey.co.uk/id/4000000074574884,http://www.ordnancesurvey.co.uk/xml/codelists/localtype.xml#town,,,,North Lincolnshire,http://data.ordnancesurvey.co.uk/id/7000000000025623,http://data.ordnancesurvey.co.uk/ontology/admingeo/UnitaryAuthority,Yorkshire and the Humber,http://data.ordnancesurvey.co.uk/id/7000000000041430,England,http://data.ordnancesurvey.co.uk/id/country/england,,,
osgb4000000015657701,http://data.ordnancesurvey.co.uk/id/4000000015657701,Turpin Close,,,,transportNetwork,Named Road,482781,390283,1000,20000,482718,390203,482805,390345,DN21,http://data.ordnancesurvey.co.uk/id/postcodedistrict/DN21,Gainsborough,http://data.ordnancesurvey.co.uk/id/4000000074575425,http://www.ordnancesurvey.co.uk/xml/codelists/localtype.xml#town,West Lindsey,http://data.ordnancesurvey.co.uk/id/7000000000043527,http://data.ordnancesurvey.co.uk/ontology/admingeo/District,Lincolnshire,http://data.ordnancesurvey.co.uk/id/7000000000005942,http://data.ordnancesurvey.co.uk/ontology/admingeo/County,East Midlands,http://data.ordnancesurvey.co.uk/id/7000000000041423,England,http://data.ordnancesurvey.co.uk/id/country/england,,,
osgb4000000015674512,http://data.ordnancesurvey.co.uk/id/4000000015674512,Beck Lane,,,,transportNetwork,Named Road,497106,399893,1000,20000,497062,399870,497173,399911,DN21,http://data.ordnancesurvey.co.uk/id/postcodedistrict/DN21,Redbourne,http://data.ordnancesurvey.co.uk/id/4000000074574881,http://www.ordnancesurvey.co.uk/xml/codelists/localtype.xml#village,,,,North Lincolnshire,http://data.ordnancesurvey.co.uk/id/7000000000025623,http://data.ordnancesurvey.co.uk/ontology/admingeo/UnitaryAuthority,Yorkshire and the Humber,http://data.ordnancesurvey.co.uk/id/7000000000041430,England,http://data.ordnancesurvey.co.uk/id/country/england,,,
osgb4000000015633796,http://data.ordnancesurvey.co.uk/id/4000000015633796,Morton Road,,,,transportNetwork,Named Road,481265,391230,2000,20000,481264,391063,481285,391393,DN21,http://data.ordnancesurvey.co.uk/id/postcodedistrict/DN21,Gainsborough,http://data.ordnancesurvey.co.uk/id/4000000074575425,http://www.ordnancesurvey.co.uk/xml/codelists/localtype.xml#town,West Lindsey,http://data.ordnancesurvey.co.uk/id/7000000000043527,http://data.ordnancesurvey.co.uk/ontology/admingeo/District,Lincolnshire,http://data.ordnancesurvey.co.uk/id/7000000000005942,http://data.ordnancesurvey.co.uk/ontology/admingeo/County,East Midlands,http://data.ordnancesurvey.co.uk/id/7000000000041423,England,http://data.ordnancesurvey.co.uk/id/country/england,,,
osgb4000000015673569,http://data.ordnancesurvey.co.uk/id/4000000015673569,Ludford Crescent,,,,transportNetwork,Named Road,482204,389313,1000,20000,482190,389254,482261,389327,DN21,http://data.ordnancesurvey.co.uk/id/postcodedistrict/DN21,Gainsborough,http://data.ordnancesurvey.co.uk/id/4000000074575425,http://www.ordnancesurvey.co.uk/xml/codelists/localtype.xml#town,West Lindsey,http://data.ordnancesurvey.co.uk/id/7000000000043527,http://data.ordnancesurvey.co.uk/ontology/admingeo/District,Lincolnshire,http://data.ordnancesurvey.co.uk/id/7000000000005942,http://data.ordnancesurvey.co.uk/ontology/admingeo/County,East Midlands,http://data.ordnancesurvey.co.uk/id/7000000000041423,England,http://data.ordnancesurvey.co.uk/id/country/england,,,
osgb4000000015642428,http://data.ordnancesurvey.co.uk/id/4000000015642428,Connaught Road,,,,transportNetwork,Named Road,481511,390553,2000,20000,481405,390531,481638,390577,DN21,http://data.ordnancesurvey.co.uk/id/postcodedistrict/DN21,Gainsborough,http://data.ordnancesurvey.co.uk/id/4000000074575425,http://www.ordnancesurvey.co.uk/xml/codelists/localtype.xml#town,West Lindsey,http://data.ordnancesurvey.co.uk/id/7000000000043527,http://data.ordnancesurvey.co.uk/ontology/admingeo/District,Lincolnshire,http://data.ordnancesurvey.co.uk/id/7000000000005942,http://data.ordnancesurvey.co.uk/ontology/admingeo/County,East Midlands,http://data.ordnancesurvey.co.uk/id/7000000000041423,England,http://data.ordnancesurvey.co.uk/id/country/england,,,
osgb4000000015673584,http://data.ordnancesurvey.co.uk/id/4000000015673584,Cross Street,,,,transportNetwork,Named Road,481751,390000,1000,20000,481739,389937,481764,390057,DN21,http://data.ordnancesurvey.co.uk/id/postcodedistrict/DN21,Gainsborough,http://data.ordnancesurvey.co.uk/id/4000000074575425,http://www.ordnancesurvey.co.uk/xml/codelists/localtype.xml#town,West Lindsey,http://data.ordnancesurvey.co.uk/id/7000000000043527,http://data.ordnancesurvey.co.uk/ontology/admingeo/District,Lincolnshire,http://data.ordnancesurvey.co.uk/id/7000000000005942,http://data.ordnancesurvey.co.uk/ontology/admingeo/County,East Midlands,http://data.ordnancesurvey.co.uk/id/7000000000041423,England,http://data.ordnancesurvey.co.uk/id/country/england,,,
osgb5000005289731407,http://data.ordnancesurvey.co.uk/id/5000005289731407,Lakeside,,,,transportNetwork,Named Road,489472,380144,1000,20000,489446,380083,489476,380205,LN1,http://data.ordnancesurvey.co.uk/id/postcodedistrict/LN1,Sturton by Stow,http://data.ordnancesurvey.co.uk/id/4000000074574600,http://www.ordnancesurvey.co.uk/xml/codelists/localtype.xml#village,West Lindsey,http://data.ordnancesurvey.co.uk/id/7000000000043527,http://data.ordnancesurvey.co.uk/ontology/admingeo/District,Lincolnshire,http://data.ordnancesurvey.co.uk/id/7000000000005942,http://data.ordnancesurvey.co.uk/ontology/admingeo/County,East Midlands,http://data.ordnancesurvey.co.uk/id/7000000000041423,England,http://data.ordnancesurvey.co.uk/id/country/england,,,
osgb4000000015642423,http://data.ordnancesurvey.co.uk/id/4000000015642423,Spital Terrace,,,,transportNetwork,Named Road,481709,390036,1000,20000,481611,390002,481778,390101,DN21,http://data.ordnancesurvey.co.uk/id/postcodedistrict/DN21,Gainsborough,http://data.ordnancesurvey.co.uk/id/4000000074575425,http://www.ordnancesurvey.co.uk/xml/codelists/localtype.xml#town,West Lindsey,http://data.ordnancesurvey.co.uk/id/7000000000043527,http://data.ordnancesurvey.co.uk/ontology/admingeo/District,Lincolnshire,http://data.ordnancesurvey.co.uk/id/7000000000005942,http://data.ordnancesurvey.co.uk/ontology/admingeo/County,East Midlands,http://data.ordnancesurvey.co.uk/id/7000000000041423,England,http://data.ordnancesurvey.co.uk/id/country/england,,,
osgb4000000015657652,http://data.ordnancesurvey.co.uk/id/4000000015657652,Cox's Hill,,,,transportNetwork,Named Road,481977,390146,2000,20000,481852,390084,482088,390190,DN21,http://data.ordnancesurvey.co.uk/id/postcodedistrict/DN21,Gainsborough,http://data.ordnancesurvey.co.uk/id/4000000074575425,http://www.ordnancesurvey.co.uk/xml/codelists/localtype.xml#town,West Lindsey,http://data.ordnancesurvey.co.uk/id/7000000000043527,http://data.ordnancesurvey.co.uk/ontology/admingeo/District,Lincolnshire,http://data.ordnancesurvey.co.uk/id/7000000000005942,http://data.ordnancesurvey.co.uk/ontology/admingeo/County,East Midlands,http://data.ordnancesurvey.co.uk/id/7000000000041423,England,http://data.ordnancesurvey.co.uk/id/country/england,,,
osgb4000000015885965,http://data.ordnancesurvey.co.uk/id/4000000015885965,Swan Court,,,,transportNetwork,Named Road,482898,390424,1000,20000,482867,390403,482925,390456,DN21,http://data.ordnancesurvey.co.uk/id/postcodedistrict/DN21,Gainsborough,http://data.ordnancesurvey.co.uk/id/4000000074575425,http://www.ordnancesurvey.co.uk/xml/codelists/localtype.xml#town,West Lindsey,http://data.ordnancesurvey.co.uk/id/7000000000043527,http://data.ordnancesurvey.co.uk/ontology/admingeo/District,Lincolnshire,http://data.ordnancesurvey.co.uk/id/7000000000005942,http://data.ordnancesurvey.co.uk/ontology/admingeo/County,East Midlands,http://data.ordnancesurvey.co.uk/id/7000000000041423,England,http://data.ordnancesurvey.co.uk/id/country/england,,,
osgb4000000015642444,http://data.ordnancesurvey.co.uk/id/4000000015642444,Longwood Road,,,,transportNetwork,Named Road,483414,390279,3000,20000,483146,390078,483613,390520,DN21,http://data.ordnancesurvey.co.uk/id/postcodedistrict/DN21,Gainsborough,http://data.ordnancesurvey.co.uk/id/4000000074575425,http://www.ordnancesurvey.co.uk/xml/codelists/localtype.xml#town,West Lindsey,http://data.ordnancesurvey.co.uk/id/7000000000043527,http://data.ordnancesurvey.co.uk/ontology/admingeo/District,Lincolnshire,http://data.ordnancesurvey.co.uk/id/7000000000005942,http://data.ordnancesurvey.co.uk/ontology/admingeo/County,East Midlands,http://data.ordnancesurvey.co.uk/id/7000000000041423,England,http://data.ordnancesurvey.co.uk/id/country/england,,,
osgb4000000015627618,http://data.ordnancesurvey.co.uk/id/4000000015627618,Thonock Road,,,,transportNetwork,Named Road,483375,392982,18000,20000,481938,391966,484722,393808,DN21,http://data.ordnancesurvey.co.uk/id/postcodedistrict/DN21,,,,West Lindsey,http://data.ordnancesurvey.co.uk/id/7000000000043527,http://data.ordnancesurvey.co.uk/ontology/admingeo/District,Lincolnshire,http://data.ordnancesurvey.co.uk/id/7000000000005942,http://data.ordnancesurvey.co.uk/ontology/admingeo/County,East Midlands,http://data.ordnancesurvey.co.uk/id/7000000000041423,England,http://data.ordnancesurvey.co.uk/id/country/england,,,
osgb5000005337508903,http://data.ordnancesurvey.co.uk/id/5000005337508903,Marton Meadows,,,,transportNetwork,Named Road,484391,382014,2000,20000,484286,381888,484517,382117,DN21,http://data.ordnancesurvey.co.uk/id/postcodedistrict/DN21,Marton,http://data.ordnancesurvey.co.uk/id/4000000074577537,http://www.ordnancesurvey.co.uk/xml/codelists/localtype.xml#village,West Lindsey,http://data.ordnancesurvey.co.uk/id/7000000000043527,http://data.ordnancesurvey.co.uk/ontology/admingeo/District,Lincolnshire,http://data.ordnancesurvey.co.uk/id/7000000000005942,http://data.ordnancesurvey.co.uk/ontology/admingeo/County,East Midlands,http://data.ordnancesurvey.co.uk/id/7000000000041423,England,http://data.ordnancesurvey.co.uk/id/country/england,,,
osgb4000000015657647,http://data.ordnancesurvey.co.uk/id/4000000015657647,Tower Street,,,,transportNetwork,Named Road,481652,390194,1000,20000,481528,390141,481756,390234,DN21,http://data.ordnancesurvey.co.uk/id/postcodedistrict/DN21,Gainsborough,http://data.ordnancesurvey.co.uk/id/4000000074575425,http://www.ordnancesurvey.co.uk/xml/codelists/localtype.xml#town,West Lindsey,http://data.ordnancesurvey.co.uk/id/7000000000043527,http://data.ordnancesurvey.co.uk/ontology/admingeo/District,Lincolnshire,http://data.ordnancesurvey.co.uk/id/7000000000005942,http://data.ordnancesurvey.co.uk/ontology/admingeo/County,East Midlands,http://data.ordnancesurvey.co.uk/id/7000000000041423,England,http://data.ordnancesurvey.co.uk/id/country/england,,,
osgb4000000015629742,http://data.ordnancesurvey.co.uk/id/4000000015629742,Foxby Lane,,,,transportNetwork,Named Road,482921,388620,9000,20000,482203,388519,483555,388960,DN21,http://data.ordnancesurvey.co.uk/id/postcodedistrict/DN21,Gainsborough,http://data.ordnancesurvey.co.uk/id/4000000074575425,http://www.ordnancesurvey.co.uk/xml/codelists/localtype.xml#town,West Lindsey,http://data.ordnancesurvey.co.uk/id/7000000000043527,http://data.ordnancesurvey.co.uk/ontology/admingeo/District,Lincolnshire,http://data.ordnancesurvey.co.uk/id/7000000000005942,http://data.ordnancesurvey.co.uk/ontology/admingeo/County,East Midlands,http://data.ordnancesurvey.co.uk/id/7000000000041423,England,http://data.ordnancesurvey.co.uk/id/country/england,,,
osgb5000005129749363,http://data.ordnancesurvey.co.uk/id/5000005129749363,Poppyfield Court,,,,transportNetwork,Named Road,481002,391743,1000,20000,480995,391735,481014,391755,DN21,http://data.ordnancesurvey.co.uk/id/postcodedistrict/DN21,Gainsborough,http://data.ordnancesurvey.co.uk/id/4000000074575425,http://www.ordnancesurvey.co.uk/xml/codelists/localtype.xml#town,West Lindsey,http://data.ordnancesurvey.co.uk/id/7000000000043527,http://data.ordnancesurvey.co.uk/ontology/admingeo/District,Lincolnshire,http://data.ordnancesurvey.co.uk/id/7000000000005942,http://data.ordnancesurvey.co.uk/ontology/admingeo/County,East Midlands,http://data.ordnancesurvey.co.uk/id/7000000000041423,England,http://data.ordnancesurvey.co.uk/id/country/england,,,
osgb4000000015673588,http://data.ordnancesurvey.co.uk/id/4000000015673588,Hickman Court,,,,transportNetwork,Named Road,482252,389923,1000,20000,482244,389891,482269,389947,DN21,http://data.ordnancesurvey.co.uk/id/postcodedistrict/DN21,Gainsborough,http://data.ordnancesurvey.co.uk/id/4000000074575425,http://www.ordnancesurvey.co.uk/xml/codelists/localtype.xml#town,West Lindsey,http://data.ordnancesurvey.co.uk/id/7000000000043527,http://data.ordnancesurvey.co.uk/ontology/admingeo/District,Lincolnshire,http://data.ordnancesurvey.co.uk/id/7000000000005942,http://data.ordnancesurvey.co.uk/ontology/admingeo/County,East Midlands,http://data.ordnancesurvey.co.uk/id/7000000000041423,England,http://data.ordnancesurvey.co.uk/id/country/england,,,
osgb4000000015673648,http://data.ordnancesurvey.co.uk/id/4000000015673648,Church Lane,,,,transportNetwork,Named Road,487074,391677,1000,20000,487065,391577,487086,391725,DN21,http://data.ordnancesurvey.co.uk/id/postcodedistrict/DN21,Corringham,http://data.ordnancesurvey.co.uk/id/4000000074575143,http://www.ordnancesurvey.co.uk/xml/codelists/localtype.xml#village,West Lindsey,http://data.ordnancesurvey.co.uk/id/7000000000043527,http://data.ordnancesurvey.co.uk/ontology/admingeo/District,Lincolnshire,http://data.ordnancesurvey.co.uk/id/7000000000005942,http://data.ordnancesurvey.co.uk/ontology/admingeo/County,East Midlands,http://data.ordnancesurvey.co.uk/id/7000000000041423,England,http://data.ordnancesurvey.co.uk/id/country/england,,,
94ec061b-1f23-463b-8697-1974e7a31475,http://data.ordnancesurvey.co.uk/id/94ec061b-1f23-463b-8697-1974e7a31475,Hemswell Lane,,,,transportNetwork,Section Of Named Road,492644,390890,2000,25000,492541,390870,492789,390923,DN21,http://data.ordnancesurvey.co.uk/id/postcodedistrict/DN21,Hemswell,http://data.ordnancesurvey.co.uk/id/4000000074574603,http://www.ordnancesurvey.co.uk/xml/codelists/localtype.xml#village,West Lindsey,http://data.ordnancesurvey.co.uk/id/7000000000043527,http://data.ordnancesurvey.co.uk/ontology/admingeo/District,Lincolnshire,http://data.ordnancesurvey.co.uk/id/7000000000005942,http://data.ordnancesurvey.co.uk/ontology/admingeo/County,East Midlands,http://data.ordnancesurvey.co.uk/id/7000000000041423,England,http://data.ordnancesurvey.co.uk/id/country/england,osgb4000000015629883,,
osgb4000000015674478,http://data.ordnancesurvey.co.uk/id/4000000015674478,The Paddocks,,,,transportNetwork,Named Road,487741,384522,1000,20000,487720,384451,487775,384547,DN21,http://data.ordnancesurvey.co.uk/id/postcodedistrict/DN21,Willingham by Stow,http://data.ordnancesurvey.co.uk/id/4000000074575139,http://www.ordnancesurvey.co.uk/xml/codelists/localtype.xml#village,West Lindsey,http://data.ordnancesurvey.co.uk/id/7000000000043527,http://data.ordnancesurvey.co.uk/ontology/admingeo/District,Lincolnshire,http://data.ordnancesurvey.co.uk/id/7000000000005942,http://data.ordnancesurvey.co.uk/ontology/admingeo/County,East Midlands,http://data.ordnancesurvey.co.uk/id/7000000000041423,England,http://data.ordnancesurvey.co.uk/id/country/england,,,
osgb4000000015642436,http://data.ordnancesurvey.co.uk/id/4000000015642436,Lodge Lane,,,,transportNetwork,Named Road,486908,386991,1000,20000,486805,386887,487032,387105,DN21,http://data.ordnancesurvey.co.uk/id/postcodedistrict/DN21,Upton,http://data.ordnancesurvey.co.uk/id/4000000074578003,http://www.ordnancesurvey.co.uk/xml/codelists/localtype.xml#village,West Lindsey,http://data.ordnancesurvey.co.uk/id/7000000000043527,http://data.ordnancesurvey.co.uk/ontology/admingeo/District,Lincolnshire,http://data.ordnancesurvey.co.uk/id/7000000000005942,http://data.ordnancesurvey.co.uk/ontology/admingeo/County,East Midlands,http://data.ordnancesurvey.co.uk/id/7000000000041423,England,http://data.ordnancesurvey.co.uk/id/country/england,,,
osgb4000000015999414,http://data.ordnancesurvey.co.uk/id/4000000015999414,Plymouth Close,,,,transportNetwork,Named Road,482922,388628,1000,20000,482915,388628,482922,388680,DN21,http://data.ordnancesurvey.co.uk/id/postcodedistrict/DN21,Gainsborough,http://data.ordnancesurvey.co.uk/id/4000000074575425,http://www.ordnancesurvey.co.uk/xml/codelists/localtype.xml#town,West Lindsey,http://data.ordnancesurvey.co.uk/id/7000000000043527,http://data.ordnancesurvey.co.uk/ontology/admingeo/District,Lincolnshire,http://data.ordnancesurvey.co.uk/id/7000000000005942,http://data.ordnancesurvey.co.uk/ontology/admingeo/County,East Midlands,http://data.ordnancesurvey.co.uk/id/7000000000041423,England,http://data.ordnancesurvey.co.uk/id/country/england,,,
osgb4000000015657679,http://data.ordnancesurvey.co.uk/id/4000000015657679,Churchill Way,,,,transportNetwork,Named Road,482884,387000,1000,20000,482853,386951,482889,387075,DN21,http://data.ordnancesurvey.co.uk/id/postcodedistrict/DN21,Lea,http://data.ordnancesurvey.co.uk/id/4000000074578253,http://www.ordnancesurvey.co.uk/xml/codelists/localtype.xml#village,West Lindsey,http://data.ordnancesurvey.co.uk/id/7000000000043527,http://data.ordnancesurvey.co.uk/ontology/admingeo/District,Lincolnshire,http://data.ordnancesurvey.co.uk/id/7000000000005942,http://data.ordnancesurvey.co.uk/ontology/admingeo/County,East Midlands,http://data.ordnancesurvey.co.uk/id/7000000000041423,England,http://data.ordnancesurvey.co.uk/id/country/england,,,
osgb4000000015674505,http://data.ordnancesurvey.co.uk/id/4000000015674505,Darwin Street,,,,transportNetwork,Named Road,493315,398771,1000,20000,493262,398771,493369,398777,DN21,http://data.ordnancesurvey.co.uk/id/postcodedistrict/DN21,Kirton in Lindsey,http://data.ordnancesurvey.co.uk/id/4000000074574884,http://www.ordnancesurvey.co.uk/xml/codelists/localtype.xml#town,,,,North Lincolnshire,http://data.ordnancesurvey.co.uk/id/7000000000025623,http://data.ordnancesurvey.co.uk/ontology/admingeo/UnitaryAuthority,Yorkshire and the Humber,http://data.ordnancesurvey.co.uk/id/7000000000041430,England,http://data.ordnancesurvey.co.uk/id/country/england,,,
osgb4000000015930955,http://data.ordnancesurvey.co.uk/id/4000000015930955,Wentworth Close,,,,transportNetwork,Named Road,482088,391006,1000,20000,482061,390987,482114,391020,DN21,http://data.ordnancesurvey.co.uk/id/postcodedistrict/DN21,Gainsborough,http://data.ordnancesurvey.co.uk/id/4000000074575425,http://www.ordnancesurvey.co.uk/xml/codelists/localtype.xml#town,West Lindsey,http://data.ordnancesurvey.co.uk/id/7000000000043527,http://data.ordnancesurvey.co.uk/ontology/admingeo/District,Lincolnshire,http://data.ordnancesurvey.co.uk/id/7000000000005942,http://data.ordnancesurvey.co.uk/ontology/admingeo/County,East Midlands,http://data.ordnancesurvey.co.uk/id/7000000000041423,England,http://data.ordnancesurvey.co.uk/id/country/england,,,
osgb4000000015845190,http://data.ordnancesurvey.co.uk/id/4000000015845190,Hawthorne Close,,,,transportNetwork,Named Road,494465,387856,1000,20000,494442,387810,494494,387903,DN21,http://data.ordnancesurvey.co.uk/id/postcodedistrict/DN21,Glentworth,http://data.ordnancesurvey.co.uk/id/4000000074574337,http://www.ordnancesurvey.co.uk/xml/codelists/localtype.xml#village,West Lindsey,http://data.ordnancesurvey.co.uk/id/7000000000043527,http://data.ordnancesurvey.co.uk/ontology/admingeo/District,Lincolnshire,http://data.ordnancesurvey.co.uk/id/7000000000005942,http://data.ordnancesurvey.co.uk/ontology/admingeo/County,East Midlands,http://data.ordnancesurvey.co.uk/id/7000000000041423,England,http://data.ordnancesurvey.co.uk/id/country/england,,,
osgb4000000015627692,http://data.ordnancesurvey.co.uk/id/4000000015627692,Harpswell Lane,,,,transportNetwork,Named Road,491655,390577,20000,24000,489826,390091,493530,390785,DN21,http://data.ordnancesurvey.co.uk/id/postcodedistrict/DN21,,,,West Lindsey,http://data.ordnancesurvey.co.uk/id/7000000000043527,http://data.ordnancesurvey.co.uk/ontology/admingeo/District,Lincolnshire,http://data.ordnancesurvey.co.uk/id/7000000000005942,http://data.ordnancesurvey.co.uk/ontology/admingeo/County,East Midlands,http://data.ordnancesurvey.co.uk/id/7000000000041423,England,http://data.ordnancesurvey.co.uk/id/country/england,,,
osgb5000005330784625,http://data.ordnancesurvey.co.uk/id/5000005330784625,Buzzard Lane,,,,transportNetwork,Named Road,494672,387915,1000,20000,494574,387876,494672,387915,DN21,http://data.ordnancesurvey.co.uk/id/postcodedistrict/DN21,Glentworth,http://data.ordnancesurvey.co.uk/id/4000000074574337,http://www.ordnancesurvey.co.uk/xml/codelists/localtype.xml#village,West Lindsey,http://data.ordnancesurvey.co.uk/id/7000000000043527,http://data.ordnancesurvey.co.uk/ontology/admingeo/District,Lincolnshire,http://data.ordnancesurvey.co.uk/id/7000000000005942,http://data.ordnancesurvey.co.uk/ontology/admingeo/County,East Midlands,http://data.ordnancesurvey.co.uk/id/7000000000041423,England,http://data.ordnancesurvey.co.uk/id/country/england,,,
osgb5000005253059161,http://data.ordnancesurvey.co.uk/id/5000005253059161,Sarahs Mews,,,,transportNetwork,Named Road,484388,381749,1000,20000,484388,381725,484401,381771,DN21,http://data.ordnancesurvey.co.uk/id/postcodedistrict/DN21,Marton,http://data.ordnancesurvey.co.uk/id/4000000074577537,http://www.ordnancesurvey.co.uk/xml/codelists/localtype.xml#village,West Lindsey,http://data.ordnancesurvey.co.uk/id/7000000000043527,http://data.ordnancesurvey.co.uk/ontology/admingeo/District,Lincolnshire,http://data.ordnancesurvey.co.uk/id/7000000000005942,http://data.ordnancesurvey.co.uk/ontology/admingeo/County,East Midlands,http://data.ordnancesurvey.co.uk/id/7000000000041423,England,http://data.ordnancesurvey.co.uk/id/country/england,,,
osgb4000000015673612,http://data.ordnancesurvey.co.uk/id/4000000015673612,Limber Close,,,,transportNetwork,Named Road,483144,388989,1000,20000,483101,388955,483185,389003,DN21,http://data.ordnancesurvey.co.uk/id/postcodedistrict/DN21,Gainsborough,http://data.ordnancesurvey.co.uk/id/4000000074575425,http://www.ordnancesurvey.co.uk/xml/codelists/localtype.xml#town,West Lindsey,http://data.ordnancesurvey.co.uk/id/7000000000043527,http://data.ordnancesurvey.co.uk/ontology/admingeo/District,Lincolnshire,http://data.ordnancesurvey.co.uk/id/7000000000005942,http://data.ordnancesurvey.co.uk/ontology/admingeo/County,East Midlands,http://data.ordnancesurvey.co.uk/id/7000000000041423,England,http://data.ordnancesurvey.co.uk/id/country/england,,,
osgb4000000015642900,http://data.ordnancesurvey.co.uk/id/4000000015642900,Hollowgate Hill,,,,transportNetwork,Named Road,493335,393039,4000,20000,493002,392857,493625,393154,DN21,http://data.ordnancesurvey.co.uk/id/postcodedistrict/DN21,Willoughton,http://data.ordnancesurvey.co.uk/id/4000000074574604,http://www.ordnancesurvey.co.uk/xml/codelists/localtype.xml#village,West Lindsey,http://data.ordnancesurvey.co.uk/id/7000000000043527,http://data.ordnancesurvey.co.uk/ontology/admingeo/District,Lincolnshire,http://data.ordnancesurvey.co.uk/id/7000000000005942,http://data.ordnancesurvey.co.uk/ontology/admingeo/County,East Midlands,http://data.ordnancesurvey.co.uk/id/7000000000041423,England,http://data.ordnancesurvey.co.uk/id/country/england,,,
osgb5000005338747787,http://data.ordnancesurvey.co.uk/id/5000005338747787,King Henry Avenue,,,,transportNetwork,Named Road,483081,390796,1000,20000,483047,390776,483114,390815,DN21,http://data.ordnancesurvey.co.uk/id/postcodedistrict/DN21,Gainsborough,http://data.ordnancesurvey.co.uk/id/4000000074575425,http://www.ordnancesurvey.co.uk/xml/codelists/localtype.xml#town,West Lindsey,http://data.ordnancesurvey.co.uk/id/7000000000043527,http://data.ordnancesurvey.co.uk/ontology/admingeo/District,Lincolnshire,http://data.ordnancesurvey.co.uk/id/7000000000005942,http://data.ordnancesurvey.co.uk/ontology/admingeo/County,East Midlands,http://data.ordnancesurvey.co.uk/id/7000000000041423,England,http://data.ordnancesurvey.co.uk/id/country/england,,,
51e741a6-9130-4bef-abcc-d83593b61c04,http://data.ordnancesurvey.co.uk/id/51e741a6-9130-4bef-abcc-d83593b61c04,Short Lane,,,,transportNetwork,Section Of Named Road,494321,383633,1000,25000,494317,383611,494322,383674,LN1,http://data.ordnancesurvey.co.uk/id/postcodedistrict/LN1,Ingham,http://data.ordnancesurvey.co.uk/id/4000000074574875,http://www.ordnancesurvey.co.uk/xml/codelists/localtype.xml#village,West Lindsey,http://data.ordnancesurvey.co.uk/id/7000000000043527,http://data.ordnancesurvey.co.uk/ontology/admingeo/District,Lincolnshire,http://data.ordnancesurvey.co.uk/id/7000000000005942,http://data.ordnancesurvey.co.uk/ontology/admingeo/County,East Midlands,http://data.ordnancesurvey.co.uk/id/7000000000041423,England,http://data.ordnancesurvey.co.uk/id/country/england,osgb4000000015634007,,
osgb4000000015673565,http://data.ordnancesurvey.co.uk/id/4000000015673565,Colville Terrace,,,,transportNetwork,Named Road,481750,389561,1000,20000,481721,389554,481790,389577,DN21,http://data.ordnancesurvey.co.uk/id/postcodedistrict/DN21,Gainsborough,http://data.ordnancesurvey.co.uk/id/4000000074575425,http://www.ordnancesurvey.co.uk/xml/codelists/localtype.xml#town,West Lindsey,http://data.ordnancesurvey.co.uk/id/7000000000043527,http://data.ordnancesurvey.co.uk/ontology/admingeo/District,Lincolnshire,http://data.ordnancesurvey.co.uk/id/7000000000005942,http://data.ordnancesurvey.co.uk/ontology/admingeo/County,East Midlands,http://data.ordnancesurvey.co.uk/id/7000000000041423,England,http://data.ordnancesurvey.co.uk/id/country/england,,,
osgb4000000015657613,http://data.ordnancesurvey.co.uk/id/4000000015657613,Bridge Road,,,,transportNetwork,Named Road,481614,389104,1000,20000,481534,389097,481694,389133,DN21,http://data.ordnancesurvey.co.uk/id/postcodedistrict/DN21,Gainsborough,http://data.ordnancesurvey.co.uk/id/4000000074575425,http://www.ordnancesurvey.co.uk/xml/codelists/localtype.xml#town,West Lindsey,http://data.ordnancesurvey.co.uk/id/7000000000043527,http://data.ordnancesurvey.co.uk/ontology/admingeo/District,Lincolnshire,http://data.ordnancesurvey.co.uk/id/7000000000005942,http://data.ordnancesurvey.co.uk/ontology/admingeo/County,East Midlands,http://data.ordnancesurvey.co.uk/id/7000000000041423,England,http://data.ordnancesurvey.co.uk/id/country/england,,,
610be3e4-0f47-472d-a983-3a4d984bc567,http://data.ordnancesurvey.co.uk/id/610be3e4-0f47-472d-a983-3a4d984bc567,Normanby Road,,,,transportNetwork,Section Of Named Road,488247,382927,3000,25000,488145,382697,488277,383169,DN21,http://data.ordnancesurvey.co.uk/id/postcodedistrict/DN21,Normanby by Stow,http://data.ordnancesurvey.co.uk/id/4000000074575138,http://www.ordnancesurvey.co.uk/xml/codelists/localtype.xml#hamlet,West Lindsey,http://data.ordnancesurvey.co.uk/id/7000000000043527,http://data.ordnancesurvey.co.uk/ontology/admingeo/District,Lincolnshire,http://data.ordnancesurvey.co.uk/id/7000000000005942,http://data.ordnancesurvey.co.uk/ontology/admingeo/County,East Midlands,http://data.ordnancesurvey.co.uk/id/7000000000041423,England,http://data.ordnancesurvey.co.uk/id/country/england,osgb4000000015629877,,
osgb4000000015673630,http://data.ordnancesurvey.co.uk/id/4000000015673630,Larch Court,,,,transportNetwork,Named Road,482462,390554,1000,20000,482449,390516,482473,390594,DN21,http://data.ordnancesurvey.co.uk/id/postcodedistrict/DN21,Gainsborough,http://data.ordnancesurvey.co.uk/id/4000000074575425,http://www.ordnancesurvey.co.uk/xml/codelists/localtype.xml#town,West Lindsey,http://data.ordnancesurvey.co.uk/id/7000000000043527,http://data.ordnancesurvey.co.uk/ontology/admingeo/District,Lincolnshire,http://data.ordnancesurvey.co.uk/id/7000000000005942,http://data.ordnancesurvey.co.uk/ontology/admingeo/County,East Midlands,http://data.ordnancesurvey.co.uk/id/7000000000041423,England,http://data.ordnancesurvey.co.uk/id/country/england,,,
osgb4000000015642439,http://data.ordnancesurvey.co.uk/id/4000000015642439,Woodfield Road,,,,transportNetwork,Named Road,482572,390176,3000,20000,482318,390121,482808,390180,DN21,http://data.ordnancesurvey.co.uk/id/postcodedistrict/DN21,Gainsborough,http://data.ordnancesurvey.co.uk/id/4000000074575425,http://www.ordnancesurvey.co.uk/xml/codelists/localtype.xml#town,West Lindsey,http://data.ordnancesurvey.co.uk/id/7000000000043527,http://data.ordnancesurvey.co.uk/ontology/admingeo/District,Lincolnshire,http://data.ordnancesurvey.co.uk/id/7000000000005942,http://data.ordnancesurvey.co.uk/ontology/admingeo/County,East Midlands,http://data.ordnancesurvey.co.uk/id/7000000000041423,England,http://data.ordnancesurvey.co.uk/id/country/england,,,
osgb4000000015674484,http://data.ordnancesurvey.co.uk/id/4000000015674484,Church Lane,,,,transportNetwork,Named Road,494949,383515,1000,20000,494908,383507,494989,383531,LN1,http://data.ordnancesurvey.co.uk/id/postcodedistrict/LN1,Ingham,http://data.ordnancesurvey.co.uk/id/4000000074574875,http://www.ordnancesurvey.co.uk/xml/codelists/localtype.xml#village,West Lindsey,http://data.ordnancesurvey.co.uk/id/7000000000043527,http://data.ordnancesurvey.co.uk/ontology/admingeo/District,Lincolnshire,http://data.ordnancesurvey.co.uk/id/7000000000005942,http://data.ordnancesurvey.co.uk/ontology/admingeo/County,East Midlands,http://data.ordnancesurvey.co.uk/id/7000000000041423,England,http://data.ordnancesurvey.co.uk/id/country/england,,,
osgb4000000015658563,http://data.ordnancesurvey.co.uk/id/4000000015658563,Common Road,,,,transportNetwork,Named Road,498433,396179,1000,20000,498323,396125,498536,396195,DN21,http://data.ordnancesurvey.co.uk/id/postcodedistrict/DN21,Waddingham,http://data.ordnancesurvey.co.uk/id/4000000074574880,http://www.ordnancesurvey.co.uk/xml/codelists/localtype.xml#village,West Lindsey,http://data.ordnancesurvey.co.uk/id/7000000000043527,http://data.ordnancesurvey.co.uk/ontology/admingeo/District,Lincolnshire,http://data.ordnancesurvey.co.uk/id/7000000000005942,http://data.ordnancesurvey.co.uk/ontology/admingeo/County,East Midlands,http://data.ordnancesurvey.co.uk/id/7000000000041423,England,http://data.ordnancesurvey.co.uk/id/country/england,,,
osgb4000000015674476,http://data.ordnancesurvey.co.uk/id/4000000015674476,Old Rectory Gardens,,,,transportNetwork,Named Road,488810,381294,1000,20000,488753,381247,488840,381410,LN1,http://data.ordnancesurvey.co.uk/id/postcodedistrict/LN1,Sturton by Stow,http://data.ordnancesurvey.co.uk/id/4000000074574600,http://www.ordnancesurvey.co.uk/xml/codelists/localtype.xml#village,West Lindsey,http://data.ordnancesurvey.co.uk/id/7000000000043527,http://data.ordnancesurvey.co.uk/ontology/admingeo/District,Lincolnshire,http://data.ordnancesurvey.co.uk/id/7000000000005942,http://data.ordnancesurvey.co.uk/ontology/admingeo/County,East Midlands,http://data.ordnancesurvey.co.uk/id/7000000000041423,England,http://data.ordnancesurvey.co.uk/id/country/england,,,
osgb4000000015658538,http://data.ordnancesurvey.co.uk/id/4000000015658538,Chapel Lane,,,,transportNetwork,Named Road,498545,394732,1000,20000,498535,394654,498566,394809,DN21,http://data.ordnancesurvey.co.uk/id/postcodedistrict/DN21,Snitterby,http://data.ordnancesurvey.co.uk/id/4000000074574606,http://www.ordnancesurvey.co.uk/xml/codelists/localtype.xml#village,West Lindsey,http://data.ordnancesurvey.co.uk/id/7000000000043527,http://data.ordnancesurvey.co.uk/ontology/admingeo/District,Lincolnshire,http://data.ordnancesurvey.co.uk/id/7000000000005942,http://data.ordnancesurvey.co.uk/ontology/admingeo/County,East Midlands,http://data.ordnancesurvey.co.uk/id/7000000000041423,England,http://data.ordnancesurvey.co.uk/id/country/england,,,
osgb4000000015823356,http://data.ordnancesurvey.co.uk/id/4000000015823356,Pillared House Lane,,,,transportNetwork,Named Road,481639,389412,1000,20000,481587,389406,481708,389420,DN21,http://data.ordnancesurvey.co.uk/id/postcodedistrict/DN21,Gainsborough,http://data.ordnancesurvey.co.uk/id/4000000074575425,http://www.ordnancesurvey.co.uk/xml/codelists/localtype.xml#town,West Lindsey,http://data.ordnancesurvey.co.uk/id/7000000000043527,http://data.ordnancesurvey.co.uk/ontology/admingeo/District,Lincolnshire,http://data.ordnancesurvey.co.uk/id/7000000000005942,http://data.ordnancesurvey.co.uk/ontology/admingeo/County,East Midlands,http://data.ordnancesurvey.co.uk/id/7000000000041423,England,http://data.ordnancesurvey.co.uk/id/country/england,,,
osgb4000000015673641,http://data.ordnancesurvey.co.uk/id/4000000015673641,West Street,,,,transportNetwork,Named Road,480888,391668,1000,20000,480877,391638,480896,391691,DN21,http://data.ordnancesurvey.co.uk/id/postcodedistrict/DN21,Gainsborough,http://data.ordnancesurvey.co.uk/id/4000000074575425,http://www.ordnancesurvey.co.uk/xml/codelists/localtype.xml#town,West Lindsey,http://data.ordnancesurvey.co.uk/id/7000000000043527,http://data.ordnancesurvey.co.uk/ontology/admingeo/District,Lincolnshire,http://data.ordnancesurvey.co.uk/id/7000000000005942,http://data.ordnancesurvey.co.uk/ontology/admingeo/County,East Midlands,http://data.ordnancesurvey.co.uk/id/7000000000041423,England,http://data.ordnancesurvey.co.uk/id/country/england,,,
fbf7d444-a374-4582-8ff5-db5a97f40455,http://data.ordnancesurvey.co.uk/id/fbf7d444-a374-4582-8ff5-db5a97f40455,High Street,,,,transportNetwork,Section Of Named Road,498394,394774,2000,25000,498383,394615,498475,394947,DN21,http://data.ordnancesurvey.co.uk/id/postcodedistrict/DN21,Snitterby,http://data.ordnancesurvey.co.uk/id/4000000074574606,http://www.ordnancesurvey.co.uk/xml/codelists/localtype.xml#village,West Lindsey,http://data.ordnancesurvey.co.uk/id/7000000000043527,http://data.ordnancesurvey.co.uk/ontology/admingeo/District,Lincolnshire,http://data.ordnancesurvey.co.uk/id/7000000000005942,http://data.ordnancesurvey.co.uk/ontology/admingeo/County,East Midlands,http://data.ordnancesurvey.co.uk/id/7000000000041423,England,http://data.ordnancesurvey.co.uk/id/country/england,osgb4000000015801560,,
osgb4000000015870877,http://data.ordnancesurvey.co.uk/id/4000000015870877,Upper Close,,,,transportNetwork,Named Road,489260,380451,1000,20000,489201,380436,489327,380472,LN1,http://data.ordnancesurvey.co.uk/id/postcodedistrict/LN1,Sturton by Stow,http://data.ordnancesurvey.co.uk/id/4000000074574600,http://www.ordnancesurvey.co.uk/xml/codelists/localtype.xml#village,West Lindsey,http://data.ordnancesurvey.co.uk/id/7000000000043527,http://data.ordnancesurvey.co.uk/ontology/admingeo/District,Lincolnshire,http://data.ordnancesurvey.co.uk/id/7000000000005942,http://data.ordnancesurvey.co.uk/ontology/admingeo/County,East Midlands,http://data.ordnancesurvey.co.uk/id/7000000000041423,England,http://data.ordnancesurvey.co.uk/id/country/england,,,
osgb4000000015837442,http://data.ordnancesurvey.co.uk/id/4000000015837442,Salisbury Close,,,,transportNetwork,Named Road,480785,392199,1000,20000,480743,392126,480797,392267,DN21,http://data.ordnancesurvey.co.uk/id/postcodedistrict/DN21,Gainsborough,http://data.ordnancesurvey.co.uk/id/4000000074575425,http://www.ordnancesurvey.co.uk/xml/codelists/localtype.xml#town,West Lindsey,http://data.ordnancesurvey.co.uk/id/7000000000043527,http://data.ordnancesurvey.co.uk/ontology/admingeo/District,Lincolnshire,http://data.ordnancesurvey.co.uk/id/7000000000005942,http://data.ordnancesurvey.co.uk/ontology/admingeo/County,East Midlands,http://data.ordnancesurvey.co.uk/id/7000000000041423,England,http://data.ordnancesurvey.co.uk/id/country/england,,,
osgb4000000015629884,http://data.ordnancesurvey.co.uk/id/4000000015629884,Southfield Lane,,,,transportNetwork,Named Road,492770,392517,7000,20000,492755,391949,492934,393009,DN21,http://data.ordnancesurvey.co.uk/id/postcodedistrict/DN21,,,,West Lindsey,http://data.ordnancesurvey.co.uk/id/7000000000043527,http://data.ordnancesurvey.co.uk/ontology/admingeo/District,Lincolnshire,http://data.ordnancesurvey.co.uk/id/7000000000005942,http://data.ordnancesurvey.co.uk/ontology/admingeo/County,East Midlands,http://data.ordnancesurvey.co.uk/id/7000000000041423,England,http://data.ordnancesurvey.co.uk/id/country/england,,,
osgb4000000015634010,http://data.ordnancesurvey.co.uk/id/4000000015634010,Pingle Lane,,,,transportNetwork,Named Road,498908,392960,6000,20000,498405,392719,499382,393180,LN8,http://data.ordnancesurvey.co.uk/id/postcodedistrict/LN8,,,,West Lindsey,http://data.ordnancesurvey.co.uk/id/7000000000043527,http://data.ordnancesurvey.co.uk/ontology/admingeo/District,Lincolnshire,http://data.ordnancesurvey.co.uk/id/7000000000005942,http://data.ordnancesurvey.co.uk/ontology/admingeo/County,East Midlands,http://data.ordnancesurvey.co.uk/id/7000000000041423,England,http://data.ordnancesurvey.co.uk/id/country/england,,,
osgb4000000015642435,http://data.ordnancesurvey.co.uk/id/4000000015642435,Main Street,,,,transportNetwork,Named Road,486930,386620,1000,20000,486831,386598,487041,386640,DN21,http://data.ordnancesurvey.co.uk/id/postcodedistrict/DN21,Upton,http://data.ordnancesurvey.co.uk/id/4000000074578003,http://www.ordnancesurvey.co.uk/xml/codelists/localtype.xml#village,West Lindsey,http://data.ordnancesurvey.co.uk/id/7000000000043527,http://data.ordnancesurvey.co.uk/ontology/admingeo/District,Lincolnshire,http://data.ordnancesurvey.co.uk/id/7000000000005942,http://data.ordnancesurvey.co.uk/ontology/admingeo/County,East Midlands,http://data.ordnancesurvey.co.uk/id/7000000000041423,England,http://data.ordnancesurvey.co.uk/id/country/england,,,
osgb4000000015657707,http://data.ordnancesurvey.co.uk/id/4000000015657707,Salisbury Street,,,,transportNetwork,Named Road,481059,391000,1000,20000,481053,390926,481065,391049,DN21,http://data.ordnancesurvey.co.uk/id/postcodedistrict/DN21,Gainsborough,http://data.ordnancesurvey.co.uk/id/4000000074575425,http://www.ordnancesurvey.co.uk/xml/codelists/localtype.xml#town,West Lindsey,http://data.ordnancesurvey.co.uk/id/7000000000043527,http://data.ordnancesurvey.co.uk/ontology/admingeo/District,Lincolnshire,http://data.ordnancesurvey.co.uk/id/7000000000005942,http://data.ordnancesurvey.co.uk/ontology/admingeo/County,East Midlands,http://data.ordnancesurvey.co.uk/id/7000000000041423,England,http://data.ordnancesurvey.co.uk/id/country/england,,,
osgb4000000015907692,http://data.ordnancesurvey.co.uk/id/4000000015907692,Lane End,,,,transportNetwork,Named Road,493081,398782,1000,20000,493070,398772,493083,398816,DN21,http://data.ordnancesurvey.co.uk/id/postcodedistrict/DN21,Kirton in Lindsey,http://data.ordnancesurvey.co.uk/id/4000000074574884,http://www.ordnancesurvey.co.uk/xml/codelists/localtype.xml#town,,,,North Lincolnshire,http://data.ordnancesurvey.co.uk/id/7000000000025623,http://data.ordnancesurvey.co.uk/ontology/admingeo/UnitaryAuthority,Yorkshire and the Humber,http://data.ordnancesurvey.co.uk/id/7000000000041430,England,http://data.ordnancesurvey.co.uk/id/country/england,,,
7c594215-5c3c-44c5-8a69-7620acdba7f7,http://data.ordnancesurvey.co.uk/id/7c594215-5c3c-44c5-8a69-7620acdba7f7,Sandbeck Lane,,,,transportNetwork,Section Of Named Road,484967,394805,1000,25000,484947,394709,484989,394903,DN21,http://data.ordnancesurvey.co.uk/id/postcodedistrict/DN21,Blyton,http://data.ordnancesurvey.co.uk/id/4000000074575429,http://www.ordnancesurvey.co.uk/xml/codelists/localtype.xml#village,West Lindsey,http://data.ordnancesurvey.co.uk/id/7000000000043527,http://data.ordnancesurvey.co.uk/ontology/admingeo/District,Lincolnshire,http://data.ordnancesurvey.co.uk/id/7000000000005942,http://data.ordnancesurvey.co.uk/ontology/admingeo/County,East Midlands,http://data.ordnancesurvey.co.uk/id/7000000000041423,England,http://data.ordnancesurvey.co.uk/id/country/england,osgb4000000015629752,,
osgb4000000015634005,http://data.ordnancesurvey.co.uk/id/4000000015634005,Fillingham Lane,,,,transportNetwork,Named Road,489126,384893,18000,20000,487757,384598,490485,385254,DN21,http://data.ordnancesurvey.co.uk/id/postcodedistrict/DN21,,,,West Lindsey,http://data.ordnancesurvey.co.uk/id/7000000000043527,http://data.ordnancesurvey.co.uk/ontology/admingeo/District,Lincolnshire,http://data.ordnancesurvey.co.uk/id/7000000000005942,http://data.ordnancesurvey.co.uk/ontology/admingeo/County,East Midlands,http://data.ordnancesurvey.co.uk/id/7000000000041423,England,http://data.ordnancesurvey.co.uk/id/country/england,,,
osgb4000000015658549,http://data.ordnancesurvey.co.uk/id/4000000015658549,Wesley Street,,,,transportNetwork,Named Road,493541,398549,1000,20000,493440,398467,493667,398587,DN21,http://data.ordnancesurvey.co.uk/id/postcodedistrict/DN21,Kirton in Lindsey,http://data.ordnancesurvey.co.uk/id/4000000074574884,http://www.ordnancesurvey.co.uk/xml/codelists/localtype.xml#town,,,,North Lincolnshire,http://data.ordnancesurvey.co.uk/id/7000000000025623,http://data.ordnancesurvey.co.uk/ontology/admingeo/UnitaryAuthority,Yorkshire and the Humber,http://data.ordnancesurvey.co.uk/id/7000000000041430,England,http://data.ordnancesurvey.co.uk/id/country/england,,,
osgb4000000015657653,http://data.ordnancesurvey.co.uk/id/4000000015657653,Newlands,,,,transportNetwork,Named Road,482384,390038,2000,20000,482381,389923,482385,390164,DN21,http://data.ordnancesurvey.co.uk/id/postcodedistrict/DN21,Gainsborough,http://data.ordnancesurvey.co.uk/id/4000000074575425,http://www.ordnancesurvey.co.uk/xml/codelists/localtype.xml#town,West Lindsey,http://data.ordnancesurvey.co.uk/id/7000000000043527,http://data.ordnancesurvey.co.uk/ontology/admingeo/District,Lincolnshire,http://data.ordnancesurvey.co.uk/id/7000000000005942,http://data.ordnancesurvey.co.uk/ontology/admingeo/County,East Midlands,http://data.ordnancesurvey.co.uk/id/7000000000041423,England,http://data.ordnancesurvey.co.uk/id/country/england,,,
osgb4000000015674486,http://data.ordnancesurvey.co.uk/id/4000000015674486,Chapel Road,,,,transportNetwork,Named Road,494512,385833,1000,20000,494496,385784,494524,385900,DN21,http://data.ordnancesurvey.co.uk/id/postcodedistrict/DN21,Fillingham,http://data.ordnancesurvey.co.uk/id/4000000074574877,http://www.ordnancesurvey.co.uk/xml/codelists/localtype.xml#village,West Lindsey,http://data.ordnancesurvey.co.uk/id/7000000000043527,http://data.ordnancesurvey.co.uk/ontology/admingeo/District,Lincolnshire,http://data.ordnancesurvey.co.uk/id/7000000000005942,http://data.ordnancesurvey.co.uk/ontology/admingeo/County,East Midlands,http://data.ordnancesurvey.co.uk/id/7000000000041423,England,http://data.ordnancesurvey.co.uk/id/country/england,,,
osgb4000000015673617,http://data.ordnancesurvey.co.uk/id/4000000015673617,Caenby Close,,,,transportNetwork,Named Road,482954,389210,1000,20000,482938,389187,482969,389231,DN21,http://data.ordnancesurvey.co.uk/id/postcodedistrict/DN21,Gainsborough,http://data.ordnancesurvey.co.uk/id/4000000074575425,http://www.ordnancesurvey.co.uk/xml/codelists/localtype.xml#town,West Lindsey,http://data.ordnancesurvey.co.uk/id/7000000000043527,http://data.ordnancesurvey.co.uk/ontology/admingeo/District,Lincolnshire,http://data.ordnancesurvey.co.uk/id/7000000000005942,http://data.ordnancesurvey.co.uk/ontology/admingeo/County,East Midlands,http://data.ordnancesurvey.co.uk/id/7000000000041423,England,http://data.ordnancesurvey.co.uk/id/country/england,,,
osgb5000005254603697,http://data.ordnancesurvey.co.uk/id/5000005254603697,Catherine Close,,,,transportNetwork,Named Road,481132,391415,1000,20000,481114,391406,481151,391428,DN21,http://data.ordnancesurvey.co.uk/id/postcodedistrict/DN21,Gainsborough,http://data.ordnancesurvey.co.uk/id/4000000074575425,http://www.ordnancesurvey.co.uk/xml/codelists/localtype.xml#town,West Lindsey,http://data.ordnancesurvey.co.uk/id/7000000000043527,http://data.ordnancesurvey.co.uk/ontology/admingeo/District,Lincolnshire,http://data.ordnancesurvey.co.uk/id/7000000000005942,http://data.ordnancesurvey.co.uk/ontology/admingeo/County,East Midlands,http://data.ordnancesurvey.co.uk/id/7000000000041423,England,http://data.ordnancesurvey.co.uk/id/country/england,,,
osgb4000000015657668,http://data.ordnancesurvey.co.uk/id/4000000015657668,Chestnut Avenue,,,,transportNetwork,Named Road,481945,390551,1000,20000,481927,390478,481967,390635,DN21,http://data.ordnancesurvey.co.uk/id/postcodedistrict/DN21,Gainsborough,http://data.ordnancesurvey.co.uk/id/4000000074575425,http://www.ordnancesurvey.co.uk/xml/codelists/localtype.xml#town,West Lindsey,http://data.ordnancesurvey.co.uk/id/7000000000043527,http://data.ordnancesurvey.co.uk/ontology/admingeo/District,Lincolnshire,http://data.ordnancesurvey.co.uk/id/7000000000005942,http://data.ordnancesurvey.co.uk/ontology/admingeo/County,East Midlands,http://data.ordnancesurvey.co.uk/id/7000000000041423,England,http://data.ordnancesurvey.co.uk/id/country/england,,,
osgb4000000015627619,http://data.ordnancesurvey.co.uk/id/4000000015627619,Pilham Lane,,,,transportNetwork,Named Road,486399,392706,20000,21000,484722,391092,486495,394366,DN21,http://data.ordnancesurvey.co.uk/id/postcodedistrict/DN21,,,,West Lindsey,http://data.ordnancesurvey.co.uk/id/7000000000043527,http://data.ordnancesurvey.co.uk/ontology/admingeo/District,Lincolnshire,http://data.ordnancesurvey.co.uk/id/7000000000005942,http://data.ordnancesurvey.co.uk/ontology/admingeo/County,East Midlands,http://data.ordnancesurvey.co.uk/id/7000000000041423,England,http://data.ordnancesurvey.co.uk/id/country/england,,,
osgb4000000015657658,http://data.ordnancesurvey.co.uk/id/4000000015657658,Carson Road,,,,transportNetwork,Named Road,481500,390606,1000,20000,481476,390553,481511,390720,DN21,http://data.ordnancesurvey.co.uk/id/postcodedistrict/DN21,Gainsborough,http://data.ordnancesurvey.co.uk/id/4000000074575425,http://www.ordnancesurvey.co.uk/xml/codelists/localtype.xml#town,West Lindsey,http://data.ordnancesurvey.co.uk/id/7000000000043527,http://data.ordnancesurvey.co.uk/ontology/admingeo/District,Lincolnshire,http://data.ordnancesurvey.co.uk/id/7000000000005942,http://data.ordnancesurvey.co.uk/ontology/admingeo/County,East Midlands,http://data.ordnancesurvey.co.uk/id/7000000000041423,England,http://data.ordnancesurvey.co.uk/id/country/england,,,
osgb4000000015682066,http://data.ordnancesurvey.co.uk/id/4000000015682066,Ruskin Street,,,,transportNetwork,Named Road,481794,388897,1000,20000,481776,388894,481823,388901,DN21,http://data.ordnancesurvey.co.uk/id/postcodedistrict/DN21,Gainsborough,http://data.ordnancesurvey.co.uk/id/4000000074575425,http://www.ordnancesurvey.co.uk/xml/codelists/localtype.xml#town,West Lindsey,http://data.ordnancesurvey.co.uk/id/7000000000043527,http://data.ordnancesurvey.co.uk/ontology/admingeo/District,Lincolnshire,http://data.ordnancesurvey.co.uk/id/7000000000005942,http://data.ordnancesurvey.co.uk/ontology/admingeo/County,East Midlands,http://data.ordnancesurvey.co.uk/id/7000000000041423,England,http://data.ordnancesurvey.co.uk/id/country/england,,,
osgb4000000015634014,http://data.ordnancesurvey.co.uk/id/4000000015634014,Monson Road,,,,transportNetwork,Named Road,489558,396835,5000,20000,489487,396393,489662,397221,DN21,http://data.ordnancesurvey.co.uk/id/postcodedistrict/DN21,Northorpe,http://data.ordnancesurvey.co.uk/id/4000000074574885,http://www.ordnancesurvey.co.uk/xml/codelists/localtype.xml#village,West Lindsey,http://data.ordnancesurvey.co.uk/id/7000000000043527,http://data.ordnancesurvey.co.uk/ontology/admingeo/District,Lincolnshire,http://data.ordnancesurvey.co.uk/id/7000000000005942,http://data.ordnancesurvey.co.uk/ontology/admingeo/County,East Midlands,http://data.ordnancesurvey.co.uk/id/7000000000041423,England,http://data.ordnancesurvey.co.uk/id/country/england,,,
osgb5000005231826813,http://data.ordnancesurvey.co.uk/id/5000005231826813,Spruce Walk,,,,transportNetwork,Named Road,484098,384958,8000,20000,483621,384312,484111,385565,DN21,http://data.ordnancesurvey.co.uk/id/postcodedistrict/DN21,,,,West Lindsey,http://data.ordnancesurvey.co.uk/id/7000000000043527,http://data.ordnancesurvey.co.uk/ontology/admingeo/District,Lincolnshire,http://data.ordnancesurvey.co.uk/id/7000000000005942,http://data.ordnancesurvey.co.uk/ontology/admingeo/County,East Midlands,http://data.ordnancesurvey.co.uk/id/7000000000041423,England,http://data.ordnancesurvey.co.uk/id/country/england,,,
osgb4000000015657633,http://data.ordnancesurvey.co.uk/id/4000000015657633,Japan Road,,,,transportNetwork,Named Road,480979,390477,1000,20000,480854,390461,481042,390484,DN21,http://data.ordnancesurvey.co.uk/id/postcodedistrict/DN21,Gainsborough,http://data.ordnancesurvey.co.uk/id/4000000074575425,http://www.ordnancesurvey.co.uk/xml/codelists/localtype.xml#town,West Lindsey,http://data.ordnancesurvey.co.uk/id/7000000000043527,http://data.ordnancesurvey.co.uk/ontology/admingeo/District,Lincolnshire,http://data.ordnancesurvey.co.uk/id/7000000000005942,http://data.ordnancesurvey.co.uk/ontology/admingeo/County,East Midlands,http://data.ordnancesurvey.co.uk/id/7000000000041423,England,http://data.ordnancesurvey.co.uk/id/country/england,,,
c24c0feb-c2c4-4156-91dc-adcbab8b4b3e,http://data.ordnancesurvey.co.uk/id/c24c0feb-c2c4-4156-91dc-adcbab8b4b3e,Clay Lane,,,,transportNetwork,Section Of Named Road,498763,396477,1000,25000,498752,396379,498803,396607,DN21,http://data.ordnancesurvey.co.uk/id/postcodedistrict/DN21,Waddingham,http://data.ordnancesurvey.co.uk/id/4000000074574880,http://www.ordnancesurvey.co.uk/xml/codelists/localtype.xml#village,West Lindsey,http://data.ordnancesurvey.co.uk/id/7000000000043527,http://data.ordnancesurvey.co.uk/ontology/admingeo/District,Lincolnshire,http://data.ordnancesurvey.co.uk/id/7000000000005942,http://data.ordnancesurvey.co.uk/ontology/admingeo/County,East Midlands,http://data.ordnancesurvey.co.uk/id/7000000000041423,England,http://data.ordnancesurvey.co.uk/id/country/england,osgb4000000015629895,,
osgb4000000015682089,http://data.ordnancesurvey.co.uk/id/4000000015682089,Laurel Close,,,,transportNetwork,Named Road,482483,390632,1000,20000,482461,390603,482488,390653,DN21,http://data.ordnancesurvey.co.uk/id/postcodedistrict/DN21,Gainsborough,http://data.ordnancesurvey.co.uk/id/4000000074575425,http://www.ordnancesurvey.co.uk/xml/codelists/localtype.xml#town,West Lindsey,http://data.ordnancesurvey.co.uk/id/7000000000043527,http://data.ordnancesurvey.co.uk/ontology/admingeo/District,Lincolnshire,http://data.ordnancesurvey.co.uk/id/7000000000005942,http://data.ordnancesurvey.co.uk/ontology/admingeo/County,East Midlands,http://data.ordnancesurvey.co.uk/id/7000000000041423,England,http://data.ordnancesurvey.co.uk/id/country/england,,,
osgb4000000015788875,http://data.ordnancesurvey.co.uk/id/4000000015788875,Endell Drive,,,,transportNetwork,Named Road,493579,398107,1000,20000,493545,398053,493618,398146,DN21,http://data.ordnancesurvey.co.uk/id/postcodedistrict/DN21,Kirton in Lindsey,http://data.ordnancesurvey.co.uk/id/4000000074574884,http://www.ordnancesurvey.co.uk/xml/codelists/localtype.xml#town,,,,North Lincolnshire,http://data.ordnancesurvey.co.uk/id/7000000000025623,http://data.ordnancesurvey.co.uk/ontology/admingeo/UnitaryAuthority,Yorkshire and the Humber,http://data.ordnancesurvey.co.uk/id/7000000000041430,England,http://data.ordnancesurvey.co.uk/id/country/england,,,
6efc93b8-3f80-4589-8ad9-9423ab12b937,http://data.ordnancesurvey.co.uk/id/6efc93b8-3f80-4589-8ad9-9423ab12b937,Moor Road,,,,transportNetwork,Section Of Named Road,498734,394751,4000,25000,498449,394615,499041,394860,DN21,http://data.ordnancesurvey.co.uk/id/postcodedistrict/DN21,Snitterby,http://data.ordnancesurvey.co.uk/id/4000000074574606,http://www.ordnancesurvey.co.uk/xml/codelists/localtype.xml#village,West Lindsey,http://data.ordnancesurvey.co.uk/id/7000000000043527,http://data.ordnancesurvey.co.uk/ontology/admingeo/District,Lincolnshire,http://data.ordnancesurvey.co.uk/id/7000000000005942,http://data.ordnancesurvey.co.uk/ontology/admingeo/County,East Midlands,http://data.ordnancesurvey.co.uk/id/7000000000041423,England,http://data.ordnancesurvey.co.uk/id/country/england,osgb4000000015634011,,
osgb5000005231826705,http://data.ordnancesurvey.co.uk/id/5000005231826705,Plot Field Road,,,,transportNetwork,Named Road,487469,389196,3000,20000,487250,389136,487688,389257,DN21,http://data.ordnancesurvey.co.uk/id/postcodedistrict/DN21,,,,West Lindsey,http://data.ordnancesurvey.co.uk/id/7000000000043527,http://data.ordnancesurvey.co.uk/ontology/admingeo/District,Lincolnshire,http://data.ordnancesurvey.co.uk/id/7000000000005942,http://data.ordnancesurvey.co.uk/ontology/admingeo/County,East Midlands,http://data.ordnancesurvey.co.uk/id/7000000000041423,England,http://data.ordnancesurvey.co.uk/id/country/england,,,
osgb4000000015991738,http://data.ordnancesurvey.co.uk/id/4000000015991738,Cow Pasture Lane,,,,transportNetwork,Named Road,480707,380259,7000,20000,480640,379737,480788,380788,DN22,http://data.ordnancesurvey.co.uk/id/postcodedistrict/DN22,,,,Bassetlaw,http://data.ordnancesurvey.co.uk/id/7000000000008122,http://data.ordnancesurvey.co.uk/ontology/admingeo/District,Nottinghamshire,http://data.ordnancesurvey.co.uk/id/7000000000008127,http://data.ordnancesurvey.co.uk/ontology/admingeo/County,East Midlands,http://data.ordnancesurvey.co.uk/id/7000000000041423,England,http://data.ordnancesurvey.co.uk/id/country/england,,,
osgb5000005303860075,http://data.ordnancesurvey.co.uk/id/5000005303860075,Beggar's Lane,,,,transportNetwork,Named Road,487489,384850,3000,20000,487458,384618,487625,385086,DN21,http://data.ordnancesurvey.co.uk/id/postcodedistrict/DN21,,,,West Lindsey,http://data.ordnancesurvey.co.uk/id/7000000000043527,http://data.ordnancesurvey.co.uk/ontology/admingeo/District,Lincolnshire,http://data.ordnancesurvey.co.uk/id/7000000000005942,http://data.ordnancesurvey.co.uk/ontology/admingeo/County,East Midlands,http://data.ordnancesurvey.co.uk/id/7000000000041423,England,http://data.ordnancesurvey.co.uk/id/country/england,,,
osgb4000000015629753,http://data.ordnancesurvey.co.uk/id/4000000015629753,High Street,,,,transportNetwork,Named Road,485320,394897,5000,20000,484916,394667,485721,395120,DN21,http://data.ordnancesurvey.co.uk/id/postcodedistrict/DN21,Blyton,http://data.ordnancesurvey.co.uk/id/4000000074575429,http://www.ordnancesurvey.co.uk/xml/codelists/localtype.xml#village,West Lindsey,http://data.ordnancesurvey.co.uk/id/7000000000043527,http://data.ordnancesurvey.co.uk/ontology/admingeo/District,Lincolnshire,http://data.ordnancesurvey.co.uk/id/7000000000005942,http://data.ordnancesurvey.co.uk/ontology/admingeo/County,East Midlands,http://data.ordnancesurvey.co.uk/id/7000000000041423,England,http://data.ordnancesurvey.co.uk/id/country/england,,,
osgb4000000015674490,http://data.ordnancesurvey.co.uk/id/4000000015674490,Anderson Road,,,,transportNetwork,Named Road,495213,389870,1000,20000,495156,389850,495256,389902,DN21,http://data.ordnancesurvey.co.uk/id/postcodedistrict/DN21,Hemswell Cliff,http://data.ordnancesurvey.co.uk/id/4000000074574338,http://www.ordnancesurvey.co.uk/xml/codelists/localtype.xml#village,West Lindsey,http://data.ordnancesurvey.co.uk/id/7000000000043527,http://data.ordnancesurvey.co.uk/ontology/admingeo/District,Lincolnshire,http://data.ordnancesurvey.co.uk/id/7000000000005942,http://data.ordnancesurvey.co.uk/ontology/admingeo/County,East Midlands,http://data.ordnancesurvey.co.uk/id/7000000000041423,England,http://data.ordnancesurvey.co.uk/id/country/england,,,
osgb4000000015682075,http://data.ordnancesurvey.co.uk/id/4000000015682075,Bright Street,,,,transportNetwork,Named Road,481333,389940,1000,20000,481329,389906,481339,389962,DN21,http://data.ordnancesurvey.co.uk/id/postcodedistrict/DN21,Gainsborough,http://data.ordnancesurvey.co.uk/id/4000000074575425,http://www.ordnancesurvey.co.uk/xml/codelists/localtype.xml#town,West Lindsey,http://data.ordnancesurvey.co.uk/id/7000000000043527,http://data.ordnancesurvey.co.uk/ontology/admingeo/District,Lincolnshire,http://data.ordnancesurvey.co.uk/id/7000000000005942,http://data.ordnancesurvey.co.uk/ontology/admingeo/County,East Midlands,http://data.ordnancesurvey.co.uk/id/7000000000041423,England,http://data.ordnancesurvey.co.uk/id/country/england,,,
osgb4000000015657660,http://data.ordnancesurvey.co.uk/id/4000000015657660,Old Showfields,,,,transportNetwork,Named Road,481505,390847,2000,20000,481479,390735,481558,390969,DN21,http://data.ordnancesurvey.co.uk/id/postcodedistrict/DN21,Gainsborough,http://data.ordnancesurvey.co.uk/id/4000000074575425,http://www.ordnancesurvey.co.uk/xml/codelists/localtype.xml#town,West Lindsey,http://data.ordnancesurvey.co.uk/id/7000000000043527,http://data.ordnancesurvey.co.uk/ontology/admingeo/District,Lincolnshire,http://data.ordnancesurvey.co.uk/id/7000000000005942,http://data.ordnancesurvey.co.uk/ontology/admingeo/County,East Midlands,http://data.ordnancesurvey.co.uk/id/7000000000041423,England,http://data.ordnancesurvey.co.uk/id/country/england,,,
osgb4000000015986497,http://data.ordnancesurvey.co.uk/id/4000000015986497,North Intake Lane,,,,transportNetwork,Named Road,480146,397234,2000,20000,480092,397105,480210,397371,DN9,http://data.ordnancesurvey.co.uk/id/postcodedistrict/DN9,,,,,,,North Lincolnshire,http://data.ordnancesurvey.co.uk/id/7000000000025623,http://data.ordnancesurvey.co.uk/ontology/admingeo/UnitaryAuthority,Yorkshire and the Humber,http://data.ordnancesurvey.co.uk/id/7000000000041430,England,http://data.ordnancesurvey.co.uk/id/country/england,,,
osgb4000000015657700,http://data.ordnancesurvey.co.uk/id/4000000015657700,Danes Road,,,,transportNetwork,Named Road,482601,390079,2000,20000,482565,389930,482630,390168,DN21,http://data.ordnancesurvey.co.uk/id/postcodedistrict/DN21,Gainsborough,http://data.ordnancesurvey.co.uk/id/4000000074575425,http://www.ordnancesurvey.co.uk/xml/codelists/localtype.xml#town,West Lindsey,http://data.ordnancesurvey.co.uk/id/7000000000043527,http://data.ordnancesurvey.co.uk/ontology/admingeo/District,Lincolnshire,http://data.ordnancesurvey.co.uk/id/7000000000005942,http://data.ordnancesurvey.co.uk/ontology/admingeo/County,East Midlands,http://data.ordnancesurvey.co.uk/id/7000000000041423,England,http://data.ordnancesurvey.co.uk/id/country/england,,,
osgb4000000015657623,http://data.ordnancesurvey.co.uk/id/4000000015657623,Wellington Street,,,,transportNetwork,Named Road,481750,389109,1000,20000,481709,389100,481834,389128,DN21,http://data.ordnancesurvey.co.uk/id/postcodedistrict/DN21,Gainsborough,http://data.ordnancesurvey.co.uk/id/4000000074575425,http://www.ordnancesurvey.co.uk/xml/codelists/localtype.xml#town,West Lindsey,http://data.ordnancesurvey.co.uk/id/7000000000043527,http://data.ordnancesurvey.co.uk/ontology/admingeo/District,Lincolnshire,http://data.ordnancesurvey.co.uk/id/7000000000005942,http://data.ordnancesurvey.co.uk/ontology/admingeo/County,East Midlands,http://data.ordnancesurvey.co.uk/id/7000000000041423,England,http://data.ordnancesurvey.co.uk/id/country/england,,,
osgb5000005295753239,http://data.ordnancesurvey.co.uk/id/5000005295753239,Austin Drive,,,,transportNetwork,Named Road,482275,388982,1000,20000,482273,388982,482275,389009,DN21,http://data.ordnancesurvey.co.uk/id/postcodedistrict/DN21,Gainsborough,http://data.ordnancesurvey.co.uk/id/4000000074575425,http://www.ordnancesurvey.co.uk/xml/codelists/localtype.xml#town,West Lindsey,http://data.ordnancesurvey.co.uk/id/7000000000043527,http://data.ordnancesurvey.co.uk/ontology/admingeo/District,Lincolnshire,http://data.ordnancesurvey.co.uk/id/7000000000005942,http://data.ordnancesurvey.co.uk/ontology/admingeo/County,East Midlands,http://data.ordnancesurvey.co.uk/id/7000000000041423,England,http://data.ordnancesurvey.co.uk/id/country/england,,,
osgb4000000015657612,http://data.ordnancesurvey.co.uk/id/4000000015657612,Shakespeare Street,,,,transportNetwork,Named Road,481900,388662,1000,20000,481844,388631,481977,388682,DN21,http://data.ordnancesurvey.co.uk/id/postcodedistrict/DN21,Gainsborough,http://data.ordnancesurvey.co.uk/id/4000000074575425,http://www.ordnancesurvey.co.uk/xml/codelists/localtype.xml#town,West Lindsey,http://data.ordnancesurvey.co.uk/id/7000000000043527,http://data.ordnancesurvey.co.uk/ontology/admingeo/District,Lincolnshire,http://data.ordnancesurvey.co.uk/id/7000000000005942,http://data.ordnancesurvey.co.uk/ontology/admingeo/County,East Midlands,http://data.ordnancesurvey.co.uk/id/7000000000041423,England,http://data.ordnancesurvey.co.uk/id/country/england,,,
5300b860-f3d5-46df-8b4f-d0433a2fbdc6,http://data.ordnancesurvey.co.uk/id/5300b860-f3d5-46df-8b4f-d0433a2fbdc6,Ings Road,,,,transportNetwork,Section Of Named Road,493100,398773,5000,25000,492749,398699,493445,398911,DN21,http://data.ordnancesurvey.co.uk/id/postcodedistrict/DN21,Kirton in Lindsey,http://data.ordnancesurvey.co.uk/id/4000000074574884,http://www.ordnancesurvey.co.uk/xml/codelists/localtype.xml#town,,,,North Lincolnshire,http://data.ordnancesurvey.co.uk/id/7000000000025623,http://data.ordnancesurvey.co.uk/ontology/admingeo/UnitaryAuthority,Yorkshire and the Humber,http://data.ordnancesurvey.co.uk/id/7000000000041430,England,http://data.ordnancesurvey.co.uk/id/country/england,osgb4000000015629893,,
osgb4000000015683493,http://data.ordnancesurvey.co.uk/id/4000000015683493,Laughton Road,,,,transportNetwork,Named Road,485725,395570,5000,20000,485713,395120,485785,395911,DN21,http://data.ordnancesurvey.co.uk/id/postcodedistrict/DN21,,,,West Lindsey,http://data.ordnancesurvey.co.uk/id/7000000000043527,http://data.ordnancesurvey.co.uk/ontology/admingeo/District,Lincolnshire,http://data.ordnancesurvey.co.uk/id/7000000000005942,http://data.ordnancesurvey.co.uk/ontology/admingeo/County,East Midlands,http://data.ordnancesurvey.co.uk/id/7000000000041423,England,http://data.ordnancesurvey.co.uk/id/country/england,,,
osgb4000000015674464,http://data.ordnancesurvey.co.uk/id/4000000015674464,Manor Farm Drive,,,,transportNetwork,Named Road,489194,380726,1000,20000,489187,380659,489243,380772,LN1,http://data.ordnancesurvey.co.uk/id/postcodedistrict/LN1,Sturton by Stow,http://data.ordnancesurvey.co.uk/id/4000000074574600,http://www.ordnancesurvey.co.uk/xml/codelists/localtype.xml#village,West Lindsey,http://data.ordnancesurvey.co.uk/id/7000000000043527,http://data.ordnancesurvey.co.uk/ontology/admingeo/District,Lincolnshire,http://data.ordnancesurvey.co.uk/id/7000000000005942,http://data.ordnancesurvey.co.uk/ontology/admingeo/County,East Midlands,http://data.ordnancesurvey.co.uk/id/7000000000041423,England,http://data.ordnancesurvey.co.uk/id/country/england,,,
osgb4000000015674499,http://data.ordnancesurvey.co.uk/id/4000000015674499,Church Lane,,,,transportNetwork,Named Road,489027,399203,1000,20000,489012,399128,489056,399230,DN21,http://data.ordnancesurvey.co.uk/id/postcodedistrict/DN21,Scotton,http://data.ordnancesurvey.co.uk/id/4000000074575140,http://www.ordnancesurvey.co.uk/xml/codelists/localtype.xml#village,West Lindsey,http://data.ordnancesurvey.co.uk/id/7000000000043527,http://data.ordnancesurvey.co.uk/ontology/admingeo/District,Lincolnshire,http://data.ordnancesurvey.co.uk/id/7000000000005942,http://data.ordnancesurvey.co.uk/ontology/admingeo/County,East Midlands,http://data.ordnancesurvey.co.uk/id/7000000000041423,England,http://data.ordnancesurvey.co.uk/id/country/england,,,
osgb4000000015633823,http://data.ordnancesurvey.co.uk/id/4000000015633823,Morton Road,,,,transportNetwork,Named Road,484528,397467,3000,20000,484300,397351,484837,397622,DN21,http://data.ordnancesurvey.co.uk/id/postcodedistrict/DN21,Laughton,http://data.ordnancesurvey.co.uk/id/4000000074575722,http://www.ordnancesurvey.co.uk/xml/codelists/localtype.xml#village,West Lindsey,http://data.ordnancesurvey.co.uk/id/7000000000043527,http://data.ordnancesurvey.co.uk/ontology/admingeo/District,Lincolnshire,http://data.ordnancesurvey.co.uk/id/7000000000005942,http://data.ordnancesurvey.co.uk/ontology/admingeo/County,East Midlands,http://data.ordnancesurvey.co.uk/id/7000000000041423,England,http://data.ordnancesurvey.co.uk/id/country/england,,,
osgb5000005297834633,http://data.ordnancesurvey.co.uk/id/5000005297834633,Orchard Avenue,,,,transportNetwork,Named Road,483122,386465,1000,20000,483012,386457,483234,386480,DN21,http://data.ordnancesurvey.co.uk/id/postcodedistrict/DN21,Lea,http://data.ordnancesurvey.co.uk/id/4000000074578253,http://www.ordnancesurvey.co.uk/xml/codelists/localtype.xml#village,West Lindsey,http://data.ordnancesurvey.co.uk/id/7000000000043527,http://data.ordnancesurvey.co.uk/ontology/admingeo/District,Lincolnshire,http://data.ordnancesurvey.co.uk/id/7000000000005942,http://data.ordnancesurvey.co.uk/ontology/admingeo/County,East Midlands,http://data.ordnancesurvey.co.uk/id/7000000000041423,England,http://data.ordnancesurvey.co.uk/id/country/england,,,
osgb4000000015673652,http://data.ordnancesurvey.co.uk/id/4000000015673652,Paddock Lane East,,,,transportNetwork,Named Road,485106,394576,1000,20000,485055,394570,485164,394601,DN21,http://data.ordnancesurvey.co.uk/id/postcodedistrict/DN21,Blyton,http://data.ordnancesurvey.co.uk/id/4000000074575429,http://www.ordnancesurvey.co.uk/xml/codelists/localtype.xml#village,West Lindsey,http://data.ordnancesurvey.co.uk/id/7000000000043527,http://data.ordnancesurvey.co.uk/ontology/admingeo/District,Lincolnshire,http://data.ordnancesurvey.co.uk/id/7000000000005942,http://data.ordnancesurvey.co.uk/ontology/admingeo/County,East Midlands,http://data.ordnancesurvey.co.uk/id/7000000000041423,England,http://data.ordnancesurvey.co.uk/id/country/england,,,
osgb4000000015633998,http://data.ordnancesurvey.co.uk/id/4000000015633998,Fleets Road,,,,transportNetwork,Named Road,489563,380578,7000,20000,489007,380466,490120,380694,LN1,http://data.ordnancesurvey.co.uk/id/postcodedistrict/LN1,,,,West Lindsey,http://data.ordnancesurvey.co.uk/id/7000000000043527,http://data.ordnancesurvey.co.uk/ontology/admingeo/District,Lincolnshire,http://data.ordnancesurvey.co.uk/id/7000000000005942,http://data.ordnancesurvey.co.uk/ontology/admingeo/County,East Midlands,http://data.ordnancesurvey.co.uk/id/7000000000041423,England,http://data.ordnancesurvey.co.uk/id/country/england,,,
osgb4000000015642083,http://data.ordnancesurvey.co.uk/id/4000000015642083,Trent Port Road,,,,transportNetwork,Named Road,483726,381705,3000,20000,483481,381544,483988,381790,DN21,http://data.ordnancesurvey.co.uk/id/postcodedistrict/DN21,Marton,http://data.ordnancesurvey.co.uk/id/4000000074577537,http://www.ordnancesurvey.co.uk/xml/codelists/localtype.xml#village,West Lindsey,http://data.ordnancesurvey.co.uk/id/7000000000043527,http://data.ordnancesurvey.co.uk/ontology/admingeo/District,Lincolnshire,http://data.ordnancesurvey.co.uk/id/7000000000005942,http://data.ordnancesurvey.co.uk/ontology/admingeo/County,East Midlands,http://data.ordnancesurvey.co.uk/id/7000000000041423,England,http://data.ordnancesurvey.co.uk/id/country/england,,,
osgb4000000015673625,http://data.ordnancesurvey.co.uk/id/4000000015673625,Newton Close,,,,transportNetwork,Named Road,482979,389893,1000,20000,482949,389856,483014,389959,DN21,http://data.ordnancesurvey.co.uk/id/postcodedistrict/DN21,Gainsborough,http://data.ordnancesurvey.co.uk/id/4000000074575425,http://www.ordnancesurvey.co.uk/xml/codelists/localtype.xml#town,West Lindsey,http://data.ordnancesurvey.co.uk/id/7000000000043527,http://data.ordnancesurvey.co.uk/ontology/admingeo/District,Lincolnshire,http://data.ordnancesurvey.co.uk/id/7000000000005942,http://data.ordnancesurvey.co.uk/ontology/admingeo/County,East Midlands,http://data.ordnancesurvey.co.uk/id/7000000000041423,England,http://data.ordnancesurvey.co.uk/id/country/england,,,
osgb4000000015673634,http://data.ordnancesurvey.co.uk/id/4000000015673634,Redman Close,,,,transportNetwork,Named Road,482496,390445,1000,20000,482478,390403,482527,390492,DN21,http://data.ordnancesurvey.co.uk/id/postcodedistrict/DN21,Gainsborough,http://data.ordnancesurvey.co.uk/id/4000000074575425,http://www.ordnancesurvey.co.uk/xml/codelists/localtype.xml#town,West Lindsey,http://data.ordnancesurvey.co.uk/id/7000000000043527,http://data.ordnancesurvey.co.uk/ontology/admingeo/District,Lincolnshire,http://data.ordnancesurvey.co.uk/id/7000000000005942,http://data.ordnancesurvey.co.uk/ontology/admingeo/County,East Midlands,http://data.ordnancesurvey.co.uk/id/7000000000041423,England,http://data.ordnancesurvey.co.uk/id/country/england,,,
osgb4000000015725603,http://data.ordnancesurvey.co.uk/id/4000000015725603,Church Lane,,,,transportNetwork,Named Road,498707,396417,1000,20000,498649,396324,498708,396525,DN21,http://data.ordnancesurvey.co.uk/id/postcodedistrict/DN21,Waddingham,http://data.ordnancesurvey.co.uk/id/4000000074574880,http://www.ordnancesurvey.co.uk/xml/codelists/localtype.xml#village,West Lindsey,http://data.ordnancesurvey.co.uk/id/7000000000043527,http://data.ordnancesurvey.co.uk/ontology/admingeo/District,Lincolnshire,http://data.ordnancesurvey.co.uk/id/7000000000005942,http://data.ordnancesurvey.co.uk/ontology/admingeo/County,East Midlands,http://data.ordnancesurvey.co.uk/id/7000000000041423,England,http://data.ordnancesurvey.co.uk/id/country/england,,,
osgb4000000015627037,http://data.ordnancesurvey.co.uk/id/4000000015627037,Corringham Road,,,,transportNetwork,Named Road,484337,390609,20000,28000,482263,390410,486495,391092,DN21,http://data.ordnancesurvey.co.uk/id/postcodedistrict/DN21,,,,West Lindsey,http://data.ordnancesurvey.co.uk/id/7000000000043527,http://data.ordnancesurvey.co.uk/ontology/admingeo/District,Lincolnshire,http://data.ordnancesurvey.co.uk/id/7000000000005942,http://data.ordnancesurvey.co.uk/ontology/admingeo/County,East Midlands,http://data.ordnancesurvey.co.uk/id/7000000000041423,England,http://data.ordnancesurvey.co.uk/id/country/england,,,
osgb4000000015673633,http://data.ordnancesurvey.co.uk/id/4000000015673633,Marlow Road,,,,transportNetwork,Named Road,482303,390766,4000,20000,482026,390721,482575,390794,DN21,http://data.ordnancesurvey.co.uk/id/postcodedistrict/DN21,Gainsborough,http://data.ordnancesurvey.co.uk/id/4000000074575425,http://www.ordnancesurvey.co.uk/xml/codelists/localtype.xml#town,West Lindsey,http://data.ordnancesurvey.co.uk/id/7000000000043527,http://data.ordnancesurvey.co.uk/ontology/admingeo/District,Lincolnshire,http://data.ordnancesurvey.co.uk/id/7000000000005942,http://data.ordnancesurvey.co.uk/ontology/admingeo/County,East Midlands,http://data.ordnancesurvey.co.uk/id/7000000000041423,England,http://data.ordnancesurvey.co.uk/id/country/england,,,
osgb4000000015657690,http://data.ordnancesurvey.co.uk/id/4000000015657690,Keelby Road,,,,transportNetwork,Named Road,483191,389043,1000,20000,483135,389014,483256,389074,DN21,http://data.ordnancesurvey.co.uk/id/postcodedistrict/DN21,Gainsborough,http://data.ordnancesurvey.co.uk/id/4000000074575425,http://www.ordnancesurvey.co.uk/xml/codelists/localtype.xml#town,West Lindsey,http://data.ordnancesurvey.co.uk/id/7000000000043527,http://data.ordnancesurvey.co.uk/ontology/admingeo/District,Lincolnshire,http://data.ordnancesurvey.co.uk/id/7000000000005942,http://data.ordnancesurvey.co.uk/ontology/admingeo/County,East Midlands,http://data.ordnancesurvey.co.uk/id/7000000000041423,England,http://data.ordnancesurvey.co.uk/id/country/england,,,
osgb4000000015682091,http://data.ordnancesurvey.co.uk/id/4000000015682091,Birchwood View,,,,transportNetwork,Named Road,482605,390367,1000,20000,482495,390271,482626,390490,DN21,http://data.ordnancesurvey.co.uk/id/postcodedistrict/DN21,Gainsborough,http://data.ordnancesurvey.co.uk/id/4000000074575425,http://www.ordnancesurvey.co.uk/xml/codelists/localtype.xml#town,West Lindsey,http://data.ordnancesurvey.co.uk/id/7000000000043527,http://data.ordnancesurvey.co.uk/ontology/admingeo/District,Lincolnshire,http://data.ordnancesurvey.co.uk/id/7000000000005942,http://data.ordnancesurvey.co.uk/ontology/admingeo/County,East Midlands,http://data.ordnancesurvey.co.uk/id/7000000000041423,England,http://data.ordnancesurvey.co.uk/id/country/england,,,
osgb5000005292429769,http://data.ordnancesurvey.co.uk/id/5000005292429769,Karsten Avenue,,,,transportNetwork,Named Road,482418,391065,1000,20000,482396,391052,482437,391081,DN21,http://data.ordnancesurvey.co.uk/id/postcodedistrict/DN21,Gainsborough,http://data.ordnancesurvey.co.uk/id/4000000074575425,http://www.ordnancesurvey.co.uk/xml/codelists/localtype.xml#town,West Lindsey,http://data.ordnancesurvey.co.uk/id/7000000000043527,http://data.ordnancesurvey.co.uk/ontology/admingeo/District,Lincolnshire,http://data.ordnancesurvey.co.uk/id/7000000000005942,http://data.ordnancesurvey.co.uk/ontology/admingeo/County,East Midlands,http://data.ordnancesurvey.co.uk/id/7000000000041423,England,http://data.ordnancesurvey.co.uk/id/country/england,,,
osgb4000000015673583,http://data.ordnancesurvey.co.uk/id/4000000015673583,Parnell Street,,,,transportNetwork,Named Road,481376,389969,1000,20000,481370,389915,481383,390051,DN21,http://data.ordnancesurvey.co.uk/id/postcodedistrict/DN21,Gainsborough,http://data.ordnancesurvey.co.uk/id/4000000074575425,http://www.ordnancesurvey.co.uk/xml/codelists/localtype.xml#town,West Lindsey,http://data.ordnancesurvey.co.uk/id/7000000000043527,http://data.ordnancesurvey.co.uk/ontology/admingeo/District,Lincolnshire,http://data.ordnancesurvey.co.uk/id/7000000000005942,http://data.ordnancesurvey.co.uk/ontology/admingeo/County,East Midlands,http://data.ordnancesurvey.co.uk/id/7000000000041423,England,http://data.ordnancesurvey.co.uk/id/country/england,,,
osgb4000000015642445,http://data.ordnancesurvey.co.uk/id/4000000015642445,Miller Road,,,,transportNetwork,Named Road,483202,390311,2000,20000,483185,390118,483248,390501,DN21,http://data.ordnancesurvey.co.uk/id/postcodedistrict/DN21,Gainsborough,http://data.ordnancesurvey.co.uk/id/4000000074575425,http://www.ordnancesurvey.co.uk/xml/codelists/localtype.xml#town,West Lindsey,http://data.ordnancesurvey.co.uk/id/7000000000043527,http://data.ordnancesurvey.co.uk/ontology/admingeo/District,Lincolnshire,http://data.ordnancesurvey.co.uk/id/7000000000005942,http://data.ordnancesurvey.co.uk/ontology/admingeo/County,East Midlands,http://data.ordnancesurvey.co.uk/id/7000000000041423,England,http://data.ordnancesurvey.co.uk/id/country/england,,,
osgb4000000015658561,http://data.ordnancesurvey.co.uk/id/4000000015658561,West-Dale Crescent,,,,transportNetwork,Named Road,493131,399037,1000,20000,493130,398987,493218,399128,DN21,http://data.ordnancesurvey.co.uk/id/postcodedistrict/DN21,Kirton in Lindsey,http://data.ordnancesurvey.co.uk/id/4000000074574884,http://www.ordnancesurvey.co.uk/xml/codelists/localtype.xml#town,,,,North Lincolnshire,http://data.ordnancesurvey.co.uk/id/7000000000025623,http://data.ordnancesurvey.co.uk/ontology/admingeo/UnitaryAuthority,Yorkshire and the Humber,http://data.ordnancesurvey.co.uk/id/7000000000041430,England,http://data.ordnancesurvey.co.uk/id/country/england,,,
osgb4000000015658559,http://data.ordnancesurvey.co.uk/id/4000000015658559,George Street,,,,transportNetwork,Named Road,493710,398668,1000,20000,493654,398617,493716,398730,DN21,http://data.ordnancesurvey.co.uk/id/postcodedistrict/DN21,Kirton in Lindsey,http://data.ordnancesurvey.co.uk/id/4000000074574884,http://www.ordnancesurvey.co.uk/xml/codelists/localtype.xml#town,,,,North Lincolnshire,http://data.ordnancesurvey.co.uk/id/7000000000025623,http://data.ordnancesurvey.co.uk/ontology/admingeo/UnitaryAuthority,Yorkshire and the Humber,http://data.ordnancesurvey.co.uk/id/7000000000041430,England,http://data.ordnancesurvey.co.uk/id/country/england,,,
osgb5000005247072675,http://data.ordnancesurvey.co.uk/id/5000005247072675,Alderton Chase,,,,transportNetwork,Named Road,481119,391337,1000,20000,481108,391257,481122,391374,DN21,http://data.ordnancesurvey.co.uk/id/postcodedistrict/DN21,Gainsborough,http://data.ordnancesurvey.co.uk/id/4000000074575425,http://www.ordnancesurvey.co.uk/xml/codelists/localtype.xml#town,West Lindsey,http://data.ordnancesurvey.co.uk/id/7000000000043527,http://data.ordnancesurvey.co.uk/ontology/admingeo/District,Lincolnshire,http://data.ordnancesurvey.co.uk/id/7000000000005942,http://data.ordnancesurvey.co.uk/ontology/admingeo/County,East Midlands,http://data.ordnancesurvey.co.uk/id/7000000000041423,England,http://data.ordnancesurvey.co.uk/id/country/england,,,
osgb4000000015837449,http://data.ordnancesurvey.co.uk/id/4000000015837449,Fosseway,,,,transportNetwork,Named Road,482636,390420,1000,20000,482604,390407,482645,390425,DN21,http://data.ordnancesurvey.co.uk/id/postcodedistrict/DN21,Gainsborough,http://data.ordnancesurvey.co.uk/id/4000000074575425,http://www.ordnancesurvey.co.uk/xml/codelists/localtype.xml#town,West Lindsey,http://data.ordnancesurvey.co.uk/id/7000000000043527,http://data.ordnancesurvey.co.uk/ontology/admingeo/District,Lincolnshire,http://data.ordnancesurvey.co.uk/id/7000000000005942,http://data.ordnancesurvey.co.uk/ontology/admingeo/County,East Midlands,http://data.ordnancesurvey.co.uk/id/7000000000041423,England,http://data.ordnancesurvey.co.uk/id/country/england,,,
636ae29e-cf92-4a19-b414-b9b290a91491,http://data.ordnancesurvey.co.uk/id/636ae29e-cf92-4a19-b414-b9b290a91491,Upton Road,,,,transportNetwork,Section Of Named Road,484360,385701,1000,25000,484337,385661,484379,385728,DN21,http://data.ordnancesurvey.co.uk/id/postcodedistrict/DN21,Knaith Park,http://data.ordnancesurvey.co.uk/id/4000000074813593,http://www.ordnancesurvey.co.uk/xml/codelists/localtype.xml#village,West Lindsey,http://data.ordnancesurvey.co.uk/id/7000000000043527,http://data.ordnancesurvey.co.uk/ontology/admingeo/District,Lincolnshire,http://data.ordnancesurvey.co.uk/id/7000000000005942,http://data.ordnancesurvey.co.uk/ontology/admingeo/County,East Midlands,http://data.ordnancesurvey.co.uk/id/7000000000041423,England,http://data.ordnancesurvey.co.uk/id/country/england,osgb4000000015642431,,
osgb4000000015682073,http://data.ordnancesurvey.co.uk/id/4000000015682073,Dunholme Close,,,,transportNetwork,Named Road,482147,389570,1000,20000,482115,389569,482162,389581,DN21,http://data.ordnancesurvey.co.uk/id/postcodedistrict/DN21,Gainsborough,http://data.ordnancesurvey.co.uk/id/4000000074575425,http://www.ordnancesurvey.co.uk/xml/codelists/localtype.xml#town,West Lindsey,http://data.ordnancesurvey.co.uk/id/7000000000043527,http://data.ordnancesurvey.co.uk/ontology/admingeo/District,Lincolnshire,http://data.ordnancesurvey.co.uk/id/7000000000005942,http://data.ordnancesurvey.co.uk/ontology/admingeo/County,East Midlands,http://data.ordnancesurvey.co.uk/id/7000000000041423,England,http://data.ordnancesurvey.co.uk/id/country/england,,,
osgb4000000015627581,http://data.ordnancesurvey.co.uk/id/4000000015627581,Northfield Road,,,,transportNetwork,Named Road,480264,382182,12000,20000,479311,382070,481233,382298,DN22,http://data.ordnancesurvey.co.uk/id/postcodedistrict/DN22,,,,Bassetlaw,http://data.ordnancesurvey.co.uk/id/7000000000008122,http://data.ordnancesurvey.co.uk/ontology/admingeo/District,Nottinghamshire,http://data.ordnancesurvey.co.uk/id/7000000000008127,http://data.ordnancesurvey.co.uk/ontology/admingeo/County,East Midlands,http://data.ordnancesurvey.co.uk/id/7000000000041423,England,http://data.ordnancesurvey.co.uk/id/country/england,,,
osgb4000000015642081,http://data.ordnancesurvey.co.uk/id/4000000015642081,Ferry Lane,,,,transportNetwork,Named Road,480244,384747,2000,20000,480131,384625,480384,384868,DN22,http://data.ordnancesurvey.co.uk/id/postcodedistrict/DN22,,,,Bassetlaw,http://data.ordnancesurvey.co.uk/id/7000000000008122,http://data.ordnancesurvey.co.uk/ontology/admingeo/District,Nottinghamshire,http://data.ordnancesurvey.co.uk/id/7000000000008127,http://data.ordnancesurvey.co.uk/ontology/admingeo/County,East Midlands,http://data.ordnancesurvey.co.uk/id/7000000000041423,England,http://data.ordnancesurvey.co.uk/id/country/england,,,
d968576f-d52a-437b-8f92-35d984253407,http://data.ordnancesurvey.co.uk/id/d968576f-d52a-437b-8f92-35d984253407,Blyton Road,,,,transportNetwork,Section Of Named Road,481287,391400,1000,25000,481285,391393,481287,391400,DN21,http://data.ordnancesurvey.co.uk/id/postcodedistrict/DN21,,,,West Lindsey,http://data.ordnancesurvey.co.uk/id/7000000000043527,http://data.ordnancesurvey.co.uk/ontology/admingeo/District,Lincolnshire,http://data.ordnancesurvey.co.uk/id/7000000000005942,http://data.ordnancesurvey.co.uk/ontology/admingeo/County,East Midlands,http://data.ordnancesurvey.co.uk/id/7000000000041423,England,http://data.ordnancesurvey.co.uk/id/country/england,osgb4000000015633798,,
osgb4000000015633596,http://data.ordnancesurvey.co.uk/id/4000000015633596,Thornhill Lane,,,,transportNetwork,Named Road,481321,382622,6000,20000,481233,382153,481489,383069,DN22,http://data.ordnancesurvey.co.uk/id/postcodedistrict/DN22,,,,Bassetlaw,http://data.ordnancesurvey.co.uk/id/7000000000008122,http://data.ordnancesurvey.co.uk/ontology/admingeo/District,Nottinghamshire,http://data.ordnancesurvey.co.uk/id/7000000000008127,http://data.ordnancesurvey.co.uk/ontology/admingeo/County,East Midlands,http://data.ordnancesurvey.co.uk/id/7000000000041423,England,http://data.ordnancesurvey.co.uk/id/country/england,,,
osgb4000000015674481,http://data.ordnancesurvey.co.uk/id/4000000015674481,The Avenue,,,,transportNetwork,Named Road,494815,383070,1000,20000,494806,383022,494865,383138,LN1,http://data.ordnancesurvey.co.uk/id/postcodedistrict/LN1,Ingham,http://data.ordnancesurvey.co.uk/id/4000000074574875,http://www.ordnancesurvey.co.uk/xml/codelists/localtype.xml#village,West Lindsey,http://data.ordnancesurvey.co.uk/id/7000000000043527,http://data.ordnancesurvey.co.uk/ontology/admingeo/District,Lincolnshire,http://data.ordnancesurvey.co.uk/id/7000000000005942,http://data.ordnancesurvey.co.uk/ontology/admingeo/County,East Midlands,http://data.ordnancesurvey.co.uk/id/7000000000041423,England,http://data.ordnancesurvey.co.uk/id/country/england,,,
osgb4000000015642906,http://data.ordnancesurvey.co.uk/id/4000000015642906,Crapple Lane,,,,transportNetwork,Named Road,489040,399241,3000,20000,488814,399222,489252,399307,DN21,http://data.ordnancesurvey.co.uk/id/postcodedistrict/DN21,Scotton,http://data.ordnancesurvey.co.uk/id/4000000074575140,http://www.ordnancesurvey.co.uk/xml/codelists/localtype.xml#village,West Lindsey,http://data.ordnancesurvey.co.uk/id/7000000000043527,http://data.ordnancesurvey.co.uk/ontology/admingeo/District,Lincolnshire,http://data.ordnancesurvey.co.uk/id/7000000000005942,http://data.ordnancesurvey.co.uk/ontology/admingeo/County,East Midlands,http://data.ordnancesurvey.co.uk/id/7000000000041423,England,http://data.ordnancesurvey.co.uk/id/country/england,,,
osgb4000000067708052,http://data.ordnancesurvey.co.uk/id/4000000067708052,The Green,,,,transportNetwork,Named Road,482629,389481,1000,20000,482621,389461,482671,389520,DN21,http://data.ordnancesurvey.co.uk/id/postcodedistrict/DN21,Gainsborough,http://data.ordnancesurvey.co.uk/id/4000000074575425,http://www.ordnancesurvey.co.uk/xml/codelists/localtype.xml#town,West Lindsey,http://data.ordnancesurvey.co.uk/id/7000000000043527,http://data.ordnancesurvey.co.uk/ontology/admingeo/District,Lincolnshire,http://data.ordnancesurvey.co.uk/id/7000000000005942,http://data.ordnancesurvey.co.uk/ontology/admingeo/County,East Midlands,http://data.ordnancesurvey.co.uk/id/7000000000041423,England,http://data.ordnancesurvey.co.uk/id/country/england,,,
osgb4000000015658541,http://data.ordnancesurvey.co.uk/id/4000000015658541,Middle Street,,,,transportNetwork,Named Road,488910,398998,2000,20000,488776,398948,489044,399013,DN21,http://data.ordnancesurvey.co.uk/id/postcodedistrict/DN21,Scotton,http://data.ordnancesurvey.co.uk/id/4000000074575140,http://www.ordnancesurvey.co.uk/xml/codelists/localtype.xml#village,West Lindsey,http://data.ordnancesurvey.co.uk/id/7000000000043527,http://data.ordnancesurvey.co.uk/ontology/admingeo/District,Lincolnshire,http://data.ordnancesurvey.co.uk/id/7000000000005942,http://data.ordnancesurvey.co.uk/ontology/admingeo/County,East Midlands,http://data.ordnancesurvey.co.uk/id/7000000000041423,England,http://data.ordnancesurvey.co.uk/id/country/england,,,
osgb4000000015642907,http://data.ordnancesurvey.co.uk/id/4000000015642907,Eastgate,,,,transportNetwork,Named Road,489071,399136,3000,20000,488814,399105,489252,399306,DN21,http://data.ordnancesurvey.co.uk/id/postcodedistrict/DN21,Scotton,http://data.ordnancesurvey.co.uk/id/4000000074575140,http://www.ordnancesurvey.co.uk/xml/codelists/localtype.xml#village,West Lindsey,http://data.ordnancesurvey.co.uk/id/7000000000043527,http://data.ordnancesurvey.co.uk/ontology/admingeo/District,Lincolnshire,http://data.ordnancesurvey.co.uk/id/7000000000005942,http://data.ordnancesurvey.co.uk/ontology/admingeo/County,East Midlands,http://data.ordnancesurvey.co.uk/id/7000000000041423,England,http://data.ordnancesurvey.co.uk/id/country/england,,,
osgb4000000015627617,http://data.ordnancesurvey.co.uk/id/4000000015627617,Carr Lane,,,,transportNetwork,Named Road,480521,394173,18000,20000,479158,393781,481982,394670,DN21,http://data.ordnancesurvey.co.uk/id/postcodedistrict/DN21,,,,West Lindsey,http://data.ordnancesurvey.co.uk/id/7000000000043527,http://data.ordnancesurvey.co.uk/ontology/admingeo/District,Lincolnshire,http://data.ordnancesurvey.co.uk/id/7000000000005942,http://data.ordnancesurvey.co.uk/ontology/admingeo/County,East Midlands,http://data.ordnancesurvey.co.uk/id/7000000000041423,England,http://data.ordnancesurvey.co.uk/id/country/england,,,
osgb4000000015870878,http://data.ordnancesurvey.co.uk/id/4000000015870878,Allan Close,,,,transportNetwork,Named Road,488848,381414,1000,20000,488811,381399,488885,381428,LN1,http://data.ordnancesurvey.co.uk/id/postcodedistrict/LN1,Sturton by Stow,http://data.ordnancesurvey.co.uk/id/4000000074574600,http://www.ordnancesurvey.co.uk/xml/codelists/localtype.xml#village,West Lindsey,http://data.ordnancesurvey.co.uk/id/7000000000043527,http://data.ordnancesurvey.co.uk/ontology/admingeo/District,Lincolnshire,http://data.ordnancesurvey.co.uk/id/7000000000005942,http://data.ordnancesurvey.co.uk/ontology/admingeo/County,East Midlands,http://data.ordnancesurvey.co.uk/id/7000000000041423,England,http://data.ordnancesurvey.co.uk/id/country/england,,,
osgb4000000015673615,http://data.ordnancesurvey.co.uk/id/4000000015673615,Brocklesby Close,,,,transportNetwork,Named Road,482859,389179,1000,20000,482858,389123,482869,389222,DN21,http://data.ordnancesurvey.co.uk/id/postcodedistrict/DN21,Gainsborough,http://data.ordnancesurvey.co.uk/id/4000000074575425,http://www.ordnancesurvey.co.uk/xml/codelists/localtype.xml#town,West Lindsey,http://data.ordnancesurvey.co.uk/id/7000000000043527,http://data.ordnancesurvey.co.uk/ontology/admingeo/District,Lincolnshire,http://data.ordnancesurvey.co.uk/id/7000000000005942,http://data.ordnancesurvey.co.uk/ontology/admingeo/County,East Midlands,http://data.ordnancesurvey.co.uk/id/7000000000041423,England,http://data.ordnancesurvey.co.uk/id/country/england,,,
osgb5000005259799834,http://data.ordnancesurvey.co.uk/id/5000005259799834,Bowling Green Gardens,,,,transportNetwork,Named Road,493428,399063,1000,20000,493350,399053,493469,399104,DN21,http://data.ordnancesurvey.co.uk/id/postcodedistrict/DN21,Kirton in Lindsey,http://data.ordnancesurvey.co.uk/id/4000000074574884,http://www.ordnancesurvey.co.uk/xml/codelists/localtype.xml#town,,,,North Lincolnshire,http://data.ordnancesurvey.co.uk/id/7000000000025623,http://data.ordnancesurvey.co.uk/ontology/admingeo/UnitaryAuthority,Yorkshire and the Humber,http://data.ordnancesurvey.co.uk/id/7000000000041430,England,http://data.ordnancesurvey.co.uk/id/country/england,,,
osgb4000000015658494,http://data.ordnancesurvey.co.uk/id/4000000015658494,The Close,,,,transportNetwork,Named Road,489084,380503,1000,20000,489000,380472,489201,380545,LN1,http://data.ordnancesurvey.co.uk/id/postcodedistrict/LN1,Sturton by Stow,http://data.ordnancesurvey.co.uk/id/4000000074574600,http://www.ordnancesurvey.co.uk/xml/codelists/localtype.xml#village,West Lindsey,http://data.ordnancesurvey.co.uk/id/7000000000043527,http://data.ordnancesurvey.co.uk/ontology/admingeo/District,Lincolnshire,http://data.ordnancesurvey.co.uk/id/7000000000005942,http://data.ordnancesurvey.co.uk/ontology/admingeo/County,East Midlands,http://data.ordnancesurvey.co.uk/id/7000000000041423,England,http://data.ordnancesurvey.co.uk/id/country/england,,,
osgb4000000015768310,http://data.ordnancesurvey.co.uk/id/4000000015768310,Walsh Way,,,,transportNetwork,Named Road,494348,397696,1000,20000,494256,397640,494422,397782,DN21,http://data.ordnancesurvey.co.uk/id/postcodedistrict/DN21,Kirton in Lindsey,http://data.ordnancesurvey.co.uk/id/4000000074574884,http://www.ordnancesurvey.co.uk/xml/codelists/localtype.xml#town,,,,North Lincolnshire,http://data.ordnancesurvey.co.uk/id/7000000000025623,http://data.ordnancesurvey.co.uk/ontology/admingeo/UnitaryAuthority,Yorkshire and the Humber,http://data.ordnancesurvey.co.uk/id/7000000000041430,England,http://data.ordnancesurvey.co.uk/id/country/england,,,
osgb4000000015627616,http://data.ordnancesurvey.co.uk/id/4000000015627616,Thorndike Way,,,,transportNetwork,Named Road,483070,389574,13000,20000,481723,389134,483770,390433,DN21,http://data.ordnancesurvey.co.uk/id/postcodedistrict/DN21,Gainsborough,http://data.ordnancesurvey.co.uk/id/4000000074575425,http://www.ordnancesurvey.co.uk/xml/codelists/localtype.xml#town,West Lindsey,http://data.ordnancesurvey.co.uk/id/7000000000043527,http://data.ordnancesurvey.co.uk/ontology/admingeo/District,Lincolnshire,http://data.ordnancesurvey.co.uk/id/7000000000005942,http://data.ordnancesurvey.co.uk/ontology/admingeo/County,East Midlands,http://data.ordnancesurvey.co.uk/id/7000000000041423,England,http://data.ordnancesurvey.co.uk/id/country/england,,,
osgb4000000015642448,http://data.ordnancesurvey.co.uk/id/4000000015642448,Crooked Billet Street,,,,transportNetwork,Named Road,480754,391640,2000,20000,480745,391503,480833,391822,DN21,http://data.ordnancesurvey.co.uk/id/postcodedistrict/DN21,Gainsborough,http://data.ordnancesurvey.co.uk/id/4000000074575425,http://www.ordnancesurvey.co.uk/xml/codelists/localtype.xml#town,West Lindsey,http://data.ordnancesurvey.co.uk/id/7000000000043527,http://data.ordnancesurvey.co.uk/ontology/admingeo/District,Lincolnshire,http://data.ordnancesurvey.co.uk/id/7000000000005942,http://data.ordnancesurvey.co.uk/ontology/admingeo/County,East Midlands,http://data.ordnancesurvey.co.uk/id/7000000000041423,England,http://data.ordnancesurvey.co.uk/id/country/england,,,
osgb4000000067707213,http://data.ordnancesurvey.co.uk/id/4000000067707213,Coningsby Close,,,,transportNetwork,Named Road,482892,389679,1000,20000,482865,389660,482915,389701,DN21,http://data.ordnancesurvey.co.uk/id/postcodedistrict/DN21,Gainsborough,http://data.ordnancesurvey.co.uk/id/4000000074575425,http://www.ordnancesurvey.co.uk/xml/codelists/localtype.xml#town,West Lindsey,http://data.ordnancesurvey.co.uk/id/7000000000043527,http://data.ordnancesurvey.co.uk/ontology/admingeo/District,Lincolnshire,http://data.ordnancesurvey.co.uk/id/7000000000005942,http://data.ordnancesurvey.co.uk/ontology/admingeo/County,East Midlands,http://data.ordnancesurvey.co.uk/id/7000000000041423,England,http://data.ordnancesurvey.co.uk/id/country/england,,,
osgb4000000015642910,http://data.ordnancesurvey.co.uk/id/4000000015642910,York Road,,,,transportNetwork,Named Road,494348,398091,3000,20000,494265,397819,494652,398273,DN21,http://data.ordnancesurvey.co.uk/id/postcodedistrict/DN21,Kirton in Lindsey,http://data.ordnancesurvey.co.uk/id/4000000074574884,http://www.ordnancesurvey.co.uk/xml/codelists/localtype.xml#town,,,,North Lincolnshire,http://data.ordnancesurvey.co.uk/id/7000000000025623,http://data.ordnancesurvey.co.uk/ontology/admingeo/UnitaryAuthority,Yorkshire and the Humber,http://data.ordnancesurvey.co.uk/id/7000000000041430,England,http://data.ordnancesurvey.co.uk/id/country/england,,,
osgb4000000015657648,http://data.ordnancesurvey.co.uk/id/4000000015657648,Tennyson Street,,,,transportNetwork,Named Road,481689,390091,1000,20000,481652,390036,481709,390194,DN21,http://data.ordnancesurvey.co.uk/id/postcodedistrict/DN21,Gainsborough,http://data.ordnancesurvey.co.uk/id/4000000074575425,http://www.ordnancesurvey.co.uk/xml/codelists/localtype.xml#town,West Lindsey,http://data.ordnancesurvey.co.uk/id/7000000000043527,http://data.ordnancesurvey.co.uk/ontology/admingeo/District,Lincolnshire,http://data.ordnancesurvey.co.uk/id/7000000000005942,http://data.ordnancesurvey.co.uk/ontology/admingeo/County,East Midlands,http://data.ordnancesurvey.co.uk/id/7000000000041423,England,http://data.ordnancesurvey.co.uk/id/country/england,,,
f4ababff-b5e3-4fd6-b8fc-7d4db34bf164,http://data.ordnancesurvey.co.uk/id/f4ababff-b5e3-4fd6-b8fc-7d4db34bf164,Harpswell Lane,,,,transportNetwork,Section Of Named Road,493495,390097,1000,25000,493467,390091,493530,390102,DN21,http://data.ordnancesurvey.co.uk/id/postcodedistrict/DN21,Harpswell,http://data.ordnancesurvey.co.uk/id/4000000074574341,http://www.ordnancesurvey.co.uk/xml/codelists/localtype.xml#hamlet,West Lindsey,http://data.ordnancesurvey.co.uk/id/7000000000043527,http://data.ordnancesurvey.co.uk/ontology/admingeo/District,Lincolnshire,http://data.ordnancesurvey.co.uk/id/7000000000005942,http://data.ordnancesurvey.co.uk/ontology/admingeo/County,East Midlands,http://data.ordnancesurvey.co.uk/id/7000000000041423,England,http://data.ordnancesurvey.co.uk/id/country/england,osgb4000000015627692,,
osgb5000005295753243,http://data.ordnancesurvey.co.uk/id/5000005295753243,Sir Thomas Avenue,,,,transportNetwork,Named Road,482336,389015,1000,20000,482216,389004,482402,389032,DN21,http://data.ordnancesurvey.co.uk/id/postcodedistrict/DN21,Gainsborough,http://data.ordnancesurvey.co.uk/id/4000000074575425,http://www.ordnancesurvey.co.uk/xml/codelists/localtype.xml#town,West Lindsey,http://data.ordnancesurvey.co.uk/id/7000000000043527,http://data.ordnancesurvey.co.uk/ontology/admingeo/District,Lincolnshire,http://data.ordnancesurvey.co.uk/id/7000000000005942,http://data.ordnancesurvey.co.uk/ontology/admingeo/County,East Midlands,http://data.ordnancesurvey.co.uk/id/7000000000041423,England,http://data.ordnancesurvey.co.uk/id/country/england,,,
osgb4000000015673564,http://data.ordnancesurvey.co.uk/id/4000000015673564,Marlborough Street,,,,transportNetwork,Named Road,481797,389177,1000,20000,481725,389161,481844,389191,DN21,http://data.ordnancesurvey.co.uk/id/postcodedistrict/DN21,Gainsborough,http://data.ordnancesurvey.co.uk/id/4000000074575425,http://www.ordnancesurvey.co.uk/xml/codelists/localtype.xml#town,West Lindsey,http://data.ordnancesurvey.co.uk/id/7000000000043527,http://data.ordnancesurvey.co.uk/ontology/admingeo/District,Lincolnshire,http://data.ordnancesurvey.co.uk/id/7000000000005942,http://data.ordnancesurvey.co.uk/ontology/admingeo/County,East Midlands,http://data.ordnancesurvey.co.uk/id/7000000000041423,England,http://data.ordnancesurvey.co.uk/id/country/england,,,
osgb4000000015917416,http://data.ordnancesurvey.co.uk/id/4000000015917416,Irwin Road,,,,transportNetwork,Named Road,485839,395338,1000,20000,485715,395253,485925,395404,DN21,http://data.ordnancesurvey.co.uk/id/postcodedistrict/DN21,Blyton,http://data.ordnancesurvey.co.uk/id/4000000074575429,http://www.ordnancesurvey.co.uk/xml/codelists/localtype.xml#village,West Lindsey,http://data.ordnancesurvey.co.uk/id/7000000000043527,http://data.ordnancesurvey.co.uk/ontology/admingeo/District,Lincolnshire,http://data.ordnancesurvey.co.uk/id/7000000000005942,http://data.ordnancesurvey.co.uk/ontology/admingeo/County,East Midlands,http://data.ordnancesurvey.co.uk/id/7000000000041423,England,http://data.ordnancesurvey.co.uk/id/country/england,,,
a952767e-f0c5-4ee2-960b-ab3abe8326a8,http://data.ordnancesurvey.co.uk/id/a952767e-f0c5-4ee2-960b-ab3abe8326a8,Morton Road,,,,transportNetwork,Section Of Named Road,484636,397470,3000,25000,484417,397351,484837,397605,DN21,http://data.ordnancesurvey.co.uk/id/postcodedistrict/DN21,Laughton,http://data.ordnancesurvey.co.uk/id/4000000074575722,http://www.ordnancesurvey.co.uk/xml/codelists/localtype.xml#village,West Lindsey,http://data.ordnancesurvey.co.uk/id/7000000000043527,http://data.ordnancesurvey.co.uk/ontology/admingeo/District,Lincolnshire,http://data.ordnancesurvey.co.uk/id/7000000000005942,http://data.ordnancesurvey.co.uk/ontology/admingeo/County,East Midlands,http://data.ordnancesurvey.co.uk/id/7000000000041423,England,http://data.ordnancesurvey.co.uk/id/country/england,osgb4000000015633823,,
7ef9f51f-2f73-4a38-b4f7-367553733b76,http://data.ordnancesurvey.co.uk/id/7ef9f51f-2f73-4a38-b4f7-367553733b76,Green Lane,,,,transportNetwork,Section Of Named Road,486392,393928,2000,25000,486212,393775,486596,393992,DN21,http://data.ordnancesurvey.co.uk/id/postcodedistrict/DN21,Pilham,http://data.ordnancesurvey.co.uk/id/4000000074575428,http://www.ordnancesurvey.co.uk/xml/codelists/localtype.xml#hamlet,West Lindsey,http://data.ordnancesurvey.co.uk/id/7000000000043527,http://data.ordnancesurvey.co.uk/ontology/admingeo/District,Lincolnshire,http://data.ordnancesurvey.co.uk/id/7000000000005942,http://data.ordnancesurvey.co.uk/ontology/admingeo/County,East Midlands,http://data.ordnancesurvey.co.uk/id/7000000000041423,England,http://data.ordnancesurvey.co.uk/id/country/england,osgb4000000015627693,,
osgb4000000015885966,http://data.ordnancesurvey.co.uk/id/4000000015885966,Maple Court,,,,transportNetwork,Named Road,482587,390257,1000,20000,482575,390242,482594,390271,DN21,http://data.ordnancesurvey.co.uk/id/postcodedistrict/DN21,Gainsborough,http://data.ordnancesurvey.co.uk/id/4000000074575425,http://www.ordnancesurvey.co.uk/xml/codelists/localtype.xml#town,West Lindsey,http://data.ordnancesurvey.co.uk/id/7000000000043527,http://data.ordnancesurvey.co.uk/ontology/admingeo/District,Lincolnshire,http://data.ordnancesurvey.co.uk/id/7000000000005942,http://data.ordnancesurvey.co.uk/ontology/admingeo/County,East Midlands,http://data.ordnancesurvey.co.uk/id/7000000000041423,England,http://data.ordnancesurvey.co.uk/id/country/england,,,
osgb4000000015657033,http://data.ordnancesurvey.co.uk/id/4000000015657033,Mount Pleasant Close,,,,transportNetwork,Named Road,484222,381998,1000,20000,484214,381962,484239,382072,DN21,http://data.ordnancesurvey.co.uk/id/postcodedistrict/DN21,Marton,http://data.ordnancesurvey.co.uk/id/4000000074577537,http://www.ordnancesurvey.co.uk/xml/codelists/localtype.xml#village,West Lindsey,http://data.ordnancesurvey.co.uk/id/7000000000043527,http://data.ordnancesurvey.co.uk/ontology/admingeo/District,Lincolnshire,http://data.ordnancesurvey.co.uk/id/7000000000005942,http://data.ordnancesurvey.co.uk/ontology/admingeo/County,East Midlands,http://data.ordnancesurvey.co.uk/id/7000000000041423,England,http://data.ordnancesurvey.co.uk/id/country/england,,,
osgb4000000015768308,http://data.ordnancesurvey.co.uk/id/4000000015768308,Woodpecker Way,,,,transportNetwork,Named Road,493685,397923,1000,20000,493625,397866,493700,397976,DN21,http://data.ordnancesurvey.co.uk/id/postcodedistrict/DN21,Kirton in Lindsey,http://data.ordnancesurvey.co.uk/id/4000000074574884,http://www.ordnancesurvey.co.uk/xml/codelists/localtype.xml#town,,,,North Lincolnshire,http://data.ordnancesurvey.co.uk/id/7000000000025623,http://data.ordnancesurvey.co.uk/ontology/admingeo/UnitaryAuthority,Yorkshire and the Humber,http://data.ordnancesurvey.co.uk/id/7000000000041430,England,http://data.ordnancesurvey.co.uk/id/country/england,,,
osgb4000000015674489,http://data.ordnancesurvey.co.uk/id/4000000015674489,Lloyd Place,,,,transportNetwork,Named Road,495082,389708,1000,20000,495053,389689,495119,389727,DN21,http://data.ordnancesurvey.co.uk/id/postcodedistrict/DN21,Hemswell Cliff,http://data.ordnancesurvey.co.uk/id/4000000074574338,http://www.ordnancesurvey.co.uk/xml/codelists/localtype.xml#village,West Lindsey,http://data.ordnancesurvey.co.uk/id/7000000000043527,http://data.ordnancesurvey.co.uk/ontology/admingeo/District,Lincolnshire,http://data.ordnancesurvey.co.uk/id/7000000000005942,http://data.ordnancesurvey.co.uk/ontology/admingeo/County,East Midlands,http://data.ordnancesurvey.co.uk/id/7000000000041423,England,http://data.ordnancesurvey.co.uk/id/country/england,,,
osgb4000000015642908,http://data.ordnancesurvey.co.uk/id/4000000015642908,Cornwall Street,,,,transportNetwork,Named Road,493415,398302,3000,20000,493368,398066,493480,398562,DN21,http://data.ordnancesurvey.co.uk/id/postcodedistrict/DN21,Kirton in Lindsey,http://data.ordnancesurvey.co.uk/id/4000000074574884,http://www.ordnancesurvey.co.uk/xml/codelists/localtype.xml#town,,,,North Lincolnshire,http://data.ordnancesurvey.co.uk/id/7000000000025623,http://data.ordnancesurvey.co.uk/ontology/admingeo/UnitaryAuthority,Yorkshire and the Humber,http://data.ordnancesurvey.co.uk/id/7000000000041430,England,http://data.ordnancesurvey.co.uk/id/country/england,,,
osgb4000000015682476,http://data.ordnancesurvey.co.uk/id/4000000015682476,Dooks Close,,,,transportNetwork,Named Road,488739,398983,1000,20000,488723,398975,488762,398994,DN21,http://data.ordnancesurvey.co.uk/id/postcodedistrict/DN21,Scotton,http://data.ordnancesurvey.co.uk/id/4000000074575140,http://www.ordnancesurvey.co.uk/xml/codelists/localtype.xml#village,West Lindsey,http://data.ordnancesurvey.co.uk/id/7000000000043527,http://data.ordnancesurvey.co.uk/ontology/admingeo/District,Lincolnshire,http://data.ordnancesurvey.co.uk/id/7000000000005942,http://data.ordnancesurvey.co.uk/ontology/admingeo/County,East Midlands,http://data.ordnancesurvey.co.uk/id/7000000000041423,England,http://data.ordnancesurvey.co.uk/id/country/england,,,
osgb4000000015658560,http://data.ordnancesurvey.co.uk/id/4000000015658560,East Dale Drive,,,,transportNetwork,Named Road,493292,399000,1000,20000,493198,398870,493327,399047,DN21,http://data.ordnancesurvey.co.uk/id/postcodedistrict/DN21,Kirton in Lindsey,http://data.ordnancesurvey.co.uk/id/4000000074574884,http://www.ordnancesurvey.co.uk/xml/codelists/localtype.xml#town,,,,North Lincolnshire,http://data.ordnancesurvey.co.uk/id/7000000000025623,http://data.ordnancesurvey.co.uk/ontology/admingeo/UnitaryAuthority,Yorkshire and the Humber,http://data.ordnancesurvey.co.uk/id/7000000000041430,England,http://data.ordnancesurvey.co.uk/id/country/england,,,
osgb4000000015657625,http://data.ordnancesurvey.co.uk/id/4000000015657625,Ravendale Road,,,,transportNetwork,Named Road,482307,389352,2000,20000,482124,389246,482414,389385,DN21,http://data.ordnancesurvey.co.uk/id/postcodedistrict/DN21,Gainsborough,http://data.ordnancesurvey.co.uk/id/4000000074575425,http://www.ordnancesurvey.co.uk/xml/codelists/localtype.xml#town,West Lindsey,http://data.ordnancesurvey.co.uk/id/7000000000043527,http://data.ordnancesurvey.co.uk/ontology/admingeo/District,Lincolnshire,http://data.ordnancesurvey.co.uk/id/7000000000005942,http://data.ordnancesurvey.co.uk/ontology/admingeo/County,East Midlands,http://data.ordnancesurvey.co.uk/id/7000000000041423,England,http://data.ordnancesurvey.co.uk/id/country/england,,,
osgb4000000015642420,http://data.ordnancesurvey.co.uk/id/4000000015642420,Acland Street,,,,transportNetwork,Named Road,481280,390206,2000,20000,481131,390174,481448,390244,DN21,http://data.ordnancesurvey.co.uk/id/postcodedistrict/DN21,Gainsborough,http://data.ordnancesurvey.co.uk/id/4000000074575425,http://www.ordnancesurvey.co.uk/xml/codelists/localtype.xml#town,West Lindsey,http://data.ordnancesurvey.co.uk/id/7000000000043527,http://data.ordnancesurvey.co.uk/ontology/admingeo/District,Lincolnshire,http://data.ordnancesurvey.co.uk/id/7000000000005942,http://data.ordnancesurvey.co.uk/ontology/admingeo/County,East Midlands,http://data.ordnancesurvey.co.uk/id/7000000000041423,England,http://data.ordnancesurvey.co.uk/id/country/england,,,
osgb4000000015673637,http://data.ordnancesurvey.co.uk/id/4000000015673637,Mayfield Avenue,,,,transportNetwork,Named Road,481000,391181,1000,20000,480954,391176,481038,391187,DN21,http://data.ordnancesurvey.co.uk/id/postcodedistrict/DN21,Gainsborough,http://data.ordnancesurvey.co.uk/id/4000000074575425,http://www.ordnancesurvey.co.uk/xml/codelists/localtype.xml#town,West Lindsey,http://data.ordnancesurvey.co.uk/id/7000000000043527,http://data.ordnancesurvey.co.uk/ontology/admingeo/District,Lincolnshire,http://data.ordnancesurvey.co.uk/id/7000000000005942,http://data.ordnancesurvey.co.uk/ontology/admingeo/County,East Midlands,http://data.ordnancesurvey.co.uk/id/7000000000041423,England,http://data.ordnancesurvey.co.uk/id/country/england,,,
osgb4000000015633809,http://data.ordnancesurvey.co.uk/id/4000000015633809,Carr Lane,,,,transportNetwork,Named Road,484451,394326,6000,20000,484007,393998,484919,394356,DN21,http://data.ordnancesurvey.co.uk/id/postcodedistrict/DN21,,,,West Lindsey,http://data.ordnancesurvey.co.uk/id/7000000000043527,http://data.ordnancesurvey.co.uk/ontology/admingeo/District,Lincolnshire,http://data.ordnancesurvey.co.uk/id/7000000000005942,http://data.ordnancesurvey.co.uk/ontology/admingeo/County,East Midlands,http://data.ordnancesurvey.co.uk/id/7000000000041423,England,http://data.ordnancesurvey.co.uk/id/country/england,,,
osgb4000000015657606,http://data.ordnancesurvey.co.uk/id/4000000015657606,Waterworks Street,,,,transportNetwork,Named Road,481625,388977,1000,20000,481568,388966,481720,388994,DN21,http://data.ordnancesurvey.co.uk/id/postcodedistrict/DN21,Gainsborough,http://data.ordnancesurvey.co.uk/id/4000000074575425,http://www.ordnancesurvey.co.uk/xml/codelists/localtype.xml#town,West Lindsey,http://data.ordnancesurvey.co.uk/id/7000000000043527,http://data.ordnancesurvey.co.uk/ontology/admingeo/District,Lincolnshire,http://data.ordnancesurvey.co.uk/id/7000000000005942,http://data.ordnancesurvey.co.uk/ontology/admingeo/County,East Midlands,http://data.ordnancesurvey.co.uk/id/7000000000041423,England,http://data.ordnancesurvey.co.uk/id/country/england,,,
osgb4000000015682102,http://data.ordnancesurvey.co.uk/id/4000000015682102,Hickman Grove,,,,transportNetwork,Named Road,484904,394452,1000,20000,484884,394441,484945,394466,DN21,http://data.ordnancesurvey.co.uk/id/postcodedistrict/DN21,Blyton,http://data.ordnancesurvey.co.uk/id/4000000074575429,http://www.ordnancesurvey.co.uk/xml/codelists/localtype.xml#village,West Lindsey,http://data.ordnancesurvey.co.uk/id/7000000000043527,http://data.ordnancesurvey.co.uk/ontology/admingeo/District,Lincolnshire,http://data.ordnancesurvey.co.uk/id/7000000000005942,http://data.ordnancesurvey.co.uk/ontology/admingeo/County,East Midlands,http://data.ordnancesurvey.co.uk/id/7000000000041423,England,http://data.ordnancesurvey.co.uk/id/country/england,,,
osgb4000000015629750,http://data.ordnancesurvey.co.uk/id/4000000015629750,Springthorpe Road,,,,transportNetwork,Named Road,487362,390564,6000,20000,487351,390151,487379,391016,DN21,http://data.ordnancesurvey.co.uk/id/postcodedistrict/DN21,,,,West Lindsey,http://data.ordnancesurvey.co.uk/id/7000000000043527,http://data.ordnancesurvey.co.uk/ontology/admingeo/District,Lincolnshire,http://data.ordnancesurvey.co.uk/id/7000000000005942,http://data.ordnancesurvey.co.uk/ontology/admingeo/County,East Midlands,http://data.ordnancesurvey.co.uk/id/7000000000041423,England,http://data.ordnancesurvey.co.uk/id/country/england,,,
osgb4000000015629882,http://data.ordnancesurvey.co.uk/id/4000000015629882,Northlands Road,,,,transportNetwork,Named Road,493690,388305,9000,20000,493168,387387,494515,388535,DN21,http://data.ordnancesurvey.co.uk/id/postcodedistrict/DN21,,,,West Lindsey,http://data.ordnancesurvey.co.uk/id/7000000000043527,http://data.ordnancesurvey.co.uk/ontology/admingeo/District,Lincolnshire,http://data.ordnancesurvey.co.uk/id/7000000000005942,http://data.ordnancesurvey.co.uk/ontology/admingeo/County,East Midlands,http://data.ordnancesurvey.co.uk/id/7000000000041423,England,http://data.ordnancesurvey.co.uk/id/country/england,,,
osgb4000000015682479,http://data.ordnancesurvey.co.uk/id/4000000015682479,Henlow Close,,,,transportNetwork,Named Road,494730,397975,1000,20000,494693,397966,494737,397994,DN21,http://data.ordnancesurvey.co.uk/id/postcodedistrict/DN21,Kirton in Lindsey,http://data.ordnancesurvey.co.uk/id/4000000074574884,http://www.ordnancesurvey.co.uk/xml/codelists/localtype.xml#town,,,,North Lincolnshire,http://data.ordnancesurvey.co.uk/id/7000000000025623,http://data.ordnancesurvey.co.uk/ontology/admingeo/UnitaryAuthority,Yorkshire and the Humber,http://data.ordnancesurvey.co.uk/id/7000000000041430,England,http://data.ordnancesurvey.co.uk/id/country/england,,,
osgb4000000015657629,http://data.ordnancesurvey.co.uk/id/4000000015657629,Bowling Green Road,,,,transportNetwork,Named Road,480969,390232,1000,20000,480884,390185,481069,390287,DN21,http://data.ordnancesurvey.co.uk/id/postcodedistrict/DN21,Gainsborough,http://data.ordnancesurvey.co.uk/id/4000000074575425,http://www.ordnancesurvey.co.uk/xml/codelists/localtype.xml#town,West Lindsey,http://data.ordnancesurvey.co.uk/id/7000000000043527,http://data.ordnancesurvey.co.uk/ontology/admingeo/District,Lincolnshire,http://data.ordnancesurvey.co.uk/id/7000000000005942,http://data.ordnancesurvey.co.uk/ontology/admingeo/County,East Midlands,http://data.ordnancesurvey.co.uk/id/7000000000041423,England,http://data.ordnancesurvey.co.uk/id/country/england,,,
osgb4000000015673603,http://data.ordnancesurvey.co.uk/id/4000000015673603,The Pines,,,,transportNetwork,Named Road,482638,388639,1000,20000,482555,388589,482734,388696,DN21,http://data.ordnancesurvey.co.uk/id/postcodedistrict/DN21,Gainsborough,http://data.ordnancesurvey.co.uk/id/4000000074575425,http://www.ordnancesurvey.co.uk/xml/codelists/localtype.xml#town,West Lindsey,http://data.ordnancesurvey.co.uk/id/7000000000043527,http://data.ordnancesurvey.co.uk/ontology/admingeo/District,Lincolnshire,http://data.ordnancesurvey.co.uk/id/7000000000005942,http://data.ordnancesurvey.co.uk/ontology/admingeo/County,East Midlands,http://data.ordnancesurvey.co.uk/id/7000000000041423,England,http://data.ordnancesurvey.co.uk/id/country/england,,,
osgb4000000015682481,http://data.ordnancesurvey.co.uk/id/4000000015682481,Unicorn Row,,,,transportNetwork,Named Road,493671,398706,1000,20000,493671,398678,493681,398737,DN21,http://data.ordnancesurvey.co.uk/id/postcodedistrict/DN21,Kirton in Lindsey,http://data.ordnancesurvey.co.uk/id/4000000074574884,http://www.ordnancesurvey.co.uk/xml/codelists/localtype.xml#town,,,,North Lincolnshire,http://data.ordnancesurvey.co.uk/id/7000000000025623,http://data.ordnancesurvey.co.uk/ontology/admingeo/UnitaryAuthority,Yorkshire and the Humber,http://data.ordnancesurvey.co.uk/id/7000000000041430,England,http://data.ordnancesurvey.co.uk/id/country/england,,,
osgb4000000015837446,http://data.ordnancesurvey.co.uk/id/4000000015837446,Rowan Drive,,,,transportNetwork,Named Road,484989,394395,1000,20000,484925,394375,485004,394427,DN21,http://data.ordnancesurvey.co.uk/id/postcodedistrict/DN21,Blyton,http://data.ordnancesurvey.co.uk/id/4000000074575429,http://www.ordnancesurvey.co.uk/xml/codelists/localtype.xml#village,West Lindsey,http://data.ordnancesurvey.co.uk/id/7000000000043527,http://data.ordnancesurvey.co.uk/ontology/admingeo/District,Lincolnshire,http://data.ordnancesurvey.co.uk/id/7000000000005942,http://data.ordnancesurvey.co.uk/ontology/admingeo/County,East Midlands,http://data.ordnancesurvey.co.uk/id/7000000000041423,England,http://data.ordnancesurvey.co.uk/id/country/england,,,
osgb4000000015673578,http://data.ordnancesurvey.co.uk/id/4000000015673578,Cecil Street,,,,transportNetwork,Named Road,481299,390126,1000,20000,481280,390126,481349,390206,DN21,http://data.ordnancesurvey.co.uk/id/postcodedistrict/DN21,Gainsborough,http://data.ordnancesurvey.co.uk/id/4000000074575425,http://www.ordnancesurvey.co.uk/xml/codelists/localtype.xml#town,West Lindsey,http://data.ordnancesurvey.co.uk/id/7000000000043527,http://data.ordnancesurvey.co.uk/ontology/admingeo/District,Lincolnshire,http://data.ordnancesurvey.co.uk/id/7000000000005942,http://data.ordnancesurvey.co.uk/ontology/admingeo/County,East Midlands,http://data.ordnancesurvey.co.uk/id/7000000000041423,England,http://data.ordnancesurvey.co.uk/id/country/england,,,
osgb4000000015683548,http://data.ordnancesurvey.co.uk/id/4000000015683548,Hawthorn Walk,,,,transportNetwork,Named Road,489069,380912,1000,20000,489059,380893,489081,380921,LN1,http://data.ordnancesurvey.co.uk/id/postcodedistrict/LN1,Sturton by Stow,http://data.ordnancesurvey.co.uk/id/4000000074574600,http://www.ordnancesurvey.co.uk/xml/codelists/localtype.xml#village,West Lindsey,http://data.ordnancesurvey.co.uk/id/7000000000043527,http://data.ordnancesurvey.co.uk/ontology/admingeo/District,Lincolnshire,http://data.ordnancesurvey.co.uk/id/7000000000005942,http://data.ordnancesurvey.co.uk/ontology/admingeo/County,East Midlands,http://data.ordnancesurvey.co.uk/id/7000000000041423,England,http://data.ordnancesurvey.co.uk/id/country/england,,,
osgb4000000015627698,http://data.ordnancesurvey.co.uk/id/4000000015627698,Normanby Cliff Road,,,,transportNetwork,Named Road,498250,388083,20000,20000,496775,387873,499782,388233,LN8,http://data.ordnancesurvey.co.uk/id/postcodedistrict/LN8,,,,West Lindsey,http://data.ordnancesurvey.co.uk/id/7000000000043527,http://data.ordnancesurvey.co.uk/ontology/admingeo/District,Lincolnshire,http://data.ordnancesurvey.co.uk/id/7000000000005942,http://data.ordnancesurvey.co.uk/ontology/admingeo/County,East Midlands,http://data.ordnancesurvey.co.uk/id/7000000000041423,England,http://data.ordnancesurvey.co.uk/id/country/england,,,
osgb4000000015682474,http://data.ordnancesurvey.co.uk/id/4000000015682474,Elizabeth Close,,,,transportNetwork,Named Road,494505,387923,1000,20000,494482,387908,494548,387939,DN21,http://data.ordnancesurvey.co.uk/id/postcodedistrict/DN21,Glentworth,http://data.ordnancesurvey.co.uk/id/4000000074574337,http://www.ordnancesurvey.co.uk/xml/codelists/localtype.xml#village,West Lindsey,http://data.ordnancesurvey.co.uk/id/7000000000043527,http://data.ordnancesurvey.co.uk/ontology/admingeo/District,Lincolnshire,http://data.ordnancesurvey.co.uk/id/7000000000005942,http://data.ordnancesurvey.co.uk/ontology/admingeo/County,East Midlands,http://data.ordnancesurvey.co.uk/id/7000000000041423,England,http://data.ordnancesurvey.co.uk/id/country/england,,,
f0b42911-b123-46a1-8154-b5c68ea161c1,http://data.ordnancesurvey.co.uk/id/f0b42911-b123-46a1-8154-b5c68ea161c1,Station Road,,,,transportNetwork,Section Of Named Road,485944,395001,1000,25000,485944,394898,485965,395092,DN21,http://data.ordnancesurvey.co.uk/id/postcodedistrict/DN21,Blyton,http://data.ordnancesurvey.co.uk/id/4000000074575429,http://www.ordnancesurvey.co.uk/xml/codelists/localtype.xml#village,West Lindsey,http://data.ordnancesurvey.co.uk/id/7000000000043527,http://data.ordnancesurvey.co.uk/ontology/admingeo/District,Lincolnshire,http://data.ordnancesurvey.co.uk/id/7000000000005942,http://data.ordnancesurvey.co.uk/ontology/admingeo/County,East Midlands,http://data.ordnancesurvey.co.uk/id/7000000000041423,England,http://data.ordnancesurvey.co.uk/id/country/england,osgb4000000015633810,,
osgb4000000015642912,http://data.ordnancesurvey.co.uk/id/4000000015642912,Moat House Road,,,,transportNetwork,Named Road,493261,398501,2000,20000,493228,398356,493375,398655,DN21,http://data.ordnancesurvey.co.uk/id/postcodedistrict/DN21,Kirton in Lindsey,http://data.ordnancesurvey.co.uk/id/4000000074574884,http://www.ordnancesurvey.co.uk/xml/codelists/localtype.xml#town,,,,North Lincolnshire,http://data.ordnancesurvey.co.uk/id/7000000000025623,http://data.ordnancesurvey.co.uk/ontology/admingeo/UnitaryAuthority,Yorkshire and the Humber,http://data.ordnancesurvey.co.uk/id/7000000000041430,England,http://data.ordnancesurvey.co.uk/id/country/england,,,
8c135235-780c-487b-8625-a20293ac506b,http://data.ordnancesurvey.co.uk/id/8c135235-780c-487b-8625-a20293ac506b,Long Lane,,,,transportNetwork,Section Of Named Road,494227,383563,1000,25000,494140,383556,494292,383572,LN1,http://data.ordnancesurvey.co.uk/id/postcodedistrict/LN1,Ingham,http://data.ordnancesurvey.co.uk/id/4000000074574875,http://www.ordnancesurvey.co.uk/xml/codelists/localtype.xml#village,West Lindsey,http://data.ordnancesurvey.co.uk/id/7000000000043527,http://data.ordnancesurvey.co.uk/ontology/admingeo/District,Lincolnshire,http://data.ordnancesurvey.co.uk/id/7000000000005942,http://data.ordnancesurvey.co.uk/ontology/admingeo/County,East Midlands,http://data.ordnancesurvey.co.uk/id/7000000000041423,England,http://data.ordnancesurvey.co.uk/id/country/england,osgb4000000015629880,,
d26f6e32-93f4-4b6c-9987-d8f18ca3dccc,http://data.ordnancesurvey.co.uk/id/d26f6e32-93f4-4b6c-9987-d8f18ca3dccc,Stow Road,,,,transportNetwork,Section Of Named Road,487622,384152,5000,25000,487436,383749,487780,384542,DN21,http://data.ordnancesurvey.co.uk/id/postcodedistrict/DN21,Willingham by Stow,http://data.ordnancesurvey.co.uk/id/4000000074575139,http://www.ordnancesurvey.co.uk/xml/codelists/localtype.xml#village,West Lindsey,http://data.ordnancesurvey.co.uk/id/7000000000043527,http://data.ordnancesurvey.co.uk/ontology/admingeo/District,Lincolnshire,http://data.ordnancesurvey.co.uk/id/7000000000005942,http://data.ordnancesurvey.co.uk/ontology/admingeo/County,East Midlands,http://data.ordnancesurvey.co.uk/id/7000000000041423,England,http://data.ordnancesurvey.co.uk/id/country/england,osgb4000000015629878,,
osgb4000000071069844,http://data.ordnancesurvey.co.uk/id/4000000071069844,Sturgate Walk,,,,transportNetwork,Named Road,482517,389314,1000,20000,482471,389284,482547,389381,DN21,http://data.ordnancesurvey.co.uk/id/postcodedistrict/DN21,Gainsborough,http://data.ordnancesurvey.co.uk/id/4000000074575425,http://www.ordnancesurvey.co.uk/xml/codelists/localtype.xml#town,West Lindsey,http://data.ordnancesurvey.co.uk/id/7000000000043527,http://data.ordnancesurvey.co.uk/ontology/admingeo/District,Lincolnshire,http://data.ordnancesurvey.co.uk/id/7000000000005942,http://data.ordnancesurvey.co.uk/ontology/admingeo/County,East Midlands,http://data.ordnancesurvey.co.uk/id/7000000000041423,England,http://data.ordnancesurvey.co.uk/id/country/england,,,
osgb4000000015658515,http://data.ordnancesurvey.co.uk/id/4000000015658515,Ashfield,,,,transportNetwork,Named Road,489092,380876,1000,20000,489012,380769,489119,380933,LN1,http://data.ordnancesurvey.co.uk/id/postcodedistrict/LN1,Sturton by Stow,http://data.ordnancesurvey.co.uk/id/4000000074574600,http://www.ordnancesurvey.co.uk/xml/codelists/localtype.xml#village,West Lindsey,http://data.ordnancesurvey.co.uk/id/7000000000043527,http://data.ordnancesurvey.co.uk/ontology/admingeo/District,Lincolnshire,http://data.ordnancesurvey.co.uk/id/7000000000005942,http://data.ordnancesurvey.co.uk/ontology/admingeo/County,East Midlands,http://data.ordnancesurvey.co.uk/id/7000000000041423,England,http://data.ordnancesurvey.co.uk/id/country/england,,,
osgb4000000015673640,http://data.ordnancesurvey.co.uk/id/4000000015673640,Chapel Lane,,,,transportNetwork,Named Road,480918,391644,1000,20000,480859,391626,480965,391648,DN21,http://data.ordnancesurvey.co.uk/id/postcodedistrict/DN21,Gainsborough,http://data.ordnancesurvey.co.uk/id/4000000074575425,http://www.ordnancesurvey.co.uk/xml/codelists/localtype.xml#town,West Lindsey,http://data.ordnancesurvey.co.uk/id/7000000000043527,http://data.ordnancesurvey.co.uk/ontology/admingeo/District,Lincolnshire,http://data.ordnancesurvey.co.uk/id/7000000000005942,http://data.ordnancesurvey.co.uk/ontology/admingeo/County,East Midlands,http://data.ordnancesurvey.co.uk/id/7000000000041423,England,http://data.ordnancesurvey.co.uk/id/country/england,,,
osgb5000005231828257,http://data.ordnancesurvey.co.uk/id/5000005231828257,Clay Lane,,,,transportNetwork,Named Road,492461,398020,13000,20000,491402,397881,493427,398286,DN21,http://data.ordnancesurvey.co.uk/id/postcodedistrict/DN21,,,,,,,North Lincolnshire,http://data.ordnancesurvey.co.uk/id/7000000000025623,http://data.ordnancesurvey.co.uk/ontology/admingeo/UnitaryAuthority,Yorkshire and the Humber,http://data.ordnancesurvey.co.uk/id/7000000000041430,England,http://data.ordnancesurvey.co.uk/id/country/england,,,
osgb4000000015642413,http://data.ordnancesurvey.co.uk/id/4000000015642413,Primrose Street,,,,transportNetwork,Named Road,481592,389339,2000,20000,481578,389191,481605,389499,DN21,http://data.ordnancesurvey.co.uk/id/postcodedistrict/DN21,Gainsborough,http://data.ordnancesurvey.co.uk/id/4000000074575425,http://www.ordnancesurvey.co.uk/xml/codelists/localtype.xml#town,West Lindsey,http://data.ordnancesurvey.co.uk/id/7000000000043527,http://data.ordnancesurvey.co.uk/ontology/admingeo/District,Lincolnshire,http://data.ordnancesurvey.co.uk/id/7000000000005942,http://data.ordnancesurvey.co.uk/ontology/admingeo/County,East Midlands,http://data.ordnancesurvey.co.uk/id/7000000000041423,England,http://data.ordnancesurvey.co.uk/id/country/england,,,
osgb4000000015627582,http://data.ordnancesurvey.co.uk/id/4000000015627582,Willingham Road,,,,transportNetwork,Named Road,485118,382515,16000,20000,483825,382395,486252,382998,DN21,http://data.ordnancesurvey.co.uk/id/postcodedistrict/DN21,,,,West Lindsey,http://data.ordnancesurvey.co.uk/id/7000000000043527,http://data.ordnancesurvey.co.uk/ontology/admingeo/District,Lincolnshire,http://data.ordnancesurvey.co.uk/id/7000000000005942,http://data.ordnancesurvey.co.uk/ontology/admingeo/County,East Midlands,http://data.ordnancesurvey.co.uk/id/7000000000041423,England,http://data.ordnancesurvey.co.uk/id/country/england,,,
osgb5000005337876979,http://data.ordnancesurvey.co.uk/id/5000005337876979,Althing Place,,,,transportNetwork,Named Road,482000,391029,1000,20000,481997,391006,482003,391059,DN21,http://data.ordnancesurvey.co.uk/id/postcodedistrict/DN21,Gainsborough,http://data.ordnancesurvey.co.uk/id/4000000074575425,http://www.ordnancesurvey.co.uk/xml/codelists/localtype.xml#town,West Lindsey,http://data.ordnancesurvey.co.uk/id/7000000000043527,http://data.ordnancesurvey.co.uk/ontology/admingeo/District,Lincolnshire,http://data.ordnancesurvey.co.uk/id/7000000000005942,http://data.ordnancesurvey.co.uk/ontology/admingeo/County,East Midlands,http://data.ordnancesurvey.co.uk/id/7000000000041423,England,http://data.ordnancesurvey.co.uk/id/country/england,,,
osgb4000000015721546,http://data.ordnancesurvey.co.uk/id/4000000015721546,Brookes Close,,,,transportNetwork,Named Road,493614,398060,1000,20000,493585,398025,493625,398070,DN21,http://data.ordnancesurvey.co.uk/id/postcodedistrict/DN21,Kirton in Lindsey,http://data.ordnancesurvey.co.uk/id/4000000074574884,http://www.ordnancesurvey.co.uk/xml/codelists/localtype.xml#town,,,,North Lincolnshire,http://data.ordnancesurvey.co.uk/id/7000000000025623,http://data.ordnancesurvey.co.uk/ontology/admingeo/UnitaryAuthority,Yorkshire and the Humber,http://data.ordnancesurvey.co.uk/id/7000000000041430,England,http://data.ordnancesurvey.co.uk/id/country/england,,,
d2403734-c9a7-4178-9520-f84e24039a34,http://data.ordnancesurvey.co.uk/id/d2403734-c9a7-4178-9520-f84e24039a34,Owmby Cliff Road,,,,transportNetwork,Section Of Named Road,499903,387406,3000,25000,499672,387361,500128,387477,LN8,http://data.ordnancesurvey.co.uk/id/postcodedistrict/LN8,Owmby-by-Spital,http://data.ordnancesurvey.co.uk/id/4000000074549917,http://www.ordnancesurvey.co.uk/xml/codelists/localtype.xml#village,West Lindsey,http://data.ordnancesurvey.co.uk/id/7000000000043527,http://data.ordnancesurvey.co.uk/ontology/admingeo/District,Lincolnshire,http://data.ordnancesurvey.co.uk/id/7000000000005942,http://data.ordnancesurvey.co.uk/ontology/admingeo/County,East Midlands,http://data.ordnancesurvey.co.uk/id/7000000000041423,England,http://data.ordnancesurvey.co.uk/id/country/england,osgb4000000026932001,,
osgb4000000015642454,http://data.ordnancesurvey.co.uk/id/4000000015642454,Middle Street,,,,transportNetwork,Named Road,487044,391298,4000,20000,487032,391019,487138,391577,DN21,http://data.ordnancesurvey.co.uk/id/postcodedistrict/DN21,Corringham,http://data.ordnancesurvey.co.uk/id/4000000074575143,http://www.ordnancesurvey.co.uk/xml/codelists/localtype.xml#village,West Lindsey,http://data.ordnancesurvey.co.uk/id/7000000000043527,http://data.ordnancesurvey.co.uk/ontology/admingeo/District,Lincolnshire,http://data.ordnancesurvey.co.uk/id/7000000000005942,http://data.ordnancesurvey.co.uk/ontology/admingeo/County,East Midlands,http://data.ordnancesurvey.co.uk/id/7000000000041423,England,http://data.ordnancesurvey.co.uk/id/country/england,,,
osgb4000000015870879,http://data.ordnancesurvey.co.uk/id/4000000015870879,Davey Close,,,,transportNetwork,Named Road,488874,381327,1000,20000,488840,381323,488922,381353,LN1,http://data.ordnancesurvey.co.uk/id/postcodedistrict/LN1,Sturton by Stow,http://data.ordnancesurvey.co.uk/id/4000000074574600,http://www.ordnancesurvey.co.uk/xml/codelists/localtype.xml#village,West Lindsey,http://data.ordnancesurvey.co.uk/id/7000000000043527,http://data.ordnancesurvey.co.uk/ontology/admingeo/District,Lincolnshire,http://data.ordnancesurvey.co.uk/id/7000000000005942,http://data.ordnancesurvey.co.uk/ontology/admingeo/County,East Midlands,http://data.ordnancesurvey.co.uk/id/7000000000041423,England,http://data.ordnancesurvey.co.uk/id/country/england,,,
osgb4000000015629880,http://data.ordnancesurvey.co.uk/id/4000000015629880,Long Lane,,,,transportNetwork,Named Road,493888,383536,7000,20000,493192,383303,494292,383572,LN1,http://data.ordnancesurvey.co.uk/id/postcodedistrict/LN1,,,,West Lindsey,http://data.ordnancesurvey.co.uk/id/7000000000043527,http://data.ordnancesurvey.co.uk/ontology/admingeo/District,Lincolnshire,http://data.ordnancesurvey.co.uk/id/7000000000005942,http://data.ordnancesurvey.co.uk/ontology/admingeo/County,East Midlands,http://data.ordnancesurvey.co.uk/id/7000000000041423,England,http://data.ordnancesurvey.co.uk/id/country/england,,,
osgb4000000015673644,http://data.ordnancesurvey.co.uk/id/4000000015673644,Morton Close,,,,transportNetwork,Named Road,480895,391865,1000,20000,480835,391854,480956,391891,DN21,http://data.ordnancesurvey.co.uk/id/postcodedistrict/DN21,Gainsborough,http://data.ordnancesurvey.co.uk/id/4000000074575425,http://www.ordnancesurvey.co.uk/xml/codelists/localtype.xml#town,West Lindsey,http://data.ordnancesurvey.co.uk/id/7000000000043527,http://data.ordnancesurvey.co.uk/ontology/admingeo/District,Lincolnshire,http://data.ordnancesurvey.co.uk/id/7000000000005942,http://data.ordnancesurvey.co.uk/ontology/admingeo/County,East Midlands,http://data.ordnancesurvey.co.uk/id/7000000000041423,England,http://data.ordnancesurvey.co.uk/id/country/england,,,
osgb4000000015642465,http://data.ordnancesurvey.co.uk/id/4000000015642465,Meynell Street,,,,transportNetwork,Named Road,480776,397924,2000,20000,480762,397782,480797,398141,DN21,http://data.ordnancesurvey.co.uk/id/postcodedistrict/DN21,Wildsworth,http://data.ordnancesurvey.co.uk/id/4000000074576002,http://www.ordnancesurvey.co.uk/xml/codelists/localtype.xml#hamlet,West Lindsey,http://data.ordnancesurvey.co.uk/id/7000000000043527,http://data.ordnancesurvey.co.uk/ontology/admingeo/District,Lincolnshire,http://data.ordnancesurvey.co.uk/id/7000000000005942,http://data.ordnancesurvey.co.uk/ontology/admingeo/County,East Midlands,http://data.ordnancesurvey.co.uk/id/7000000000041423,England,http://data.ordnancesurvey.co.uk/id/country/england,,,
osgb4000000015657710,http://data.ordnancesurvey.co.uk/id/4000000015657710,Southlands Drive,,,,transportNetwork,Named Road,480722,391879,1000,20000,480646,391867,480773,391917,DN21,http://data.ordnancesurvey.co.uk/id/postcodedistrict/DN21,Gainsborough,http://data.ordnancesurvey.co.uk/id/4000000074575425,http://www.ordnancesurvey.co.uk/xml/codelists/localtype.xml#town,West Lindsey,http://data.ordnancesurvey.co.uk/id/7000000000043527,http://data.ordnancesurvey.co.uk/ontology/admingeo/District,Lincolnshire,http://data.ordnancesurvey.co.uk/id/7000000000005942,http://data.ordnancesurvey.co.uk/ontology/admingeo/County,East Midlands,http://data.ordnancesurvey.co.uk/id/7000000000041423,England,http://data.ordnancesurvey.co.uk/id/country/england,,,
osgb4000000015673582,http://data.ordnancesurvey.co.uk/id/4000000015673582,Morley Street,,,,transportNetwork,Named Road,481278,389998,1000,20000,481253,389957,481305,390045,DN21,http://data.ordnancesurvey.co.uk/id/postcodedistrict/DN21,Gainsborough,http://data.ordnancesurvey.co.uk/id/4000000074575425,http://www.ordnancesurvey.co.uk/xml/codelists/localtype.xml#town,West Lindsey,http://data.ordnancesurvey.co.uk/id/7000000000043527,http://data.ordnancesurvey.co.uk/ontology/admingeo/District,Lincolnshire,http://data.ordnancesurvey.co.uk/id/7000000000005942,http://data.ordnancesurvey.co.uk/ontology/admingeo/County,East Midlands,http://data.ordnancesurvey.co.uk/id/7000000000041423,England,http://data.ordnancesurvey.co.uk/id/country/england,,,
osgb5000005295753215,http://data.ordnancesurvey.co.uk/id/5000005295753215,Burgh Close,,,,transportNetwork,Named Road,482331,389098,1000,20000,482317,389075,482343,389154,DN21,http://data.ordnancesurvey.co.uk/id/postcodedistrict/DN21,Gainsborough,http://data.ordnancesurvey.co.uk/id/4000000074575425,http://www.ordnancesurvey.co.uk/xml/codelists/localtype.xml#town,West Lindsey,http://data.ordnancesurvey.co.uk/id/7000000000043527,http://data.ordnancesurvey.co.uk/ontology/admingeo/District,Lincolnshire,http://data.ordnancesurvey.co.uk/id/7000000000005942,http://data.ordnancesurvey.co.uk/ontology/admingeo/County,East Midlands,http://data.ordnancesurvey.co.uk/id/7000000000041423,England,http://data.ordnancesurvey.co.uk/id/country/england,,,
5b5f4267-607b-40ca-8d80-142d0c26b8c4,http://data.ordnancesurvey.co.uk/id/5b5f4267-607b-40ca-8d80-142d0c26b8c4,Gainsborough Road,,,,transportNetwork,Section Of Named Road,482934,384625,3000,25000,482885,384403,483057,384855,DN21,http://data.ordnancesurvey.co.uk/id/postcodedistrict/DN21,Knaith,http://data.ordnancesurvey.co.uk/id/4000000074578004,http://www.ordnancesurvey.co.uk/xml/codelists/localtype.xml#hamlet,West Lindsey,http://data.ordnancesurvey.co.uk/id/7000000000043527,http://data.ordnancesurvey.co.uk/ontology/admingeo/District,Lincolnshire,http://data.ordnancesurvey.co.uk/id/7000000000005942,http://data.ordnancesurvey.co.uk/ontology/admingeo/County,East Midlands,http://data.ordnancesurvey.co.uk/id/7000000000041423,England,http://data.ordnancesurvey.co.uk/id/country/england,osgb4000000015633607,,
osgb4000000015657692,http://data.ordnancesurvey.co.uk/id/4000000015657692,Dorton Avenue,,,,transportNetwork,Named Road,482617,389634,1000,20000,482531,389553,482627,389707,DN21,http://data.ordnancesurvey.co.uk/id/postcodedistrict/DN21,Gainsborough,http://data.ordnancesurvey.co.uk/id/4000000074575425,http://www.ordnancesurvey.co.uk/xml/codelists/localtype.xml#town,West Lindsey,http://data.ordnancesurvey.co.uk/id/7000000000043527,http://data.ordnancesurvey.co.uk/ontology/admingeo/District,Lincolnshire,http://data.ordnancesurvey.co.uk/id/7000000000005942,http://data.ordnancesurvey.co.uk/ontology/admingeo/County,East Midlands,http://data.ordnancesurvey.co.uk/id/7000000000041423,England,http://data.ordnancesurvey.co.uk/id/country/england,,,
osgb4000000015885963,http://data.ordnancesurvey.co.uk/id/4000000015885963,Heron Drive,,,,transportNetwork,Named Road,482848,390410,1000,20000,482830,390303,482906,390486,DN21,http://data.ordnancesurvey.co.uk/id/postcodedistrict/DN21,Gainsborough,http://data.ordnancesurvey.co.uk/id/4000000074575425,http://www.ordnancesurvey.co.uk/xml/codelists/localtype.xml#town,West Lindsey,http://data.ordnancesurvey.co.uk/id/7000000000043527,http://data.ordnancesurvey.co.uk/ontology/admingeo/District,Lincolnshire,http://data.ordnancesurvey.co.uk/id/7000000000005942,http://data.ordnancesurvey.co.uk/ontology/admingeo/County,East Midlands,http://data.ordnancesurvey.co.uk/id/7000000000041423,England,http://data.ordnancesurvey.co.uk/id/country/england,,,
osgb4000000015673624,http://data.ordnancesurvey.co.uk/id/4000000015673624,Springthorpe Road,,,,transportNetwork,Named Road,482881,389797,1000,20000,482784,389797,482884,389812,DN21,http://data.ordnancesurvey.co.uk/id/postcodedistrict/DN21,Gainsborough,http://data.ordnancesurvey.co.uk/id/4000000074575425,http://www.ordnancesurvey.co.uk/xml/codelists/localtype.xml#town,West Lindsey,http://data.ordnancesurvey.co.uk/id/7000000000043527,http://data.ordnancesurvey.co.uk/ontology/admingeo/District,Lincolnshire,http://data.ordnancesurvey.co.uk/id/7000000000005942,http://data.ordnancesurvey.co.uk/ontology/admingeo/County,East Midlands,http://data.ordnancesurvey.co.uk/id/7000000000041423,England,http://data.ordnancesurvey.co.uk/id/country/england,,,
osgb4000000015657688,http://data.ordnancesurvey.co.uk/id/4000000015657688,Victoria Close,,,,transportNetwork,Named Road,482701,388891,1000,20000,482699,388859,482705,388956,DN21,http://data.ordnancesurvey.co.uk/id/postcodedistrict/DN21,Gainsborough,http://data.ordnancesurvey.co.uk/id/4000000074575425,http://www.ordnancesurvey.co.uk/xml/codelists/localtype.xml#town,West Lindsey,http://data.ordnancesurvey.co.uk/id/7000000000043527,http://data.ordnancesurvey.co.uk/ontology/admingeo/District,Lincolnshire,http://data.ordnancesurvey.co.uk/id/7000000000005942,http://data.ordnancesurvey.co.uk/ontology/admingeo/County,East Midlands,http://data.ordnancesurvey.co.uk/id/7000000000041423,England,http://data.ordnancesurvey.co.uk/id/country/england,,,
osgb4000000015673567,http://data.ordnancesurvey.co.uk/id/4000000015673567,Wheeldon Street,,,,transportNetwork,Named Road,481793,389201,1000,20000,481781,389177,481798,389260,DN21,http://data.ordnancesurvey.co.uk/id/postcodedistrict/DN21,Gainsborough,http://data.ordnancesurvey.co.uk/id/4000000074575425,http://www.ordnancesurvey.co.uk/xml/codelists/localtype.xml#town,West Lindsey,http://data.ordnancesurvey.co.uk/id/7000000000043527,http://data.ordnancesurvey.co.uk/ontology/admingeo/District,Lincolnshire,http://data.ordnancesurvey.co.uk/id/7000000000005942,http://data.ordnancesurvey.co.uk/ontology/admingeo/County,East Midlands,http://data.ordnancesurvey.co.uk/id/7000000000041423,England,http://data.ordnancesurvey.co.uk/id/country/england,,,
osgb4000000015658522,http://data.ordnancesurvey.co.uk/id/4000000015658522,Lancaster Green,,,,transportNetwork,Named Road,494957,389552,2000,20000,494855,389377,495039,389674,DN21,http://data.ordnancesurvey.co.uk/id/postcodedistrict/DN21,Hemswell Cliff,http://data.ordnancesurvey.co.uk/id/4000000074574338,http://www.ordnancesurvey.co.uk/xml/codelists/localtype.xml#village,West Lindsey,http://data.ordnancesurvey.co.uk/id/7000000000043527,http://data.ordnancesurvey.co.uk/ontology/admingeo/District,Lincolnshire,http://data.ordnancesurvey.co.uk/id/7000000000005942,http://data.ordnancesurvey.co.uk/ontology/admingeo/County,East Midlands,http://data.ordnancesurvey.co.uk/id/7000000000041423,England,http://data.ordnancesurvey.co.uk/id/country/england,,,
osgb4000000067708053,http://data.ordnancesurvey.co.uk/id/4000000067708053,Riverside Walk,,,,transportNetwork,Named Road,481454,389491,5000,20000,481271,389106,481516,389881,DN21,http://data.ordnancesurvey.co.uk/id/postcodedistrict/DN21,Gainsborough,http://data.ordnancesurvey.co.uk/id/4000000074575425,http://www.ordnancesurvey.co.uk/xml/codelists/localtype.xml#town,West Lindsey,http://data.ordnancesurvey.co.uk/id/7000000000043527,http://data.ordnancesurvey.co.uk/ontology/admingeo/District,Lincolnshire,http://data.ordnancesurvey.co.uk/id/7000000000005942,http://data.ordnancesurvey.co.uk/ontology/admingeo/County,East Midlands,http://data.ordnancesurvey.co.uk/id/7000000000041423,England,http://data.ordnancesurvey.co.uk/id/country/england,,,
osgb4000000015674482,http://data.ordnancesurvey.co.uk/id/4000000015674482,Glebe Close,,,,transportNetwork,Named Road,494865,383314,1000,20000,494837,383311,494910,383335,LN1,http://data.ordnancesurvey.co.uk/id/postcodedistrict/LN1,Ingham,http://data.ordnancesurvey.co.uk/id/4000000074574875,http://www.ordnancesurvey.co.uk/xml/codelists/localtype.xml#village,West Lindsey,http://data.ordnancesurvey.co.uk/id/7000000000043527,http://data.ordnancesurvey.co.uk/ontology/admingeo/District,Lincolnshire,http://data.ordnancesurvey.co.uk/id/7000000000005942,http://data.ordnancesurvey.co.uk/ontology/admingeo/County,East Midlands,http://data.ordnancesurvey.co.uk/id/7000000000041423,England,http://data.ordnancesurvey.co.uk/id/country/england,,,
osgb4000000015657619,http://data.ordnancesurvey.co.uk/id/4000000015657619,Torr Street,,,,transportNetwork,Named Road,481681,389645,1000,20000,481616,389631,481734,389656,DN21,http://data.ordnancesurvey.co.uk/id/postcodedistrict/DN21,Gainsborough,http://data.ordnancesurvey.co.uk/id/4000000074575425,http://www.ordnancesurvey.co.uk/xml/codelists/localtype.xml#town,West Lindsey,http://data.ordnancesurvey.co.uk/id/7000000000043527,http://data.ordnancesurvey.co.uk/ontology/admingeo/District,Lincolnshire,http://data.ordnancesurvey.co.uk/id/7000000000005942,http://data.ordnancesurvey.co.uk/ontology/admingeo/County,East Midlands,http://data.ordnancesurvey.co.uk/id/7000000000041423,England,http://data.ordnancesurvey.co.uk/id/country/england,,,
osgb4000000015658527,http://data.ordnancesurvey.co.uk/id/4000000015658527,Creampoke Crescent,,,,transportNetwork,Named Road,495650,389502,1000,20000,495557,389492,495707,389504,DN21,http://data.ordnancesurvey.co.uk/id/postcodedistrict/DN21,Hemswell Cliff,http://data.ordnancesurvey.co.uk/id/4000000074574338,http://www.ordnancesurvey.co.uk/xml/codelists/localtype.xml#village,West Lindsey,http://data.ordnancesurvey.co.uk/id/7000000000043527,http://data.ordnancesurvey.co.uk/ontology/admingeo/District,Lincolnshire,http://data.ordnancesurvey.co.uk/id/7000000000005942,http://data.ordnancesurvey.co.uk/ontology/admingeo/County,East Midlands,http://data.ordnancesurvey.co.uk/id/7000000000041423,England,http://data.ordnancesurvey.co.uk/id/country/england,,,
osgb4000000015673570,http://data.ordnancesurvey.co.uk/id/4000000015673570,Kingerby Close,,,,transportNetwork,Named Road,482168,389453,1000,20000,482124,389441,482189,389457,DN21,http://data.ordnancesurvey.co.uk/id/postcodedistrict/DN21,Gainsborough,http://data.ordnancesurvey.co.uk/id/4000000074575425,http://www.ordnancesurvey.co.uk/xml/codelists/localtype.xml#town,West Lindsey,http://data.ordnancesurvey.co.uk/id/7000000000043527,http://data.ordnancesurvey.co.uk/ontology/admingeo/District,Lincolnshire,http://data.ordnancesurvey.co.uk/id/7000000000005942,http://data.ordnancesurvey.co.uk/ontology/admingeo/County,East Midlands,http://data.ordnancesurvey.co.uk/id/7000000000041423,England,http://data.ordnancesurvey.co.uk/id/country/england,,,
641ddcfa-4d95-4a7e-bad2-d6cbe2547435,http://data.ordnancesurvey.co.uk/id/641ddcfa-4d95-4a7e-bad2-d6cbe2547435,Marshall Way,,,,transportNetwork,Section Of Named Road,483204,389384,2000,25000,483103,389224,483341,389555,DN21,http://data.ordnancesurvey.co.uk/id/postcodedistrict/DN21,Gainsborough,http://data.ordnancesurvey.co.uk/id/4000000074575425,http://www.ordnancesurvey.co.uk/xml/codelists/localtype.xml#town,West Lindsey,http://data.ordnancesurvey.co.uk/id/7000000000043527,http://data.ordnancesurvey.co.uk/ontology/admingeo/District,Lincolnshire,http://data.ordnancesurvey.co.uk/id/7000000000005942,http://data.ordnancesurvey.co.uk/ontology/admingeo/County,East Midlands,http://data.ordnancesurvey.co.uk/id/7000000000041423,England,http://data.ordnancesurvey.co.uk/id/country/england,osgb4000000015709555,,
osgb4000000015629769,http://data.ordnancesurvey.co.uk/id/4000000015629769,Hornsey Hill Road,,,,transportNetwork,Named Road,483426,398364,6000,20000,482961,398109,483926,398470,DN21,http://data.ordnancesurvey.co.uk/id/postcodedistrict/DN21,,,,West Lindsey,http://data.ordnancesurvey.co.uk/id/7000000000043527,http://data.ordnancesurvey.co.uk/ontology/admingeo/District,Lincolnshire,http://data.ordnancesurvey.co.uk/id/7000000000005942,http://data.ordnancesurvey.co.uk/ontology/admingeo/County,East Midlands,http://data.ordnancesurvey.co.uk/id/7000000000041423,England,http://data.ordnancesurvey.co.uk/id/country/england,,,
osgb4000000015870880,http://data.ordnancesurvey.co.uk/id/4000000015870880,Reynard Court,,,,transportNetwork,Named Road,487457,384566,1000,20000,487439,384552,487461,384593,DN21,http://data.ordnancesurvey.co.uk/id/postcodedistrict/DN21,Willingham by Stow,http://data.ordnancesurvey.co.uk/id/4000000074575139,http://www.ordnancesurvey.co.uk/xml/codelists/localtype.xml#village,West Lindsey,http://data.ordnancesurvey.co.uk/id/7000000000043527,http://data.ordnancesurvey.co.uk/ontology/admingeo/District,Lincolnshire,http://data.ordnancesurvey.co.uk/id/7000000000005942,http://data.ordnancesurvey.co.uk/ontology/admingeo/County,East Midlands,http://data.ordnancesurvey.co.uk/id/7000000000041423,England,http://data.ordnancesurvey.co.uk/id/country/england,,,
osgb4000000015633800,http://data.ordnancesurvey.co.uk/id/4000000015633800,Mill Lane,,,,transportNetwork,Named Road,481165,392067,4000,20000,480818,391960,481460,392317,DN21,http://data.ordnancesurvey.co.uk/id/postcodedistrict/DN21,Gainsborough,http://data.ordnancesurvey.co.uk/id/4000000074575425,http://www.ordnancesurvey.co.uk/xml/codelists/localtype.xml#town,West Lindsey,http://data.ordnancesurvey.co.uk/id/7000000000043527,http://data.ordnancesurvey.co.uk/ontology/admingeo/District,Lincolnshire,http://data.ordnancesurvey.co.uk/id/7000000000005942,http://data.ordnancesurvey.co.uk/ontology/admingeo/County,East Midlands,http://data.ordnancesurvey.co.uk/id/7000000000041423,England,http://data.ordnancesurvey.co.uk/id/country/england,,,
osgb4000000015674500,http://data.ordnancesurvey.co.uk/id/4000000015674500,Fairfields,,,,transportNetwork,Named Road,493533,398070,1000,20000,493476,398008,493603,398130,DN21,http://data.ordnancesurvey.co.uk/id/postcodedistrict/DN21,Kirton in Lindsey,http://data.ordnancesurvey.co.uk/id/4000000074574884,http://www.ordnancesurvey.co.uk/xml/codelists/localtype.xml#town,,,,North Lincolnshire,http://data.ordnancesurvey.co.uk/id/7000000000025623,http://data.ordnancesurvey.co.uk/ontology/admingeo/UnitaryAuthority,Yorkshire and the Humber,http://data.ordnancesurvey.co.uk/id/7000000000041430,England,http://data.ordnancesurvey.co.uk/id/country/england,,,
osgb4000000015633578,http://data.ordnancesurvey.co.uk/id/4000000015633578,Town Street,,,,transportNetwork,Named Road,481939,380051,3000,20000,481660,379775,481948,380313,DN22,http://data.ordnancesurvey.co.uk/id/postcodedistrict/DN22,Cottam,http://data.ordnancesurvey.co.uk/id/4000000074575721,http://www.ordnancesurvey.co.uk/xml/codelists/localtype.xml#village,Bassetlaw,http://data.ordnancesurvey.co.uk/id/7000000000008122,http://data.ordnancesurvey.co.uk/ontology/admingeo/District,Nottinghamshire,http://data.ordnancesurvey.co.uk/id/7000000000008127,http://data.ordnancesurvey.co.uk/ontology/admingeo/County,East Midlands,http://data.ordnancesurvey.co.uk/id/7000000000041423,England,http://data.ordnancesurvey.co.uk/id/country/england,,,
osgb4000000015629881,http://data.ordnancesurvey.co.uk/id/4000000015629881,Hill Road,,,,transportNetwork,Named Road,487656,389412,10000,20000,487378,388617,487798,390151,DN21,http://data.ordnancesurvey.co.uk/id/postcodedistrict/DN21,,,,West Lindsey,http://data.ordnancesurvey.co.uk/id/7000000000043527,http://data.ordnancesurvey.co.uk/ontology/admingeo/District,Lincolnshire,http://data.ordnancesurvey.co.uk/id/7000000000005942,http://data.ordnancesurvey.co.uk/ontology/admingeo/County,East Midlands,http://data.ordnancesurvey.co.uk/id/7000000000041423,England,http://data.ordnancesurvey.co.uk/id/country/england,,,
osgb5000005100380532,http://data.ordnancesurvey.co.uk/id/5000005100380532,Marshall's Rise,,,,transportNetwork,Named Road,481830,390010,1000,20000,481818,389948,481847,390071,DN21,http://data.ordnancesurvey.co.uk/id/postcodedistrict/DN21,Gainsborough,http://data.ordnancesurvey.co.uk/id/4000000074575425,http://www.ordnancesurvey.co.uk/xml/codelists/localtype.xml#town,West Lindsey,http://data.ordnancesurvey.co.uk/id/7000000000043527,http://data.ordnancesurvey.co.uk/ontology/admingeo/District,Lincolnshire,http://data.ordnancesurvey.co.uk/id/7000000000005942,http://data.ordnancesurvey.co.uk/ontology/admingeo/County,East Midlands,http://data.ordnancesurvey.co.uk/id/7000000000041423,England,http://data.ordnancesurvey.co.uk/id/country/england,,,
osgb5000005296307975,http://data.ordnancesurvey.co.uk/id/5000005296307975,Miller Way,,,,transportNetwork,Named Road,482294,388360,1000,20000,482277,388290,482328,388442,DN21,http://data.ordnancesurvey.co.uk/id/postcodedistrict/DN21,Gainsborough,http://data.ordnancesurvey.co.uk/id/4000000074575425,http://www.ordnancesurvey.co.uk/xml/codelists/localtype.xml#town,West Lindsey,http://data.ordnancesurvey.co.uk/id/7000000000043527,http://data.ordnancesurvey.co.uk/ontology/admingeo/District,Lincolnshire,http://data.ordnancesurvey.co.uk/id/7000000000005942,http://data.ordnancesurvey.co.uk/ontology/admingeo/County,East Midlands,http://data.ordnancesurvey.co.uk/id/7000000000041423,England,http://data.ordnancesurvey.co.uk/id/country/england,,,
osgb4000000015633789,http://data.ordnancesurvey.co.uk/id/4000000015633789,Whites Wood Lane,,,,transportNetwork,Named Road,482883,389945,8000,20000,482305,389877,483479,389991,DN21,http://data.ordnancesurvey.co.uk/id/postcodedistrict/DN21,Gainsborough,http://data.ordnancesurvey.co.uk/id/4000000074575425,http://www.ordnancesurvey.co.uk/xml/codelists/localtype.xml#town,West Lindsey,http://data.ordnancesurvey.co.uk/id/7000000000043527,http://data.ordnancesurvey.co.uk/ontology/admingeo/District,Lincolnshire,http://data.ordnancesurvey.co.uk/id/7000000000005942,http://data.ordnancesurvey.co.uk/ontology/admingeo/County,East Midlands,http://data.ordnancesurvey.co.uk/id/7000000000041423,England,http://data.ordnancesurvey.co.uk/id/country/england,,,
osgb5000005302089851,http://data.ordnancesurvey.co.uk/id/5000005302089851,March Lane,,,,transportNetwork,Named Road,493551,398670,1000,20000,493514,398647,493589,398693,DN21,http://data.ordnancesurvey.co.uk/id/postcodedistrict/DN21,Kirton in Lindsey,http://data.ordnancesurvey.co.uk/id/4000000074574884,http://www.ordnancesurvey.co.uk/xml/codelists/localtype.xml#town,,,,North Lincolnshire,http://data.ordnancesurvey.co.uk/id/7000000000025623,http://data.ordnancesurvey.co.uk/ontology/admingeo/UnitaryAuthority,Yorkshire and the Humber,http://data.ordnancesurvey.co.uk/id/7000000000041430,England,http://data.ordnancesurvey.co.uk/id/country/england,,,
85519f38-f926-4a4b-be1d-6792fe6b83e8,http://data.ordnancesurvey.co.uk/id/85519f38-f926-4a4b-be1d-6792fe6b83e8,Gainsborough Road,,,,transportNetwork,Section Of Named Road,482717,387086,7000,25000,482360,386500,482861,387536,DN21,http://data.ordnancesurvey.co.uk/id/postcodedistrict/DN21,Lea,http://data.ordnancesurvey.co.uk/id/4000000074578253,http://www.ordnancesurvey.co.uk/xml/codelists/localtype.xml#village,West Lindsey,http://data.ordnancesurvey.co.uk/id/7000000000043527,http://data.ordnancesurvey.co.uk/ontology/admingeo/District,Lincolnshire,http://data.ordnancesurvey.co.uk/id/7000000000005942,http://data.ordnancesurvey.co.uk/ontology/admingeo/County,East Midlands,http://data.ordnancesurvey.co.uk/id/7000000000041423,England,http://data.ordnancesurvey.co.uk/id/country/england,osgb4000000015633607,,
osgb4000000015682078,http://data.ordnancesurvey.co.uk/id/4000000015682078,Rowston Close,,,,transportNetwork,Named Road,481230,390722,1000,20000,481199,390718,481268,390734,DN21,http://data.ordnancesurvey.co.uk/id/postcodedistrict/DN21,Gainsborough,http://data.ordnancesurvey.co.uk/id/4000000074575425,http://www.ordnancesurvey.co.uk/xml/codelists/localtype.xml#town,West Lindsey,http://data.ordnancesurvey.co.uk/id/7000000000043527,http://data.ordnancesurvey.co.uk/ontology/admingeo/District,Lincolnshire,http://data.ordnancesurvey.co.uk/id/7000000000005942,http://data.ordnancesurvey.co.uk/ontology/admingeo/County,East Midlands,http://data.ordnancesurvey.co.uk/id/7000000000041423,England,http://data.ordnancesurvey.co.uk/id/country/england,,,
osgb5000005302089843,http://data.ordnancesurvey.co.uk/id/5000005302089843,Red Lion Passage,,,,transportNetwork,Named Road,493770,398635,1000,20000,493754,398616,493791,398653,DN21,http://data.ordnancesurvey.co.uk/id/postcodedistrict/DN21,Kirton in Lindsey,http://data.ordnancesurvey.co.uk/id/4000000074574884,http://www.ordnancesurvey.co.uk/xml/codelists/localtype.xml#town,,,,North Lincolnshire,http://data.ordnancesurvey.co.uk/id/7000000000025623,http://data.ordnancesurvey.co.uk/ontology/admingeo/UnitaryAuthority,Yorkshire and the Humber,http://data.ordnancesurvey.co.uk/id/7000000000041430,England,http://data.ordnancesurvey.co.uk/id/country/england,,,
osgb4000000015673642,http://data.ordnancesurvey.co.uk/id/4000000015673642,Cross Street,,,,transportNetwork,Named Road,480964,391699,1000,20000,480960,391639,480984,391723,DN21,http://data.ordnancesurvey.co.uk/id/postcodedistrict/DN21,Gainsborough,http://data.ordnancesurvey.co.uk/id/4000000074575425,http://www.ordnancesurvey.co.uk/xml/codelists/localtype.xml#town,West Lindsey,http://data.ordnancesurvey.co.uk/id/7000000000043527,http://data.ordnancesurvey.co.uk/ontology/admingeo/District,Lincolnshire,http://data.ordnancesurvey.co.uk/id/7000000000005942,http://data.ordnancesurvey.co.uk/ontology/admingeo/County,East Midlands,http://data.ordnancesurvey.co.uk/id/7000000000041423,England,http://data.ordnancesurvey.co.uk/id/country/england,,,
osgb4000000015673631,http://data.ordnancesurvey.co.uk/id/4000000015673631,Sycamore Drive,,,,transportNetwork,Named Road,482410,390636,1000,20000,482372,390590,482432,390655,DN21,http://data.ordnancesurvey.co.uk/id/postcodedistrict/DN21,Gainsborough,http://data.ordnancesurvey.co.uk/id/4000000074575425,http://www.ordnancesurvey.co.uk/xml/codelists/localtype.xml#town,West Lindsey,http://data.ordnancesurvey.co.uk/id/7000000000043527,http://data.ordnancesurvey.co.uk/ontology/admingeo/District,Lincolnshire,http://data.ordnancesurvey.co.uk/id/7000000000005942,http://data.ordnancesurvey.co.uk/ontology/admingeo/County,East Midlands,http://data.ordnancesurvey.co.uk/id/7000000000041423,England,http://data.ordnancesurvey.co.uk/id/country/england,,,
osgb4000000015633595,http://data.ordnancesurvey.co.uk/id/4000000015633595,North Leys Road,,,,transportNetwork,Named Road,481232,381930,3000,20000,481232,381643,481237,382153,DN22,http://data.ordnancesurvey.co.uk/id/postcodedistrict/DN22,,,,Bassetlaw,http://data.ordnancesurvey.co.uk/id/7000000000008122,http://data.ordnancesurvey.co.uk/ontology/admingeo/District,Nottinghamshire,http://data.ordnancesurvey.co.uk/id/7000000000008127,http://data.ordnancesurvey.co.uk/ontology/admingeo/County,East Midlands,http://data.ordnancesurvey.co.uk/id/7000000000041423,England,http://data.ordnancesurvey.co.uk/id/country/england,,,
osgb4000000015999415,http://data.ordnancesurvey.co.uk/id/4000000015999415,Pilgrims Approach,,,,transportNetwork,Named Road,482864,388724,1000,20000,482811,388718,482878,388726,DN21,http://data.ordnancesurvey.co.uk/id/postcodedistrict/DN21,Gainsborough,http://data.ordnancesurvey.co.uk/id/4000000074575425,http://www.ordnancesurvey.co.uk/xml/codelists/localtype.xml#town,West Lindsey,http://data.ordnancesurvey.co.uk/id/7000000000043527,http://data.ordnancesurvey.co.uk/ontology/admingeo/District,Lincolnshire,http://data.ordnancesurvey.co.uk/id/7000000000005942,http://data.ordnancesurvey.co.uk/ontology/admingeo/County,East Midlands,http://data.ordnancesurvey.co.uk/id/7000000000041423,England,http://data.ordnancesurvey.co.uk/id/country/england,,,
osgb4000000015912856,http://data.ordnancesurvey.co.uk/id/4000000015912856,Sunningdale Way,,,,transportNetwork,Named Road,482204,391090,2000,20000,482039,390969,482324,391200,DN21,http://data.ordnancesurvey.co.uk/id/postcodedistrict/DN21,Gainsborough,http://data.ordnancesurvey.co.uk/id/4000000074575425,http://www.ordnancesurvey.co.uk/xml/codelists/localtype.xml#town,West Lindsey,http://data.ordnancesurvey.co.uk/id/7000000000043527,http://data.ordnancesurvey.co.uk/ontology/admingeo/District,Lincolnshire,http://data.ordnancesurvey.co.uk/id/7000000000005942,http://data.ordnancesurvey.co.uk/ontology/admingeo/County,East Midlands,http://data.ordnancesurvey.co.uk/id/7000000000041423,England,http://data.ordnancesurvey.co.uk/id/country/england,,,
osgb4000000015672939,http://data.ordnancesurvey.co.uk/id/4000000015672939,Wapping Lane,,,,transportNetwork,Named Road,484013,381795,1000,20000,483988,381790,484086,381812,DN21,http://data.ordnancesurvey.co.uk/id/postcodedistrict/DN21,Marton,http://data.ordnancesurvey.co.uk/id/4000000074577537,http://www.ordnancesurvey.co.uk/xml/codelists/localtype.xml#village,West Lindsey,http://data.ordnancesurvey.co.uk/id/7000000000043527,http://data.ordnancesurvey.co.uk/ontology/admingeo/District,Lincolnshire,http://data.ordnancesurvey.co.uk/id/7000000000005942,http://data.ordnancesurvey.co.uk/ontology/admingeo/County,East Midlands,http://data.ordnancesurvey.co.uk/id/7000000000041423,England,http://data.ordnancesurvey.co.uk/id/country/england,,,
osgb4000000015674510,http://data.ordnancesurvey.co.uk/id/4000000015674510,The Falconers,,,,transportNetwork,Named Road,497203,399768,1000,20000,497174,399736,497234,399833,DN21,http://data.ordnancesurvey.co.uk/id/postcodedistrict/DN21,Redbourne,http://data.ordnancesurvey.co.uk/id/4000000074574881,http://www.ordnancesurvey.co.uk/xml/codelists/localtype.xml#village,,,,North Lincolnshire,http://data.ordnancesurvey.co.uk/id/7000000000025623,http://data.ordnancesurvey.co.uk/ontology/admingeo/UnitaryAuthority,Yorkshire and the Humber,http://data.ordnancesurvey.co.uk/id/7000000000041430,England,http://data.ordnancesurvey.co.uk/id/country/england,,,
osgb4000000015902574,http://data.ordnancesurvey.co.uk/id/4000000015902574,Dove Close,,,,transportNetwork,Named Road,482902,390264,1000,20000,482890,390264,482914,390303,DN21,http://data.ordnancesurvey.co.uk/id/postcodedistrict/DN21,Gainsborough,http://data.ordnancesurvey.co.uk/id/4000000074575425,http://www.ordnancesurvey.co.uk/xml/codelists/localtype.xml#town,West Lindsey,http://data.ordnancesurvey.co.uk/id/7000000000043527,http://data.ordnancesurvey.co.uk/ontology/admingeo/District,Lincolnshire,http://data.ordnancesurvey.co.uk/id/7000000000005942,http://data.ordnancesurvey.co.uk/ontology/admingeo/County,East Midlands,http://data.ordnancesurvey.co.uk/id/7000000000041423,England,http://data.ordnancesurvey.co.uk/id/country/england,,,
osgb4000000015657687,http://data.ordnancesurvey.co.uk/id/4000000015657687,Claremont Road,,,,transportNetwork,Named Road,482536,388737,1000,20000,482444,388730,482609,388809,DN21,http://data.ordnancesurvey.co.uk/id/postcodedistrict/DN21,Gainsborough,http://data.ordnancesurvey.co.uk/id/4000000074575425,http://www.ordnancesurvey.co.uk/xml/codelists/localtype.xml#town,West Lindsey,http://data.ordnancesurvey.co.uk/id/7000000000043527,http://data.ordnancesurvey.co.uk/ontology/admingeo/District,Lincolnshire,http://data.ordnancesurvey.co.uk/id/7000000000005942,http://data.ordnancesurvey.co.uk/ontology/admingeo/County,East Midlands,http://data.ordnancesurvey.co.uk/id/7000000000041423,England,http://data.ordnancesurvey.co.uk/id/country/england,,,
3794b2e9-1334-4479-977e-7a48ead8fdf4,http://data.ordnancesurvey.co.uk/id/3794b2e9-1334-4479-977e-7a48ead8fdf4,Willingham Road,,,,transportNetwork,Section Of Named Road,484039,385785,2000,25000,483901,385731,484174,385823,DN21,http://data.ordnancesurvey.co.uk/id/postcodedistrict/DN21,Knaith Park,http://data.ordnancesurvey.co.uk/id/4000000074813593,http://www.ordnancesurvey.co.uk/xml/codelists/localtype.xml#village,West Lindsey,http://data.ordnancesurvey.co.uk/id/7000000000043527,http://data.ordnancesurvey.co.uk/ontology/admingeo/District,Lincolnshire,http://data.ordnancesurvey.co.uk/id/7000000000005942,http://data.ordnancesurvey.co.uk/ontology/admingeo/County,East Midlands,http://data.ordnancesurvey.co.uk/id/7000000000041423,England,http://data.ordnancesurvey.co.uk/id/country/england,osgb4000000015629739,,
osgb4000000015633608,http://data.ordnancesurvey.co.uk/id/4000000015633608,Knaith Hill,,,,transportNetwork,Named Road,483227,384817,4000,20000,482931,384762,483510,384914,DN21,http://data.ordnancesurvey.co.uk/id/postcodedistrict/DN21,Knaith,http://data.ordnancesurvey.co.uk/id/4000000074578004,http://www.ordnancesurvey.co.uk/xml/codelists/localtype.xml#hamlet,West Lindsey,http://data.ordnancesurvey.co.uk/id/7000000000043527,http://data.ordnancesurvey.co.uk/ontology/admingeo/District,Lincolnshire,http://data.ordnancesurvey.co.uk/id/7000000000005942,http://data.ordnancesurvey.co.uk/ontology/admingeo/County,East Midlands,http://data.ordnancesurvey.co.uk/id/7000000000041423,England,http://data.ordnancesurvey.co.uk/id/country/england,,,
osgb4000000015657706,http://data.ordnancesurvey.co.uk/id/4000000015657706,St Paul's Road,,,,transportNetwork,Named Road,480789,391444,1000,20000,480719,391334,480837,391508,DN21,http://data.ordnancesurvey.co.uk/id/postcodedistrict/DN21,Gainsborough,http://data.ordnancesurvey.co.uk/id/4000000074575425,http://www.ordnancesurvey.co.uk/xml/codelists/localtype.xml#town,West Lindsey,http://data.ordnancesurvey.co.uk/id/7000000000043527,http://data.ordnancesurvey.co.uk/ontology/admingeo/District,Lincolnshire,http://data.ordnancesurvey.co.uk/id/7000000000005942,http://data.ordnancesurvey.co.uk/ontology/admingeo/County,East Midlands,http://data.ordnancesurvey.co.uk/id/7000000000041423,England,http://data.ordnancesurvey.co.uk/id/country/england,,,
osgb4000000015642890,http://data.ordnancesurvey.co.uk/id/4000000015642890,Coachroad Hill,,,,transportNetwork,Named Road,494484,388586,2000,20000,494320,388459,494639,388692,DN21,http://data.ordnancesurvey.co.uk/id/postcodedistrict/DN21,,,,West Lindsey,http://data.ordnancesurvey.co.uk/id/7000000000043527,http://data.ordnancesurvey.co.uk/ontology/admingeo/District,Lincolnshire,http://data.ordnancesurvey.co.uk/id/7000000000005942,http://data.ordnancesurvey.co.uk/ontology/admingeo/County,East Midlands,http://data.ordnancesurvey.co.uk/id/7000000000041423,England,http://data.ordnancesurvey.co.uk/id/country/england,,,
osgb4000000015788878,http://data.ordnancesurvey.co.uk/id/4000000015788878,Market Place,,,,transportNetwork,Named Road,493736,398642,1000,20000,493710,398642,493765,398678,DN21,http://data.ordnancesurvey.co.uk/id/postcodedistrict/DN21,Kirton in Lindsey,http://data.ordnancesurvey.co.uk/id/4000000074574884,http://www.ordnancesurvey.co.uk/xml/codelists/localtype.xml#town,,,,North Lincolnshire,http://data.ordnancesurvey.co.uk/id/7000000000025623,http://data.ordnancesurvey.co.uk/ontology/admingeo/UnitaryAuthority,Yorkshire and the Humber,http://data.ordnancesurvey.co.uk/id/7000000000041430,England,http://data.ordnancesurvey.co.uk/id/country/england,,,
osgb4000000015642892,http://data.ordnancesurvey.co.uk/id/4000000015642892,Weldon Road,,,,transportNetwork,Named Road,493139,390784,2000,20000,493122,390648,493143,390944,DN21,http://data.ordnancesurvey.co.uk/id/postcodedistrict/DN21,Hemswell,http://data.ordnancesurvey.co.uk/id/4000000074574603,http://www.ordnancesurvey.co.uk/xml/codelists/localtype.xml#village,West Lindsey,http://data.ordnancesurvey.co.uk/id/7000000000043527,http://data.ordnancesurvey.co.uk/ontology/admingeo/District,Lincolnshire,http://data.ordnancesurvey.co.uk/id/7000000000005942,http://data.ordnancesurvey.co.uk/ontology/admingeo/County,East Midlands,http://data.ordnancesurvey.co.uk/id/7000000000041423,England,http://data.ordnancesurvey.co.uk/id/country/england,,,
osgb4000000015837440,http://data.ordnancesurvey.co.uk/id/4000000015837440,Meadow Lands,,,,transportNetwork,Named Road,480571,392131,1000,20000,480535,392117,480610,392133,DN21,http://data.ordnancesurvey.co.uk/id/postcodedistrict/DN21,Gainsborough,http://data.ordnancesurvey.co.uk/id/4000000074575425,http://www.ordnancesurvey.co.uk/xml/codelists/localtype.xml#town,West Lindsey,http://data.ordnancesurvey.co.uk/id/7000000000043527,http://data.ordnancesurvey.co.uk/ontology/admingeo/District,Lincolnshire,http://data.ordnancesurvey.co.uk/id/7000000000005942,http://data.ordnancesurvey.co.uk/ontology/admingeo/County,East Midlands,http://data.ordnancesurvey.co.uk/id/7000000000041423,England,http://data.ordnancesurvey.co.uk/id/country/england,,,
0eb2c612-73af-4378-8713-04d491f6ed01,http://data.ordnancesurvey.co.uk/id/0eb2c612-73af-4378-8713-04d491f6ed01,Church Lane,,,,transportNetwork,Section Of Named Road,493755,396183,4000,25000,493469,396116,494050,396209,DN21,http://data.ordnancesurvey.co.uk/id/postcodedistrict/DN21,Grayingham,http://data.ordnancesurvey.co.uk/id/4000000074574883,http://www.ordnancesurvey.co.uk/xml/codelists/localtype.xml#village,West Lindsey,http://data.ordnancesurvey.co.uk/id/7000000000043527,http://data.ordnancesurvey.co.uk/ontology/admingeo/District,Lincolnshire,http://data.ordnancesurvey.co.uk/id/7000000000005942,http://data.ordnancesurvey.co.uk/ontology/admingeo/County,East Midlands,http://data.ordnancesurvey.co.uk/id/7000000000041423,England,http://data.ordnancesurvey.co.uk/id/country/england,osgb4000000015880013,,
osgb4000000015674502,http://data.ordnancesurvey.co.uk/id/4000000015674502,Highfield Drive,,,,transportNetwork,Named Road,493132,398866,1000,20000,493108,398849,493156,398922,DN21,http://data.ordnancesurvey.co.uk/id/postcodedistrict/DN21,Kirton in Lindsey,http://data.ordnancesurvey.co.uk/id/4000000074574884,http://www.ordnancesurvey.co.uk/xml/codelists/localtype.xml#town,,,,North Lincolnshire,http://data.ordnancesurvey.co.uk/id/7000000000025623,http://data.ordnancesurvey.co.uk/ontology/admingeo/UnitaryAuthority,Yorkshire and the Humber,http://data.ordnancesurvey.co.uk/id/7000000000041430,England,http://data.ordnancesurvey.co.uk/id/country/england,,,
osgb4000000015837451,http://data.ordnancesurvey.co.uk/id/4000000015837451,Mill Close,,,,transportNetwork,Named Road,484842,394379,1000,20000,484842,394351,484846,394394,DN21,http://data.ordnancesurvey.co.uk/id/postcodedistrict/DN21,Blyton,http://data.ordnancesurvey.co.uk/id/4000000074575429,http://www.ordnancesurvey.co.uk/xml/codelists/localtype.xml#village,West Lindsey,http://data.ordnancesurvey.co.uk/id/7000000000043527,http://data.ordnancesurvey.co.uk/ontology/admingeo/District,Lincolnshire,http://data.ordnancesurvey.co.uk/id/7000000000005942,http://data.ordnancesurvey.co.uk/ontology/admingeo/County,East Midlands,http://data.ordnancesurvey.co.uk/id/7000000000041423,England,http://data.ordnancesurvey.co.uk/id/country/england,,,
osgb4000000015903421,http://data.ordnancesurvey.co.uk/id/4000000015903421,Trafalgar Court,,,,transportNetwork,Named Road,482179,387857,1000,20000,482142,387847,482211,387869,DN21,http://data.ordnancesurvey.co.uk/id/postcodedistrict/DN21,Gainsborough,http://data.ordnancesurvey.co.uk/id/4000000074575425,http://www.ordnancesurvey.co.uk/xml/codelists/localtype.xml#town,West Lindsey,http://data.ordnancesurvey.co.uk/id/7000000000043527,http://data.ordnancesurvey.co.uk/ontology/admingeo/District,Lincolnshire,http://data.ordnancesurvey.co.uk/id/7000000000005942,http://data.ordnancesurvey.co.uk/ontology/admingeo/County,East Midlands,http://data.ordnancesurvey.co.uk/id/7000000000041423,England,http://data.ordnancesurvey.co.uk/id/country/england,,,
eb27b4b6-83cc-4b60-a469-a09114460437,http://data.ordnancesurvey.co.uk/id/eb27b4b6-83cc-4b60-a469-a09114460437,Kexby Lane,,,,transportNetwork,Section Of Named Road,484442,385600,3000,25000,484174,385474,484703,385731,DN21,http://data.ordnancesurvey.co.uk/id/postcodedistrict/DN21,Knaith Park,http://data.ordnancesurvey.co.uk/id/4000000074813593,http://www.ordnancesurvey.co.uk/xml/codelists/localtype.xml#village,West Lindsey,http://data.ordnancesurvey.co.uk/id/7000000000043527,http://data.ordnancesurvey.co.uk/ontology/admingeo/District,Lincolnshire,http://data.ordnancesurvey.co.uk/id/7000000000005942,http://data.ordnancesurvey.co.uk/ontology/admingeo/County,East Midlands,http://data.ordnancesurvey.co.uk/id/7000000000041423,England,http://data.ordnancesurvey.co.uk/id/country/england,osgb4000000015627583,,
osgb5000005336058390,http://data.ordnancesurvey.co.uk/id/5000005336058390,The Paddocks,,,,transportNetwork,Named Road,487085,386884,1000,20000,487036,386876,487120,386892,DN21,http://data.ordnancesurvey.co.uk/id/postcodedistrict/DN21,Upton,http://data.ordnancesurvey.co.uk/id/4000000074578003,http://www.ordnancesurvey.co.uk/xml/codelists/localtype.xml#village,West Lindsey,http://data.ordnancesurvey.co.uk/id/7000000000043527,http://data.ordnancesurvey.co.uk/ontology/admingeo/District,Lincolnshire,http://data.ordnancesurvey.co.uk/id/7000000000005942,http://data.ordnancesurvey.co.uk/ontology/admingeo/County,East Midlands,http://data.ordnancesurvey.co.uk/id/7000000000041423,England,http://data.ordnancesurvey.co.uk/id/country/england,,,
osgb4000000015658540,http://data.ordnancesurvey.co.uk/id/4000000015658540,Manor Road,,,,transportNetwork,Named Road,489421,397154,1000,20000,489364,397125,489489,397155,DN21,http://data.ordnancesurvey.co.uk/id/postcodedistrict/DN21,Northorpe,http://data.ordnancesurvey.co.uk/id/4000000074574885,http://www.ordnancesurvey.co.uk/xml/codelists/localtype.xml#village,West Lindsey,http://data.ordnancesurvey.co.uk/id/7000000000043527,http://data.ordnancesurvey.co.uk/ontology/admingeo/District,Lincolnshire,http://data.ordnancesurvey.co.uk/id/7000000000005942,http://data.ordnancesurvey.co.uk/ontology/admingeo/County,East Midlands,http://data.ordnancesurvey.co.uk/id/7000000000041423,England,http://data.ordnancesurvey.co.uk/id/country/england,,,
osgb4000000015642895,http://data.ordnancesurvey.co.uk/id/4000000015642895,Buchanan Road,,,,transportNetwork,Named Road,494839,389794,2000,20000,494752,389687,495010,389881,DN21,http://data.ordnancesurvey.co.uk/id/postcodedistrict/DN21,Hemswell Cliff,http://data.ordnancesurvey.co.uk/id/4000000074574338,http://www.ordnancesurvey.co.uk/xml/codelists/localtype.xml#village,West Lindsey,http://data.ordnancesurvey.co.uk/id/7000000000043527,http://data.ordnancesurvey.co.uk/ontology/admingeo/District,Lincolnshire,http://data.ordnancesurvey.co.uk/id/7000000000005942,http://data.ordnancesurvey.co.uk/ontology/admingeo/County,East Midlands,http://data.ordnancesurvey.co.uk/id/7000000000041423,England,http://data.ordnancesurvey.co.uk/id/country/england,,,
osgb4000000015673574,http://data.ordnancesurvey.co.uk/id/4000000015673574,Curzon Street,,,,transportNetwork,Named Road,481079,390784,1000,20000,481079,390703,481090,390784,DN21,http://data.ordnancesurvey.co.uk/id/postcodedistrict/DN21,Gainsborough,http://data.ordnancesurvey.co.uk/id/4000000074575425,http://www.ordnancesurvey.co.uk/xml/codelists/localtype.xml#town,West Lindsey,http://data.ordnancesurvey.co.uk/id/7000000000043527,http://data.ordnancesurvey.co.uk/ontology/admingeo/District,Lincolnshire,http://data.ordnancesurvey.co.uk/id/7000000000005942,http://data.ordnancesurvey.co.uk/ontology/admingeo/County,East Midlands,http://data.ordnancesurvey.co.uk/id/7000000000041423,England,http://data.ordnancesurvey.co.uk/id/country/england,,,
osgb5000005135387751,http://data.ordnancesurvey.co.uk/id/5000005135387751,Northolme View,,,,transportNetwork,Named Road,481651,390428,1000,20000,481600,390385,481700,390445,DN21,http://data.ordnancesurvey.co.uk/id/postcodedistrict/DN21,Gainsborough,http://data.ordnancesurvey.co.uk/id/4000000074575425,http://www.ordnancesurvey.co.uk/xml/codelists/localtype.xml#town,West Lindsey,http://data.ordnancesurvey.co.uk/id/7000000000043527,http://data.ordnancesurvey.co.uk/ontology/admingeo/District,Lincolnshire,http://data.ordnancesurvey.co.uk/id/7000000000005942,http://data.ordnancesurvey.co.uk/ontology/admingeo/County,East Midlands,http://data.ordnancesurvey.co.uk/id/7000000000041423,England,http://data.ordnancesurvey.co.uk/id/country/england,,,
osgb5000005152950140,http://data.ordnancesurvey.co.uk/id/5000005152950140,Rectory Park,,,,transportNetwork,Named Road,488863,381268,1000,20000,488768,381232,488928,381282,LN1,http://data.ordnancesurvey.co.uk/id/postcodedistrict/LN1,Sturton by Stow,http://data.ordnancesurvey.co.uk/id/4000000074574600,http://www.ordnancesurvey.co.uk/xml/codelists/localtype.xml#village,West Lindsey,http://data.ordnancesurvey.co.uk/id/7000000000043527,http://data.ordnancesurvey.co.uk/ontology/admingeo/District,Lincolnshire,http://data.ordnancesurvey.co.uk/id/7000000000005942,http://data.ordnancesurvey.co.uk/ontology/admingeo/County,East Midlands,http://data.ordnancesurvey.co.uk/id/7000000000041423,England,http://data.ordnancesurvey.co.uk/id/country/england,,,
osgb4000000015674509,http://data.ordnancesurvey.co.uk/id/4000000015674509,North-Dale Court,,,,transportNetwork,Named Road,493268,399054,1000,20000,493251,399029,493280,399070,DN21,http://data.ordnancesurvey.co.uk/id/postcodedistrict/DN21,Kirton in Lindsey,http://data.ordnancesurvey.co.uk/id/4000000074574884,http://www.ordnancesurvey.co.uk/xml/codelists/localtype.xml#town,,,,North Lincolnshire,http://data.ordnancesurvey.co.uk/id/7000000000025623,http://data.ordnancesurvey.co.uk/ontology/admingeo/UnitaryAuthority,Yorkshire and the Humber,http://data.ordnancesurvey.co.uk/id/7000000000041430,England,http://data.ordnancesurvey.co.uk/id/country/england,,,
osgb5000005234522145,http://data.ordnancesurvey.co.uk/id/5000005234522145,Green Lane,,,,transportNetwork,Named Road,499735,387572,3000,20000,499735,387378,499806,387767,LN8,http://data.ordnancesurvey.co.uk/id/postcodedistrict/LN8,,,,West Lindsey,http://data.ordnancesurvey.co.uk/id/7000000000043527,http://data.ordnancesurvey.co.uk/ontology/admingeo/District,Lincolnshire,http://data.ordnancesurvey.co.uk/id/7000000000005942,http://data.ordnancesurvey.co.uk/ontology/admingeo/County,East Midlands,http://data.ordnancesurvey.co.uk/id/7000000000041423,England,http://data.ordnancesurvey.co.uk/id/country/england,,,
osgb4000000015629743,http://data.ordnancesurvey.co.uk/id/4000000015629743,Heapham Road,,,,transportNetwork,Named Road,482996,389450,13000,20000,482088,388957,484032,390084,DN21,http://data.ordnancesurvey.co.uk/id/postcodedistrict/DN21,Gainsborough,http://data.ordnancesurvey.co.uk/id/4000000074575425,http://www.ordnancesurvey.co.uk/xml/codelists/localtype.xml#town,West Lindsey,http://data.ordnancesurvey.co.uk/id/7000000000043527,http://data.ordnancesurvey.co.uk/ontology/admingeo/District,Lincolnshire,http://data.ordnancesurvey.co.uk/id/7000000000005942,http://data.ordnancesurvey.co.uk/ontology/admingeo/County,East Midlands,http://data.ordnancesurvey.co.uk/id/7000000000041423,England,http://data.ordnancesurvey.co.uk/id/country/england,,,
osgb4000000015709560,http://data.ordnancesurvey.co.uk/id/4000000015709560,Green Lane,,,,transportNetwork,Named Road,482555,387033,2000,20000,482424,387007,482725,387078,DN21,http://data.ordnancesurvey.co.uk/id/postcodedistrict/DN21,Lea,http://data.ordnancesurvey.co.uk/id/4000000074578253,http://www.ordnancesurvey.co.uk/xml/codelists/localtype.xml#village,West Lindsey,http://data.ordnancesurvey.co.uk/id/7000000000043527,http://data.ordnancesurvey.co.uk/ontology/admingeo/District,Lincolnshire,http://data.ordnancesurvey.co.uk/id/7000000000005942,http://data.ordnancesurvey.co.uk/ontology/admingeo/County,East Midlands,http://data.ordnancesurvey.co.uk/id/7000000000041423,England,http://data.ordnancesurvey.co.uk/id/country/england,,,
osgb4000000015683487,http://data.ordnancesurvey.co.uk/id/4000000015683487,Dovecote Close,,,,transportNetwork,Named Road,486928,386545,1000,20000,486918,386537,486937,386573,DN21,http://data.ordnancesurvey.co.uk/id/postcodedistrict/DN21,Upton,http://data.ordnancesurvey.co.uk/id/4000000074578003,http://www.ordnancesurvey.co.uk/xml/codelists/localtype.xml#village,West Lindsey,http://data.ordnancesurvey.co.uk/id/7000000000043527,http://data.ordnancesurvey.co.uk/ontology/admingeo/District,Lincolnshire,http://data.ordnancesurvey.co.uk/id/7000000000005942,http://data.ordnancesurvey.co.uk/ontology/admingeo/County,East Midlands,http://data.ordnancesurvey.co.uk/id/7000000000041423,England,http://data.ordnancesurvey.co.uk/id/country/england,,,
osgb4000000015642901,http://data.ordnancesurvey.co.uk/id/4000000015642901,Church Street,,,,transportNetwork,Named Road,493134,393360,1000,20000,493031,393312,493239,393411,DN21,http://data.ordnancesurvey.co.uk/id/postcodedistrict/DN21,Willoughton,http://data.ordnancesurvey.co.uk/id/4000000074574604,http://www.ordnancesurvey.co.uk/xml/codelists/localtype.xml#village,West Lindsey,http://data.ordnancesurvey.co.uk/id/7000000000043527,http://data.ordnancesurvey.co.uk/ontology/admingeo/District,Lincolnshire,http://data.ordnancesurvey.co.uk/id/7000000000005942,http://data.ordnancesurvey.co.uk/ontology/admingeo/County,East Midlands,http://data.ordnancesurvey.co.uk/id/7000000000041423,England,http://data.ordnancesurvey.co.uk/id/country/england,,,
osgb4000000015722621,http://data.ordnancesurvey.co.uk/id/4000000015722621,Archer Street,,,,transportNetwork,Named Road,498301,392565,1000,20000,498257,392456,498383,392600,LN8,http://data.ordnancesurvey.co.uk/id/postcodedistrict/LN8,Bishop Norton,http://data.ordnancesurvey.co.uk/id/4000000074574339,http://www.ordnancesurvey.co.uk/xml/codelists/localtype.xml#village,West Lindsey,http://data.ordnancesurvey.co.uk/id/7000000000043527,http://data.ordnancesurvey.co.uk/ontology/admingeo/District,Lincolnshire,http://data.ordnancesurvey.co.uk/id/7000000000005942,http://data.ordnancesurvey.co.uk/ontology/admingeo/County,East Midlands,http://data.ordnancesurvey.co.uk/id/7000000000041423,England,http://data.ordnancesurvey.co.uk/id/country/england,,,
osgb4000000015657654,http://data.ordnancesurvey.co.uk/id/4000000015657654,Pingle Close,,,,transportNetwork,Named Road,482237,389757,2000,20000,482123,389726,482355,389759,DN21,http://data.ordnancesurvey.co.uk/id/postcodedistrict/DN21,Gainsborough,http://data.ordnancesurvey.co.uk/id/4000000074575425,http://www.ordnancesurvey.co.uk/xml/codelists/localtype.xml#town,West Lindsey,http://data.ordnancesurvey.co.uk/id/7000000000043527,http://data.ordnancesurvey.co.uk/ontology/admingeo/District,Lincolnshire,http://data.ordnancesurvey.co.uk/id/7000000000005942,http://data.ordnancesurvey.co.uk/ontology/admingeo/County,East Midlands,http://data.ordnancesurvey.co.uk/id/7000000000041423,England,http://data.ordnancesurvey.co.uk/id/country/england,,,
osgb5000005284282861,http://data.ordnancesurvey.co.uk/id/5000005284282861,Thonock Avenue,,,,transportNetwork,Named Road,482394,391126,1000,20000,482376,391098,482410,391153,DN21,http://data.ordnancesurvey.co.uk/id/postcodedistrict/DN21,Gainsborough,http://data.ordnancesurvey.co.uk/id/4000000074575425,http://www.ordnancesurvey.co.uk/xml/codelists/localtype.xml#town,West Lindsey,http://data.ordnancesurvey.co.uk/id/7000000000043527,http://data.ordnancesurvey.co.uk/ontology/admingeo/District,Lincolnshire,http://data.ordnancesurvey.co.uk/id/7000000000005942,http://data.ordnancesurvey.co.uk/ontology/admingeo/County,East Midlands,http://data.ordnancesurvey.co.uk/id/7000000000041423,England,http://data.ordnancesurvey.co.uk/id/country/england,,,
osgb4000000015657697,http://data.ordnancesurvey.co.uk/id/4000000015657697,Eastern Avenue,,,,transportNetwork,Named Road,482820,390098,2000,20000,482805,389940,482843,390203,DN21,http://data.ordnancesurvey.co.uk/id/postcodedistrict/DN21,Gainsborough,http://data.ordnancesurvey.co.uk/id/4000000074575425,http://www.ordnancesurvey.co.uk/xml/codelists/localtype.xml#town,West Lindsey,http://data.ordnancesurvey.co.uk/id/7000000000043527,http://data.ordnancesurvey.co.uk/ontology/admingeo/District,Lincolnshire,http://data.ordnancesurvey.co.uk/id/7000000000005942,http://data.ordnancesurvey.co.uk/ontology/admingeo/County,East Midlands,http://data.ordnancesurvey.co.uk/id/7000000000041423,England,http://data.ordnancesurvey.co.uk/id/country/england,,,
osgb4000000015657635,http://data.ordnancesurvey.co.uk/id/4000000015657635,Birrel Street,,,,transportNetwork,Named Road,480939,390780,1000,20000,480938,390687,480951,390785,DN21,http://data.ordnancesurvey.co.uk/id/postcodedistrict/DN21,Gainsborough,http://data.ordnancesurvey.co.uk/id/4000000074575425,http://www.ordnancesurvey.co.uk/xml/codelists/localtype.xml#town,West Lindsey,http://data.ordnancesurvey.co.uk/id/7000000000043527,http://data.ordnancesurvey.co.uk/ontology/admingeo/District,Lincolnshire,http://data.ordnancesurvey.co.uk/id/7000000000005942,http://data.ordnancesurvey.co.uk/ontology/admingeo/County,East Midlands,http://data.ordnancesurvey.co.uk/id/7000000000041423,England,http://data.ordnancesurvey.co.uk/id/country/england,,,
osgb4000000015634015,http://data.ordnancesurvey.co.uk/id/4000000015634015,Northorpe Road,,,,transportNetwork,Named Road,489208,398645,6000,20000,489006,398220,489405,399106,DN21,http://data.ordnancesurvey.co.uk/id/postcodedistrict/DN21,,,,West Lindsey,http://data.ordnancesurvey.co.uk/id/7000000000043527,http://data.ordnancesurvey.co.uk/ontology/admingeo/District,Lincolnshire,http://data.ordnancesurvey.co.uk/id/7000000000005942,http://data.ordnancesurvey.co.uk/ontology/admingeo/County,East Midlands,http://data.ordnancesurvey.co.uk/id/7000000000041423,England,http://data.ordnancesurvey.co.uk/id/country/england,,,
osgb4000000015658550,http://data.ordnancesurvey.co.uk/id/4000000015658550,Cranwell Close,,,,transportNetwork,Named Road,494693,397874,1000,20000,494626,397863,494729,397893,DN21,http://data.ordnancesurvey.co.uk/id/postcodedistrict/DN21,Kirton in Lindsey,http://data.ordnancesurvey.co.uk/id/4000000074574884,http://www.ordnancesurvey.co.uk/xml/codelists/localtype.xml#town,,,,North Lincolnshire,http://data.ordnancesurvey.co.uk/id/7000000000025623,http://data.ordnancesurvey.co.uk/ontology/admingeo/UnitaryAuthority,Yorkshire and the Humber,http://data.ordnancesurvey.co.uk/id/7000000000041430,England,http://data.ordnancesurvey.co.uk/id/country/england,,,
osgb4000000015657686,http://data.ordnancesurvey.co.uk/id/4000000015657686,Avenue B,,,,transportNetwork,Named Road,487000,386562,1000,20000,486937,386537,487059,386604,DN21,http://data.ordnancesurvey.co.uk/id/postcodedistrict/DN21,Upton,http://data.ordnancesurvey.co.uk/id/4000000074578003,http://www.ordnancesurvey.co.uk/xml/codelists/localtype.xml#village,West Lindsey,http://data.ordnancesurvey.co.uk/id/7000000000043527,http://data.ordnancesurvey.co.uk/ontology/admingeo/District,Lincolnshire,http://data.ordnancesurvey.co.uk/id/7000000000005942,http://data.ordnancesurvey.co.uk/ontology/admingeo/County,East Midlands,http://data.ordnancesurvey.co.uk/id/7000000000041423,England,http://data.ordnancesurvey.co.uk/id/country/england,,,
osgb4000000015642424,http://data.ordnancesurvey.co.uk/id/4000000015642424,Love Lane,,,,transportNetwork,Named Road,481230,390510,2000,20000,481039,390509,481405,390531,DN21,http://data.ordnancesurvey.co.uk/id/postcodedistrict/DN21,Gainsborough,http://data.ordnancesurvey.co.uk/id/4000000074575425,http://www.ordnancesurvey.co.uk/xml/codelists/localtype.xml#town,West Lindsey,http://data.ordnancesurvey.co.uk/id/7000000000043527,http://data.ordnancesurvey.co.uk/ontology/admingeo/District,Lincolnshire,http://data.ordnancesurvey.co.uk/id/7000000000005942,http://data.ordnancesurvey.co.uk/ontology/admingeo/County,East Midlands,http://data.ordnancesurvey.co.uk/id/7000000000041423,England,http://data.ordnancesurvey.co.uk/id/country/england,,,
ebd53bab-99a6-4582-b17e-7f622897c03a,http://data.ordnancesurvey.co.uk/id/ebd53bab-99a6-4582-b17e-7f622897c03a,Weldon Road,,,,transportNetwork,Section Of Named Road,493139,390784,2000,25000,493122,390659,493142,390944,DN21,http://data.ordnancesurvey.co.uk/id/postcodedistrict/DN21,Hemswell,http://data.ordnancesurvey.co.uk/id/4000000074574603,http://www.ordnancesurvey.co.uk/xml/codelists/localtype.xml#village,West Lindsey,http://data.ordnancesurvey.co.uk/id/7000000000043527,http://data.ordnancesurvey.co.uk/ontology/admingeo/District,Lincolnshire,http://data.ordnancesurvey.co.uk/id/7000000000005942,http://data.ordnancesurvey.co.uk/ontology/admingeo/County,East Midlands,http://data.ordnancesurvey.co.uk/id/7000000000041423,England,http://data.ordnancesurvey.co.uk/id/country/england,osgb4000000015642892,,
osgb4000000010954130,http://data.ordnancesurvey.co.uk/id/4000000010954130,Silver Street,,,,transportNetwork,Named Road,481273,399977,1000,20000,481258,399907,481310,400024,DN9,http://data.ordnancesurvey.co.uk/id/postcodedistrict/DN9,Owston Ferry,http://data.ordnancesurvey.co.uk/id/4000000074575724,http://www.ordnancesurvey.co.uk/xml/codelists/localtype.xml#village,,,,North Lincolnshire,http://data.ordnancesurvey.co.uk/id/7000000000025623,http://data.ordnancesurvey.co.uk/ontology/admingeo/UnitaryAuthority,Yorkshire and the Humber,http://data.ordnancesurvey.co.uk/id/7000000000041430,England,http://data.ordnancesurvey.co.uk/id/country/england,,,
417bb553-5bd8-41e3-a717-34824f8a89ee,http://data.ordnancesurvey.co.uk/id/417bb553-5bd8-41e3-a717-34824f8a89ee,Kexby Road,,,,transportNetwork,Section Of Named Road,494532,387822,3000,25000,494249,387683,494787,387922,DN21,http://data.ordnancesurvey.co.uk/id/postcodedistrict/DN21,Glentworth,http://data.ordnancesurvey.co.uk/id/4000000074574337,http://www.ordnancesurvey.co.uk/xml/codelists/localtype.xml#village,West Lindsey,http://data.ordnancesurvey.co.uk/id/7000000000043527,http://data.ordnancesurvey.co.uk/ontology/admingeo/District,Lincolnshire,http://data.ordnancesurvey.co.uk/id/7000000000005942,http://data.ordnancesurvey.co.uk/ontology/admingeo/County,East Midlands,http://data.ordnancesurvey.co.uk/id/7000000000041423,England,http://data.ordnancesurvey.co.uk/id/country/england,osgb4000000015627691,,
osgb4000000015657721,http://data.ordnancesurvey.co.uk/id/4000000015657721,Mark Rise,,,,transportNetwork,Named Road,485405,394860,1000,20000,485376,394816,485430,394913,DN21,http://data.ordnancesurvey.co.uk/id/postcodedistrict/DN21,Blyton,http://data.ordnancesurvey.co.uk/id/4000000074575429,http://www.ordnancesurvey.co.uk/xml/codelists/localtype.xml#village,West Lindsey,http://data.ordnancesurvey.co.uk/id/7000000000043527,http://data.ordnancesurvey.co.uk/ontology/admingeo/District,Lincolnshire,http://data.ordnancesurvey.co.uk/id/7000000000005942,http://data.ordnancesurvey.co.uk/ontology/admingeo/County,East Midlands,http://data.ordnancesurvey.co.uk/id/7000000000041423,England,http://data.ordnancesurvey.co.uk/id/country/england,,,
osgb4000000015673645,http://data.ordnancesurvey.co.uk/id/4000000015673645,Bycroft Road,,,,transportNetwork,Named Road,481067,391966,1000,20000,481049,391902,481085,392031,DN21,http://data.ordnancesurvey.co.uk/id/postcodedistrict/DN21,Gainsborough,http://data.ordnancesurvey.co.uk/id/4000000074575425,http://www.ordnancesurvey.co.uk/xml/codelists/localtype.xml#town,West Lindsey,http://data.ordnancesurvey.co.uk/id/7000000000043527,http://data.ordnancesurvey.co.uk/ontology/admingeo/District,Lincolnshire,http://data.ordnancesurvey.co.uk/id/7000000000005942,http://data.ordnancesurvey.co.uk/ontology/admingeo/County,East Midlands,http://data.ordnancesurvey.co.uk/id/7000000000041423,England,http://data.ordnancesurvey.co.uk/id/country/england,,,
osgb4000000015657718,http://data.ordnancesurvey.co.uk/id/4000000015657718,Poplar Lane,,,,transportNetwork,Named Road,486961,391094,1000,20000,486902,391020,487036,391138,DN21,http://data.ordnancesurvey.co.uk/id/postcodedistrict/DN21,Corringham,http://data.ordnancesurvey.co.uk/id/4000000074575143,http://www.ordnancesurvey.co.uk/xml/codelists/localtype.xml#village,West Lindsey,http://data.ordnancesurvey.co.uk/id/7000000000043527,http://data.ordnancesurvey.co.uk/ontology/admingeo/District,Lincolnshire,http://data.ordnancesurvey.co.uk/id/7000000000005942,http://data.ordnancesurvey.co.uk/ontology/admingeo/County,East Midlands,http://data.ordnancesurvey.co.uk/id/7000000000041423,England,http://data.ordnancesurvey.co.uk/id/country/england,,,
osgb4000000015642074,http://data.ordnancesurvey.co.uk/id/4000000015642074,Street Lane,,,,transportNetwork,Named Road,480034,381823,5000,20000,479652,381823,480369,381873,DN22,http://data.ordnancesurvey.co.uk/id/postcodedistrict/DN22,,,,Bassetlaw,http://data.ordnancesurvey.co.uk/id/7000000000008122,http://data.ordnancesurvey.co.uk/ontology/admingeo/District,Nottinghamshire,http://data.ordnancesurvey.co.uk/id/7000000000008127,http://data.ordnancesurvey.co.uk/ontology/admingeo/County,East Midlands,http://data.ordnancesurvey.co.uk/id/7000000000041423,England,http://data.ordnancesurvey.co.uk/id/country/england,,,
osgb4000000015923919,http://data.ordnancesurvey.co.uk/id/4000000015923919,Northfield Close,,,,transportNetwork,Named Road,484650,397565,1000,20000,484630,397544,484662,397585,DN21,http://data.ordnancesurvey.co.uk/id/postcodedistrict/DN21,Laughton,http://data.ordnancesurvey.co.uk/id/4000000074575722,http://www.ordnancesurvey.co.uk/xml/codelists/localtype.xml#village,West Lindsey,http://data.ordnancesurvey.co.uk/id/7000000000043527,http://data.ordnancesurvey.co.uk/ontology/admingeo/District,Lincolnshire,http://data.ordnancesurvey.co.uk/id/7000000000005942,http://data.ordnancesurvey.co.uk/ontology/admingeo/County,East Midlands,http://data.ordnancesurvey.co.uk/id/7000000000041423,England,http://data.ordnancesurvey.co.uk/id/country/england,,,
osgb4000000015657698,http://data.ordnancesurvey.co.uk/id/4000000015657698,Theaker Avenue,,,,transportNetwork,Named Road,482923,390069,2000,20000,482805,389950,482993,390213,DN21,http://data.ordnancesurvey.co.uk/id/postcodedistrict/DN21,Gainsborough,http://data.ordnancesurvey.co.uk/id/4000000074575425,http://www.ordnancesurvey.co.uk/xml/codelists/localtype.xml#town,West Lindsey,http://data.ordnancesurvey.co.uk/id/7000000000043527,http://data.ordnancesurvey.co.uk/ontology/admingeo/District,Lincolnshire,http://data.ordnancesurvey.co.uk/id/7000000000005942,http://data.ordnancesurvey.co.uk/ontology/admingeo/County,East Midlands,http://data.ordnancesurvey.co.uk/id/7000000000041423,England,http://data.ordnancesurvey.co.uk/id/country/england,,,
osgb5000005258480126,http://data.ordnancesurvey.co.uk/id/5000005258480126,Owen's View,,,,transportNetwork,Named Road,485677,395335,1000,20000,485667,395327,485714,395366,DN21,http://data.ordnancesurvey.co.uk/id/postcodedistrict/DN21,Blyton,http://data.ordnancesurvey.co.uk/id/4000000074575429,http://www.ordnancesurvey.co.uk/xml/codelists/localtype.xml#village,West Lindsey,http://data.ordnancesurvey.co.uk/id/7000000000043527,http://data.ordnancesurvey.co.uk/ontology/admingeo/District,Lincolnshire,http://data.ordnancesurvey.co.uk/id/7000000000005942,http://data.ordnancesurvey.co.uk/ontology/admingeo/County,East Midlands,http://data.ordnancesurvey.co.uk/id/7000000000041423,England,http://data.ordnancesurvey.co.uk/id/country/england,,,
osgb4000000015658528,http://data.ordnancesurvey.co.uk/id/4000000015658528,Minden Place,,,,transportNetwork,Named Road,495126,389777,2000,20000,495010,389643,495236,389897,DN21,http://data.ordnancesurvey.co.uk/id/postcodedistrict/DN21,Hemswell Cliff,http://data.ordnancesurvey.co.uk/id/4000000074574338,http://www.ordnancesurvey.co.uk/xml/codelists/localtype.xml#village,West Lindsey,http://data.ordnancesurvey.co.uk/id/7000000000043527,http://data.ordnancesurvey.co.uk/ontology/admingeo/District,Lincolnshire,http://data.ordnancesurvey.co.uk/id/7000000000005942,http://data.ordnancesurvey.co.uk/ontology/admingeo/County,East Midlands,http://data.ordnancesurvey.co.uk/id/7000000000041423,England,http://data.ordnancesurvey.co.uk/id/country/england,,,
osgb4000000015674514,http://data.ordnancesurvey.co.uk/id/4000000015674514,Rosemount Lane,,,,transportNetwork,Named Road,498500,396094,1000,20000,498482,396074,498536,396125,DN21,http://data.ordnancesurvey.co.uk/id/postcodedistrict/DN21,Waddingham,http://data.ordnancesurvey.co.uk/id/4000000074574880,http://www.ordnancesurvey.co.uk/xml/codelists/localtype.xml#village,West Lindsey,http://data.ordnancesurvey.co.uk/id/7000000000043527,http://data.ordnancesurvey.co.uk/ontology/admingeo/District,Lincolnshire,http://data.ordnancesurvey.co.uk/id/7000000000005942,http://data.ordnancesurvey.co.uk/ontology/admingeo/County,East Midlands,http://data.ordnancesurvey.co.uk/id/7000000000041423,England,http://data.ordnancesurvey.co.uk/id/country/england,,,
993b7b42-73a1-4457-8647-67ba6ae0a583,http://data.ordnancesurvey.co.uk/id/993b7b42-73a1-4457-8647-67ba6ae0a583,Hill Road,,,,transportNetwork,Section Of Named Road,487556,389706,3000,25000,487432,389472,487673,389928,DN21,http://data.ordnancesurvey.co.uk/id/postcodedistrict/DN21,Springthorpe,http://data.ordnancesurvey.co.uk/id/4000000074575141,http://www.ordnancesurvey.co.uk/xml/codelists/localtype.xml#village,West Lindsey,http://data.ordnancesurvey.co.uk/id/7000000000043527,http://data.ordnancesurvey.co.uk/ontology/admingeo/District,Lincolnshire,http://data.ordnancesurvey.co.uk/id/7000000000005942,http://data.ordnancesurvey.co.uk/ontology/admingeo/County,East Midlands,http://data.ordnancesurvey.co.uk/id/7000000000041423,England,http://data.ordnancesurvey.co.uk/id/country/england,osgb4000000015629881,,
osgb4000000015673611,http://data.ordnancesurvey.co.uk/id/4000000015673611,Swallow Close,,,,transportNetwork,Named Road,483145,388876,1000,20000,483080,388866,483172,388916,DN21,http://data.ordnancesurvey.co.uk/id/postcodedistrict/DN21,Gainsborough,http://data.ordnancesurvey.co.uk/id/4000000074575425,http://www.ordnancesurvey.co.uk/xml/codelists/localtype.xml#town,West Lindsey,http://data.ordnancesurvey.co.uk/id/7000000000043527,http://data.ordnancesurvey.co.uk/ontology/admingeo/District,Lincolnshire,http://data.ordnancesurvey.co.uk/id/7000000000005942,http://data.ordnancesurvey.co.uk/ontology/admingeo/County,East Midlands,http://data.ordnancesurvey.co.uk/id/7000000000041423,England,http://data.ordnancesurvey.co.uk/id/country/england,,,
osgb4000000015673622,http://data.ordnancesurvey.co.uk/id/4000000015673622,Heapham Crescent,,,,transportNetwork,Named Road,482744,389700,1000,20000,482667,389685,482791,389785,DN21,http://data.ordnancesurvey.co.uk/id/postcodedistrict/DN21,Gainsborough,http://data.ordnancesurvey.co.uk/id/4000000074575425,http://www.ordnancesurvey.co.uk/xml/codelists/localtype.xml#town,West Lindsey,http://data.ordnancesurvey.co.uk/id/7000000000043527,http://data.ordnancesurvey.co.uk/ontology/admingeo/District,Lincolnshire,http://data.ordnancesurvey.co.uk/id/7000000000005942,http://data.ordnancesurvey.co.uk/ontology/admingeo/County,East Midlands,http://data.ordnancesurvey.co.uk/id/7000000000041423,England,http://data.ordnancesurvey.co.uk/id/country/england,,,
osgb4000000015658514,http://data.ordnancesurvey.co.uk/id/4000000015658514,School Lane,,,,transportNetwork,Named Road,488360,382000,1000,20000,488324,381969,488369,382096,LN1,http://data.ordnancesurvey.co.uk/id/postcodedistrict/LN1,Stow,http://data.ordnancesurvey.co.uk/id/4000000074574878,http://www.ordnancesurvey.co.uk/xml/codelists/localtype.xml#village,West Lindsey,http://data.ordnancesurvey.co.uk/id/7000000000043527,http://data.ordnancesurvey.co.uk/ontology/admingeo/District,Lincolnshire,http://data.ordnancesurvey.co.uk/id/7000000000005942,http://data.ordnancesurvey.co.uk/ontology/admingeo/County,East Midlands,http://data.ordnancesurvey.co.uk/id/7000000000041423,England,http://data.ordnancesurvey.co.uk/id/country/england,,,
osgb4000000015657673,http://data.ordnancesurvey.co.uk/id/4000000015657673,The Grove,,,,transportNetwork,Named Road,483430,386462,1000,20000,483365,386387,483475,386532,DN21,http://data.ordnancesurvey.co.uk/id/postcodedistrict/DN21,Lea,http://data.ordnancesurvey.co.uk/id/4000000074578253,http://www.ordnancesurvey.co.uk/xml/codelists/localtype.xml#village,West Lindsey,http://data.ordnancesurvey.co.uk/id/7000000000043527,http://data.ordnancesurvey.co.uk/ontology/admingeo/District,Lincolnshire,http://data.ordnancesurvey.co.uk/id/7000000000005942,http://data.ordnancesurvey.co.uk/ontology/admingeo/County,East Midlands,http://data.ordnancesurvey.co.uk/id/7000000000041423,England,http://data.ordnancesurvey.co.uk/id/country/england,,,
osgb4000000015634017,http://data.ordnancesurvey.co.uk/id/4000000015634017,South Cliff Road,,,,transportNetwork,Named Road,493892,398324,5000,20000,493803,398035,494090,398780,DN21,http://data.ordnancesurvey.co.uk/id/postcodedistrict/DN21,Kirton in Lindsey,http://data.ordnancesurvey.co.uk/id/4000000074574884,http://www.ordnancesurvey.co.uk/xml/codelists/localtype.xml#town,,,,North Lincolnshire,http://data.ordnancesurvey.co.uk/id/7000000000025623,http://data.ordnancesurvey.co.uk/ontology/admingeo/UnitaryAuthority,Yorkshire and the Humber,http://data.ordnancesurvey.co.uk/id/7000000000041430,England,http://data.ordnancesurvey.co.uk/id/country/england,,,
osgb4000000015942588,http://data.ordnancesurvey.co.uk/id/4000000015942588,Windmill Way,,,,transportNetwork,Named Road,493552,399024,2000,20000,493547,398831,493679,399188,DN21,http://data.ordnancesurvey.co.uk/id/postcodedistrict/DN21,Kirton in Lindsey,http://data.ordnancesurvey.co.uk/id/4000000074574884,http://www.ordnancesurvey.co.uk/xml/codelists/localtype.xml#town,,,,North Lincolnshire,http://data.ordnancesurvey.co.uk/id/7000000000025623,http://data.ordnancesurvey.co.uk/ontology/admingeo/UnitaryAuthority,Yorkshire and the Humber,http://data.ordnancesurvey.co.uk/id/7000000000041430,England,http://data.ordnancesurvey.co.uk/id/country/england,,,
osgb4000000015957867,http://data.ordnancesurvey.co.uk/id/4000000015957867,Falcon Grove,,,,transportNetwork,Named Road,482703,390433,1000,20000,482695,390396,482729,390462,DN21,http://data.ordnancesurvey.co.uk/id/postcodedistrict/DN21,Gainsborough,http://data.ordnancesurvey.co.uk/id/4000000074575425,http://www.ordnancesurvey.co.uk/xml/codelists/localtype.xml#town,West Lindsey,http://data.ordnancesurvey.co.uk/id/7000000000043527,http://data.ordnancesurvey.co.uk/ontology/admingeo/District,Lincolnshire,http://data.ordnancesurvey.co.uk/id/7000000000005942,http://data.ordnancesurvey.co.uk/ontology/admingeo/County,East Midlands,http://data.ordnancesurvey.co.uk/id/7000000000041423,England,http://data.ordnancesurvey.co.uk/id/country/england,,,
7e9aa4be-11bd-4459-a075-03695f2c856d,http://data.ordnancesurvey.co.uk/id/7e9aa4be-11bd-4459-a075-03695f2c856d,Redbourne Road,,,,transportNetwork,Section Of Named Road,498183,396378,2000,25000,498004,396219,498295,396552,DN21,http://data.ordnancesurvey.co.uk/id/postcodedistrict/DN21,Waddingham,http://data.ordnancesurvey.co.uk/id/4000000074574880,http://www.ordnancesurvey.co.uk/xml/codelists/localtype.xml#village,West Lindsey,http://data.ordnancesurvey.co.uk/id/7000000000043527,http://data.ordnancesurvey.co.uk/ontology/admingeo/District,Lincolnshire,http://data.ordnancesurvey.co.uk/id/7000000000005942,http://data.ordnancesurvey.co.uk/ontology/admingeo/County,East Midlands,http://data.ordnancesurvey.co.uk/id/7000000000041423,England,http://data.ordnancesurvey.co.uk/id/country/england,osgb4000000015629894,,
osgb4000000016019577,http://data.ordnancesurvey.co.uk/id/4000000016019577,East Lane,,,,transportNetwork,Named Road,494894,380782,1000,20000,494849,380764,494911,380795,LN1,http://data.ordnancesurvey.co.uk/id/postcodedistrict/LN1,Brattleby,http://data.ordnancesurvey.co.uk/id/4000000074574334,http://www.ordnancesurvey.co.uk/xml/codelists/localtype.xml#village,West Lindsey,http://data.ordnancesurvey.co.uk/id/7000000000043527,http://data.ordnancesurvey.co.uk/ontology/admingeo/District,Lincolnshire,http://data.ordnancesurvey.co.uk/id/7000000000005942,http://data.ordnancesurvey.co.uk/ontology/admingeo/County,East Midlands,http://data.ordnancesurvey.co.uk/id/7000000000041423,England,http://data.ordnancesurvey.co.uk/id/country/england,,,
osgb5000005322071336,http://data.ordnancesurvey.co.uk/id/5000005322071336,Mulberry Close,,,,transportNetwork,Named Road,483059,386503,1000,20000,483033,386467,483067,386531,DN21,http://data.ordnancesurvey.co.uk/id/postcodedistrict/DN21,Lea,http://data.ordnancesurvey.co.uk/id/4000000074578253,http://www.ordnancesurvey.co.uk/xml/codelists/localtype.xml#village,West Lindsey,http://data.ordnancesurvey.co.uk/id/7000000000043527,http://data.ordnancesurvey.co.uk/ontology/admingeo/District,Lincolnshire,http://data.ordnancesurvey.co.uk/id/7000000000005942,http://data.ordnancesurvey.co.uk/ontology/admingeo/County,East Midlands,http://data.ordnancesurvey.co.uk/id/7000000000041423,England,http://data.ordnancesurvey.co.uk/id/country/england,,,
osgb4000000015682099,http://data.ordnancesurvey.co.uk/id/4000000015682099,Hickman Crescent,,,,transportNetwork,Named Road,481021,391913,1000,20000,480997,391896,481067,391966,DN21,http://data.ordnancesurvey.co.uk/id/postcodedistrict/DN21,Gainsborough,http://data.ordnancesurvey.co.uk/id/4000000074575425,http://www.ordnancesurvey.co.uk/xml/codelists/localtype.xml#town,West Lindsey,http://data.ordnancesurvey.co.uk/id/7000000000043527,http://data.ordnancesurvey.co.uk/ontology/admingeo/District,Lincolnshire,http://data.ordnancesurvey.co.uk/id/7000000000005942,http://data.ordnancesurvey.co.uk/ontology/admingeo/County,East Midlands,http://data.ordnancesurvey.co.uk/id/7000000000041423,England,http://data.ordnancesurvey.co.uk/id/country/england,,,
osgb5000005252557826,http://data.ordnancesurvey.co.uk/id/5000005252557826,Orchard Place,,,,transportNetwork,Named Road,487226,386065,1000,20000,487221,386042,487252,386072,DN21,http://data.ordnancesurvey.co.uk/id/postcodedistrict/DN21,Kexby,http://data.ordnancesurvey.co.uk/id/4000000074577769,http://www.ordnancesurvey.co.uk/xml/codelists/localtype.xml#village,West Lindsey,http://data.ordnancesurvey.co.uk/id/7000000000043527,http://data.ordnancesurvey.co.uk/ontology/admingeo/District,Lincolnshire,http://data.ordnancesurvey.co.uk/id/7000000000005942,http://data.ordnancesurvey.co.uk/ontology/admingeo/County,East Midlands,http://data.ordnancesurvey.co.uk/id/7000000000041423,England,http://data.ordnancesurvey.co.uk/id/country/england,,,
osgb4000000015673580,http://data.ordnancesurvey.co.uk/id/4000000015673580,Rectory Avenue,,,,transportNetwork,Named Road,481747,390141,1000,20000,481722,390101,481778,390188,DN21,http://data.ordnancesurvey.co.uk/id/postcodedistrict/DN21,Gainsborough,http://data.ordnancesurvey.co.uk/id/4000000074575425,http://www.ordnancesurvey.co.uk/xml/codelists/localtype.xml#town,West Lindsey,http://data.ordnancesurvey.co.uk/id/7000000000043527,http://data.ordnancesurvey.co.uk/ontology/admingeo/District,Lincolnshire,http://data.ordnancesurvey.co.uk/id/7000000000005942,http://data.ordnancesurvey.co.uk/ontology/admingeo/County,East Midlands,http://data.ordnancesurvey.co.uk/id/7000000000041423,England,http://data.ordnancesurvey.co.uk/id/country/england,,,
osgb4000000015627685,http://data.ordnancesurvey.co.uk/id/4000000015627685,Marton Road,,,,transportNetwork,Named Road,488168,380644,11000,20000,487301,380351,489032,380934,LN1,http://data.ordnancesurvey.co.uk/id/postcodedistrict/LN1,,,,West Lindsey,http://data.ordnancesurvey.co.uk/id/7000000000043527,http://data.ordnancesurvey.co.uk/ontology/admingeo/District,Lincolnshire,http://data.ordnancesurvey.co.uk/id/7000000000005942,http://data.ordnancesurvey.co.uk/ontology/admingeo/County,East Midlands,http://data.ordnancesurvey.co.uk/id/7000000000041423,England,http://data.ordnancesurvey.co.uk/id/country/england,,,
osgb4000000026939161,http://data.ordnancesurvey.co.uk/id/4000000026939161,Beckside,,,,transportNetwork,Named Road,499879,388217,1000,20000,499804,388209,499958,388239,LN8,http://data.ordnancesurvey.co.uk/id/postcodedistrict/LN8,Normanby-by-Spital,http://data.ordnancesurvey.co.uk/id/4000000074550240,http://www.ordnancesurvey.co.uk/xml/codelists/localtype.xml#village,West Lindsey,http://data.ordnancesurvey.co.uk/id/7000000000043527,http://data.ordnancesurvey.co.uk/ontology/admingeo/District,Lincolnshire,http://data.ordnancesurvey.co.uk/id/7000000000005942,http://data.ordnancesurvey.co.uk/ontology/admingeo/County,East Midlands,http://data.ordnancesurvey.co.uk/id/7000000000041423,England,http://data.ordnancesurvey.co.uk/id/country/england,,,
osgb4000000015657610,http://data.ordnancesurvey.co.uk/id/4000000015657610,Drake Street,,,,transportNetwork,Named Road,481850,388753,1000,20000,481837,388656,481875,388800,DN21,http://data.ordnancesurvey.co.uk/id/postcodedistrict/DN21,Gainsborough,http://data.ordnancesurvey.co.uk/id/4000000074575425,http://www.ordnancesurvey.co.uk/xml/codelists/localtype.xml#town,West Lindsey,http://data.ordnancesurvey.co.uk/id/7000000000043527,http://data.ordnancesurvey.co.uk/ontology/admingeo/District,Lincolnshire,http://data.ordnancesurvey.co.uk/id/7000000000005942,http://data.ordnancesurvey.co.uk/ontology/admingeo/County,East Midlands,http://data.ordnancesurvey.co.uk/id/7000000000041423,England,http://data.ordnancesurvey.co.uk/id/country/england,,,
osgb5000005336859725,http://data.ordnancesurvey.co.uk/id/5000005336859725,Lady Jane Close,,,,transportNetwork,Named Road,483198,390634,1000,20000,483185,390596,483211,390678,DN21,http://data.ordnancesurvey.co.uk/id/postcodedistrict/DN21,Gainsborough,http://data.ordnancesurvey.co.uk/id/4000000074575425,http://www.ordnancesurvey.co.uk/xml/codelists/localtype.xml#town,West Lindsey,http://data.ordnancesurvey.co.uk/id/7000000000043527,http://data.ordnancesurvey.co.uk/ontology/admingeo/District,Lincolnshire,http://data.ordnancesurvey.co.uk/id/7000000000005942,http://data.ordnancesurvey.co.uk/ontology/admingeo/County,East Midlands,http://data.ordnancesurvey.co.uk/id/7000000000041423,England,http://data.ordnancesurvey.co.uk/id/country/england,,,
osgb4000000015837448,http://data.ordnancesurvey.co.uk/id/4000000015837448,The Alders,,,,transportNetwork,Named Road,482647,390348,1000,20000,482621,390334,482668,390348,DN21,http://data.ordnancesurvey.co.uk/id/postcodedistrict/DN21,Gainsborough,http://data.ordnancesurvey.co.uk/id/4000000074575425,http://www.ordnancesurvey.co.uk/xml/codelists/localtype.xml#town,West Lindsey,http://data.ordnancesurvey.co.uk/id/7000000000043527,http://data.ordnancesurvey.co.uk/ontology/admingeo/District,Lincolnshire,http://data.ordnancesurvey.co.uk/id/7000000000005942,http://data.ordnancesurvey.co.uk/ontology/admingeo/County,East Midlands,http://data.ordnancesurvey.co.uk/id/7000000000041423,England,http://data.ordnancesurvey.co.uk/id/country/england,,,
osgb4000000015627693,http://data.ordnancesurvey.co.uk/id/4000000015627693,Green Lane,,,,transportNetwork,Named Road,487158,393843,12000,20000,486212,393775,487984,394018,DN21,http://data.ordnancesurvey.co.uk/id/postcodedistrict/DN21,,,,West Lindsey,http://data.ordnancesurvey.co.uk/id/7000000000043527,http://data.ordnancesurvey.co.uk/ontology/admingeo/District,Lincolnshire,http://data.ordnancesurvey.co.uk/id/7000000000005942,http://data.ordnancesurvey.co.uk/ontology/admingeo/County,East Midlands,http://data.ordnancesurvey.co.uk/id/7000000000041423,England,http://data.ordnancesurvey.co.uk/id/country/england,,,
osgb4000000015657034,http://data.ordnancesurvey.co.uk/id/4000000015657034,Adams Way,,,,transportNetwork,Named Road,484470,381762,1000,20000,484401,381708,484480,381830,DN21,http://data.ordnancesurvey.co.uk/id/postcodedistrict/DN21,Marton,http://data.ordnancesurvey.co.uk/id/4000000074577537,http://www.ordnancesurvey.co.uk/xml/codelists/localtype.xml#village,West Lindsey,http://data.ordnancesurvey.co.uk/id/7000000000043527,http://data.ordnancesurvey.co.uk/ontology/admingeo/District,Lincolnshire,http://data.ordnancesurvey.co.uk/id/7000000000005942,http://data.ordnancesurvey.co.uk/ontology/admingeo/County,East Midlands,http://data.ordnancesurvey.co.uk/id/7000000000041423,England,http://data.ordnancesurvey.co.uk/id/country/england,,,
osgb4000000015673555,http://data.ordnancesurvey.co.uk/id/4000000015673555,St John's Terrace,,,,transportNetwork,Named Road,481768,389060,1000,20000,481708,389048,481815,389070,DN21,http://data.ordnancesurvey.co.uk/id/postcodedistrict/DN21,Gainsborough,http://data.ordnancesurvey.co.uk/id/4000000074575425,http://www.ordnancesurvey.co.uk/xml/codelists/localtype.xml#town,West Lindsey,http://data.ordnancesurvey.co.uk/id/7000000000043527,http://data.ordnancesurvey.co.uk/ontology/admingeo/District,Lincolnshire,http://data.ordnancesurvey.co.uk/id/7000000000005942,http://data.ordnancesurvey.co.uk/ontology/admingeo/County,East Midlands,http://data.ordnancesurvey.co.uk/id/7000000000041423,England,http://data.ordnancesurvey.co.uk/id/country/england,,,
osgb4000000015642905,http://data.ordnancesurvey.co.uk/id/4000000015642905,Westgate,,,,transportNetwork,Named Road,488778,399055,2000,20000,488762,398858,488822,399229,DN21,http://data.ordnancesurvey.co.uk/id/postcodedistrict/DN21,Scotton,http://data.ordnancesurvey.co.uk/id/4000000074575140,http://www.ordnancesurvey.co.uk/xml/codelists/localtype.xml#village,West Lindsey,http://data.ordnancesurvey.co.uk/id/7000000000043527,http://data.ordnancesurvey.co.uk/ontology/admingeo/District,Lincolnshire,http://data.ordnancesurvey.co.uk/id/7000000000005942,http://data.ordnancesurvey.co.uk/ontology/admingeo/County,East Midlands,http://data.ordnancesurvey.co.uk/id/7000000000041423,England,http://data.ordnancesurvey.co.uk/id/country/england,,,
90fa5a1c-6ec8-4be5-90eb-11f0d757e05b,http://data.ordnancesurvey.co.uk/id/90fa5a1c-6ec8-4be5-90eb-11f0d757e05b,Middle Street,,,,transportNetwork,Section Of Named Road,494071,394117,1000,25000,494071,394112,494073,394131,DN21,http://data.ordnancesurvey.co.uk/id/postcodedistrict/DN21,Blyborough,http://data.ordnancesurvey.co.uk/id/4000000074574882,http://www.ordnancesurvey.co.uk/xml/codelists/localtype.xml#hamlet,West Lindsey,http://data.ordnancesurvey.co.uk/id/7000000000043527,http://data.ordnancesurvey.co.uk/ontology/admingeo/District,Lincolnshire,http://data.ordnancesurvey.co.uk/id/7000000000005942,http://data.ordnancesurvey.co.uk/ontology/admingeo/County,East Midlands,http://data.ordnancesurvey.co.uk/id/7000000000041423,England,http://data.ordnancesurvey.co.uk/id/country/england,osgb4000000015629885,,
osgb4000000015657644,http://data.ordnancesurvey.co.uk/id/4000000015657644,Charles Street,,,,transportNetwork,Named Road,481667,390264,1000,20000,481605,390235,481715,390292,DN21,http://data.ordnancesurvey.co.uk/id/postcodedistrict/DN21,Gainsborough,http://data.ordnancesurvey.co.uk/id/4000000074575425,http://www.ordnancesurvey.co.uk/xml/codelists/localtype.xml#town,West Lindsey,http://data.ordnancesurvey.co.uk/id/7000000000043527,http://data.ordnancesurvey.co.uk/ontology/admingeo/District,Lincolnshire,http://data.ordnancesurvey.co.uk/id/7000000000005942,http://data.ordnancesurvey.co.uk/ontology/admingeo/County,East Midlands,http://data.ordnancesurvey.co.uk/id/7000000000041423,England,http://data.ordnancesurvey.co.uk/id/country/england,,,
osgb4000000015673604,http://data.ordnancesurvey.co.uk/id/4000000015673604,Aegir Close,,,,transportNetwork,Named Road,482743,388768,1000,20000,482680,388767,482806,388788,DN21,http://data.ordnancesurvey.co.uk/id/postcodedistrict/DN21,Gainsborough,http://data.ordnancesurvey.co.uk/id/4000000074575425,http://www.ordnancesurvey.co.uk/xml/codelists/localtype.xml#town,West Lindsey,http://data.ordnancesurvey.co.uk/id/7000000000043527,http://data.ordnancesurvey.co.uk/ontology/admingeo/District,Lincolnshire,http://data.ordnancesurvey.co.uk/id/7000000000005942,http://data.ordnancesurvey.co.uk/ontology/admingeo/County,East Midlands,http://data.ordnancesurvey.co.uk/id/7000000000041423,England,http://data.ordnancesurvey.co.uk/id/country/england,,,
osgb5000005234791910,http://data.ordnancesurvey.co.uk/id/5000005234791910,Trentvale Avenue,,,,transportNetwork,Named Road,482610,390721,1000,20000,482594,390670,482660,390776,DN21,http://data.ordnancesurvey.co.uk/id/postcodedistrict/DN21,Gainsborough,http://data.ordnancesurvey.co.uk/id/4000000074575425,http://www.ordnancesurvey.co.uk/xml/codelists/localtype.xml#town,West Lindsey,http://data.ordnancesurvey.co.uk/id/7000000000043527,http://data.ordnancesurvey.co.uk/ontology/admingeo/District,Lincolnshire,http://data.ordnancesurvey.co.uk/id/7000000000005942,http://data.ordnancesurvey.co.uk/ontology/admingeo/County,East Midlands,http://data.ordnancesurvey.co.uk/id/7000000000041423,England,http://data.ordnancesurvey.co.uk/id/country/england,,,
osgb5000005297667775,http://data.ordnancesurvey.co.uk/id/5000005297667775,Gilberts Close,,,,transportNetwork,Named Road,489242,380225,1000,20000,489242,380171,489269,380278,LN1,http://data.ordnancesurvey.co.uk/id/postcodedistrict/LN1,Sturton by Stow,http://data.ordnancesurvey.co.uk/id/4000000074574600,http://www.ordnancesurvey.co.uk/xml/codelists/localtype.xml#village,West Lindsey,http://data.ordnancesurvey.co.uk/id/7000000000043527,http://data.ordnancesurvey.co.uk/ontology/admingeo/District,Lincolnshire,http://data.ordnancesurvey.co.uk/id/7000000000005942,http://data.ordnancesurvey.co.uk/ontology/admingeo/County,East Midlands,http://data.ordnancesurvey.co.uk/id/7000000000041423,England,http://data.ordnancesurvey.co.uk/id/country/england,,,
osgb5000005327231612,http://data.ordnancesurvey.co.uk/id/5000005327231612,North Parade,,,,transportNetwork,Named Road,482530,389521,1000,20000,482521,389513,482538,389547,DN21,http://data.ordnancesurvey.co.uk/id/postcodedistrict/DN21,Gainsborough,http://data.ordnancesurvey.co.uk/id/4000000074575425,http://www.ordnancesurvey.co.uk/xml/codelists/localtype.xml#town,West Lindsey,http://data.ordnancesurvey.co.uk/id/7000000000043527,http://data.ordnancesurvey.co.uk/ontology/admingeo/District,Lincolnshire,http://data.ordnancesurvey.co.uk/id/7000000000005942,http://data.ordnancesurvey.co.uk/ontology/admingeo/County,East Midlands,http://data.ordnancesurvey.co.uk/id/7000000000041423,England,http://data.ordnancesurvey.co.uk/id/country/england,,,
osgb4000000015634006,http://data.ordnancesurvey.co.uk/id/4000000015634006,Lincoln Road,,,,transportNetwork,Named Road,494867,383112,5000,20000,494816,382708,494920,383475,LN1,http://data.ordnancesurvey.co.uk/id/postcodedistrict/LN1,Ingham,http://data.ordnancesurvey.co.uk/id/4000000074574875,http://www.ordnancesurvey.co.uk/xml/codelists/localtype.xml#village,West Lindsey,http://data.ordnancesurvey.co.uk/id/7000000000043527,http://data.ordnancesurvey.co.uk/ontology/admingeo/District,Lincolnshire,http://data.ordnancesurvey.co.uk/id/7000000000005942,http://data.ordnancesurvey.co.uk/ontology/admingeo/County,East Midlands,http://data.ordnancesurvey.co.uk/id/7000000000041423,England,http://data.ordnancesurvey.co.uk/id/country/england,,,
osgb4000000067707231,http://data.ordnancesurvey.co.uk/id/4000000067707231,Aisby Walk,,,,transportNetwork,Named Road,482571,389300,2000,20000,482437,389260,482668,389367,DN21,http://data.ordnancesurvey.co.uk/id/postcodedistrict/DN21,Gainsborough,http://data.ordnancesurvey.co.uk/id/4000000074575425,http://www.ordnancesurvey.co.uk/xml/codelists/localtype.xml#town,West Lindsey,http://data.ordnancesurvey.co.uk/id/7000000000043527,http://data.ordnancesurvey.co.uk/ontology/admingeo/District,Lincolnshire,http://data.ordnancesurvey.co.uk/id/7000000000005942,http://data.ordnancesurvey.co.uk/ontology/admingeo/County,East Midlands,http://data.ordnancesurvey.co.uk/id/7000000000041423,England,http://data.ordnancesurvey.co.uk/id/country/england,,,
osgb4000000015657627,http://data.ordnancesurvey.co.uk/id/4000000015657627,High Street,,,,transportNetwork,Named Road,481828,389270,1000,20000,481812,389270,481828,389350,DN21,http://data.ordnancesurvey.co.uk/id/postcodedistrict/DN21,Gainsborough,http://data.ordnancesurvey.co.uk/id/4000000074575425,http://www.ordnancesurvey.co.uk/xml/codelists/localtype.xml#town,West Lindsey,http://data.ordnancesurvey.co.uk/id/7000000000043527,http://data.ordnancesurvey.co.uk/ontology/admingeo/District,Lincolnshire,http://data.ordnancesurvey.co.uk/id/7000000000005942,http://data.ordnancesurvey.co.uk/ontology/admingeo/County,East Midlands,http://data.ordnancesurvey.co.uk/id/7000000000041423,England,http://data.ordnancesurvey.co.uk/id/country/england,,,
61e8f7b7-fee0-44f9-b246-1237deda5aac,http://data.ordnancesurvey.co.uk/id/61e8f7b7-fee0-44f9-b246-1237deda5aac,Fleets Road,,,,transportNetwork,Section Of Named Road,489403,380556,7000,25000,489007,380466,490120,380694,LN1,http://data.ordnancesurvey.co.uk/id/postcodedistrict/LN1,,,,West Lindsey,http://data.ordnancesurvey.co.uk/id/7000000000043527,http://data.ordnancesurvey.co.uk/ontology/admingeo/District,Lincolnshire,http://data.ordnancesurvey.co.uk/id/7000000000005942,http://data.ordnancesurvey.co.uk/ontology/admingeo/County,East Midlands,http://data.ordnancesurvey.co.uk/id/7000000000041423,England,http://data.ordnancesurvey.co.uk/id/country/england,osgb4000000015633998,,
osgb5000005234791908,http://data.ordnancesurvey.co.uk/id/5000005234791908,Calder Avenue,,,,transportNetwork,Named Road,482671,390720,1000,20000,482650,390666,482690,390769,DN21,http://data.ordnancesurvey.co.uk/id/postcodedistrict/DN21,Gainsborough,http://data.ordnancesurvey.co.uk/id/4000000074575425,http://www.ordnancesurvey.co.uk/xml/codelists/localtype.xml#town,West Lindsey,http://data.ordnancesurvey.co.uk/id/7000000000043527,http://data.ordnancesurvey.co.uk/ontology/admingeo/District,Lincolnshire,http://data.ordnancesurvey.co.uk/id/7000000000005942,http://data.ordnancesurvey.co.uk/ontology/admingeo/County,East Midlands,http://data.ordnancesurvey.co.uk/id/7000000000041423,England,http://data.ordnancesurvey.co.uk/id/country/england,,,
osgb5000005213278980,http://data.ordnancesurvey.co.uk/id/5000005213278980,Laughton Road,,,,transportNetwork,Named Road,487533,398535,15000,20000,486357,398131,488735,398807,DN21,http://data.ordnancesurvey.co.uk/id/postcodedistrict/DN21,,,,West Lindsey,http://data.ordnancesurvey.co.uk/id/7000000000043527,http://data.ordnancesurvey.co.uk/ontology/admingeo/District,Lincolnshire,http://data.ordnancesurvey.co.uk/id/7000000000005942,http://data.ordnancesurvey.co.uk/ontology/admingeo/County,East Midlands,http://data.ordnancesurvey.co.uk/id/7000000000041423,England,http://data.ordnancesurvey.co.uk/id/country/england,,,
425e9aac-f372-4316-ae16-3a87d8b9e10c,http://data.ordnancesurvey.co.uk/id/425e9aac-f372-4316-ae16-3a87d8b9e10c,School Lane,,,,transportNetwork,Section Of Named Road,487620,389788,2000,25000,487457,389767,487809,389828,DN21,http://data.ordnancesurvey.co.uk/id/postcodedistrict/DN21,Springthorpe,http://data.ordnancesurvey.co.uk/id/4000000074575141,http://www.ordnancesurvey.co.uk/xml/codelists/localtype.xml#village,West Lindsey,http://data.ordnancesurvey.co.uk/id/7000000000043527,http://data.ordnancesurvey.co.uk/ontology/admingeo/District,Lincolnshire,http://data.ordnancesurvey.co.uk/id/7000000000005942,http://data.ordnancesurvey.co.uk/ontology/admingeo/County,East Midlands,http://data.ordnancesurvey.co.uk/id/7000000000041423,England,http://data.ordnancesurvey.co.uk/id/country/england,osgb4000000015627690,,
osgb4000000015673581,http://data.ordnancesurvey.co.uk/id/4000000015673581,Carlisle Street,,,,transportNetwork,Named Road,481561,390240,1000,20000,481503,390232,481605,390252,DN21,http://data.ordnancesurvey.co.uk/id/postcodedistrict/DN21,Gainsborough,http://data.ordnancesurvey.co.uk/id/4000000074575425,http://www.ordnancesurvey.co.uk/xml/codelists/localtype.xml#town,West Lindsey,http://data.ordnancesurvey.co.uk/id/7000000000043527,http://data.ordnancesurvey.co.uk/ontology/admingeo/District,Lincolnshire,http://data.ordnancesurvey.co.uk/id/7000000000005942,http://data.ordnancesurvey.co.uk/ontology/admingeo/County,East Midlands,http://data.ordnancesurvey.co.uk/id/7000000000041423,England,http://data.ordnancesurvey.co.uk/id/country/england,,,
c045e40c-45df-4cef-b777-10ce5a2d82a9,http://data.ordnancesurvey.co.uk/id/c045e40c-45df-4cef-b777-10ce5a2d82a9,Willingham Road,,,,transportNetwork,Section Of Named Road,487287,385278,2000,25000,487239,385162,487288,385409,DN21,http://data.ordnancesurvey.co.uk/id/postcodedistrict/DN21,Willingham by Stow,http://data.ordnancesurvey.co.uk/id/4000000074575139,http://www.ordnancesurvey.co.uk/xml/codelists/localtype.xml#village,West Lindsey,http://data.ordnancesurvey.co.uk/id/7000000000043527,http://data.ordnancesurvey.co.uk/ontology/admingeo/District,Lincolnshire,http://data.ordnancesurvey.co.uk/id/7000000000005942,http://data.ordnancesurvey.co.uk/ontology/admingeo/County,East Midlands,http://data.ordnancesurvey.co.uk/id/7000000000041423,England,http://data.ordnancesurvey.co.uk/id/country/england,osgb4000000015633611,,
osgb4000000015642449,http://data.ordnancesurvey.co.uk/id/4000000015642449,Front Street,,,,transportNetwork,Named Road,480987,391497,4000,20000,480684,391361,481285,391512,DN21,http://data.ordnancesurvey.co.uk/id/postcodedistrict/DN21,Gainsborough,http://data.ordnancesurvey.co.uk/id/4000000074575425,http://www.ordnancesurvey.co.uk/xml/codelists/localtype.xml#town,West Lindsey,http://data.ordnancesurvey.co.uk/id/7000000000043527,http://data.ordnancesurvey.co.uk/ontology/admingeo/District,Lincolnshire,http://data.ordnancesurvey.co.uk/id/7000000000005942,http://data.ordnancesurvey.co.uk/ontology/admingeo/County,East Midlands,http://data.ordnancesurvey.co.uk/id/7000000000041423,England,http://data.ordnancesurvey.co.uk/id/country/england,,,
osgb4000000015627694,http://data.ordnancesurvey.co.uk/id/4000000015627694,Kirton Road,,,,transportNetwork,Named Road,486930,395189,15000,20000,485718,395089,488079,395316,DN21,http://data.ordnancesurvey.co.uk/id/postcodedistrict/DN21,,,,West Lindsey,http://data.ordnancesurvey.co.uk/id/7000000000043527,http://data.ordnancesurvey.co.uk/ontology/admingeo/District,Lincolnshire,http://data.ordnancesurvey.co.uk/id/7000000000005942,http://data.ordnancesurvey.co.uk/ontology/admingeo/County,East Midlands,http://data.ordnancesurvey.co.uk/id/7000000000041423,England,http://data.ordnancesurvey.co.uk/id/country/england,,,
osgb4000000015633597,http://data.ordnancesurvey.co.uk/id/4000000015633597,Marsh Lane,,,,transportNetwork,Named Road,481610,382186,4000,20000,481233,382153,481851,382188,DN22,http://data.ordnancesurvey.co.uk/id/postcodedistrict/DN22,,,,Bassetlaw,http://data.ordnancesurvey.co.uk/id/7000000000008122,http://data.ordnancesurvey.co.uk/ontology/admingeo/District,Nottinghamshire,http://data.ordnancesurvey.co.uk/id/7000000000008127,http://data.ordnancesurvey.co.uk/ontology/admingeo/County,East Midlands,http://data.ordnancesurvey.co.uk/id/7000000000041423,England,http://data.ordnancesurvey.co.uk/id/country/england,,,
osgb4000000015674477,http://data.ordnancesurvey.co.uk/id/4000000015674477,School Lane,,,,transportNetwork,Named Road,487634,384561,1000,20000,487628,384523,487637,384611,DN21,http://data.ordnancesurvey.co.uk/id/postcodedistrict/DN21,Willingham by Stow,http://data.ordnancesurvey.co.uk/id/4000000074575139,http://www.ordnancesurvey.co.uk/xml/codelists/localtype.xml#village,West Lindsey,http://data.ordnancesurvey.co.uk/id/7000000000043527,http://data.ordnancesurvey.co.uk/ontology/admingeo/District,Lincolnshire,http://data.ordnancesurvey.co.uk/id/7000000000005942,http://data.ordnancesurvey.co.uk/ontology/admingeo/County,East Midlands,http://data.ordnancesurvey.co.uk/id/7000000000041423,England,http://data.ordnancesurvey.co.uk/id/country/england,,,
osgb4000000015674515,http://data.ordnancesurvey.co.uk/id/4000000015674515,Broadbeck,,,,transportNetwork,Named Road,498559,396283,1000,20000,498546,396239,498583,396305,DN21,http://data.ordnancesurvey.co.uk/id/postcodedistrict/DN21,Waddingham,http://data.ordnancesurvey.co.uk/id/4000000074574880,http://www.ordnancesurvey.co.uk/xml/codelists/localtype.xml#village,West Lindsey,http://data.ordnancesurvey.co.uk/id/7000000000043527,http://data.ordnancesurvey.co.uk/ontology/admingeo/District,Lincolnshire,http://data.ordnancesurvey.co.uk/id/7000000000005942,http://data.ordnancesurvey.co.uk/ontology/admingeo/County,East Midlands,http://data.ordnancesurvey.co.uk/id/7000000000041423,England,http://data.ordnancesurvey.co.uk/id/country/england,,,
osgb4000000015627689,http://data.ordnancesurvey.co.uk/id/4000000015627689,Cow Lane,,,,transportNetwork,Named Road,488631,387290,20000,21000,487032,386820,490300,387486,DN21,http://data.ordnancesurvey.co.uk/id/postcodedistrict/DN21,,,,West Lindsey,http://data.ordnancesurvey.co.uk/id/7000000000043527,http://data.ordnancesurvey.co.uk/ontology/admingeo/District,Lincolnshire,http://data.ordnancesurvey.co.uk/id/7000000000005942,http://data.ordnancesurvey.co.uk/ontology/admingeo/County,East Midlands,http://data.ordnancesurvey.co.uk/id/7000000000041423,England,http://data.ordnancesurvey.co.uk/id/country/england,,,
osgb4000000015658548,http://data.ordnancesurvey.co.uk/id/4000000015658548,Train Gate,,,,transportNetwork,Named Road,493539,398448,2000,20000,493385,398343,493686,398564,DN21,http://data.ordnancesurvey.co.uk/id/postcodedistrict/DN21,Kirton in Lindsey,http://data.ordnancesurvey.co.uk/id/4000000074574884,http://www.ordnancesurvey.co.uk/xml/codelists/localtype.xml#town,,,,North Lincolnshire,http://data.ordnancesurvey.co.uk/id/7000000000025623,http://data.ordnancesurvey.co.uk/ontology/admingeo/UnitaryAuthority,Yorkshire and the Humber,http://data.ordnancesurvey.co.uk/id/7000000000041430,England,http://data.ordnancesurvey.co.uk/id/country/england,,,
osgb5000005325125664,http://data.ordnancesurvey.co.uk/id/5000005325125664,Jutes Close,,,,transportNetwork,Named Road,481946,391073,1000,20000,481939,391031,481993,391118,DN21,http://data.ordnancesurvey.co.uk/id/postcodedistrict/DN21,Gainsborough,http://data.ordnancesurvey.co.uk/id/4000000074575425,http://www.ordnancesurvey.co.uk/xml/codelists/localtype.xml#town,West Lindsey,http://data.ordnancesurvey.co.uk/id/7000000000043527,http://data.ordnancesurvey.co.uk/ontology/admingeo/District,Lincolnshire,http://data.ordnancesurvey.co.uk/id/7000000000005942,http://data.ordnancesurvey.co.uk/ontology/admingeo/County,East Midlands,http://data.ordnancesurvey.co.uk/id/7000000000041423,England,http://data.ordnancesurvey.co.uk/id/country/england,,,
osgb4000000015673563,http://data.ordnancesurvey.co.uk/id/4000000015673563,Wall Street,,,,transportNetwork,Named Road,481639,389412,1000,20000,481632,389412,481639,389474,DN21,http://data.ordnancesurvey.co.uk/id/postcodedistrict/DN21,Gainsborough,http://data.ordnancesurvey.co.uk/id/4000000074575425,http://www.ordnancesurvey.co.uk/xml/codelists/localtype.xml#town,West Lindsey,http://data.ordnancesurvey.co.uk/id/7000000000043527,http://data.ordnancesurvey.co.uk/ontology/admingeo/District,Lincolnshire,http://data.ordnancesurvey.co.uk/id/7000000000005942,http://data.ordnancesurvey.co.uk/ontology/admingeo/County,East Midlands,http://data.ordnancesurvey.co.uk/id/7000000000041423,England,http://data.ordnancesurvey.co.uk/id/country/england,,,
osgb4000000015658525,http://data.ordnancesurvey.co.uk/id/4000000015658525,Plassey Road,,,,transportNetwork,Named Road,495210,389638,1000,20000,495114,389629,495262,389665,DN21,http://data.ordnancesurvey.co.uk/id/postcodedistrict/DN21,Hemswell Cliff,http://data.ordnancesurvey.co.uk/id/4000000074574338,http://www.ordnancesurvey.co.uk/xml/codelists/localtype.xml#village,West Lindsey,http://data.ordnancesurvey.co.uk/id/7000000000043527,http://data.ordnancesurvey.co.uk/ontology/admingeo/District,Lincolnshire,http://data.ordnancesurvey.co.uk/id/7000000000005942,http://data.ordnancesurvey.co.uk/ontology/admingeo/County,East Midlands,http://data.ordnancesurvey.co.uk/id/7000000000041423,England,http://data.ordnancesurvey.co.uk/id/country/england,,,
osgb4000000015657719,http://data.ordnancesurvey.co.uk/id/4000000015657719,Paddock Lane,,,,transportNetwork,Named Road,485038,394652,1000,20000,484943,394539,485055,394713,DN21,http://data.ordnancesurvey.co.uk/id/postcodedistrict/DN21,Blyton,http://data.ordnancesurvey.co.uk/id/4000000074575429,http://www.ordnancesurvey.co.uk/xml/codelists/localtype.xml#village,West Lindsey,http://data.ordnancesurvey.co.uk/id/7000000000043527,http://data.ordnancesurvey.co.uk/ontology/admingeo/District,Lincolnshire,http://data.ordnancesurvey.co.uk/id/7000000000005942,http://data.ordnancesurvey.co.uk/ontology/admingeo/County,East Midlands,http://data.ordnancesurvey.co.uk/id/7000000000041423,England,http://data.ordnancesurvey.co.uk/id/country/england,,,
osgb4000000015657702,http://data.ordnancesurvey.co.uk/id/4000000015657702,Pasture Road,,,,transportNetwork,Named Road,482854,389704,1000,20000,482802,389593,482955,389803,DN21,http://data.ordnancesurvey.co.uk/id/postcodedistrict/DN21,Gainsborough,http://data.ordnancesurvey.co.uk/id/4000000074575425,http://www.ordnancesurvey.co.uk/xml/codelists/localtype.xml#town,West Lindsey,http://data.ordnancesurvey.co.uk/id/7000000000043527,http://data.ordnancesurvey.co.uk/ontology/admingeo/District,Lincolnshire,http://data.ordnancesurvey.co.uk/id/7000000000005942,http://data.ordnancesurvey.co.uk/ontology/admingeo/County,East Midlands,http://data.ordnancesurvey.co.uk/id/7000000000041423,England,http://data.ordnancesurvey.co.uk/id/country/england,,,
osgb4000000015633808,http://data.ordnancesurvey.co.uk/id/4000000015633808,Gainsborough Road,,,,transportNetwork,Named Road,484847,394127,6000,20000,484722,393808,484953,394667,DN21,http://data.ordnancesurvey.co.uk/id/postcodedistrict/DN21,Blyton,http://data.ordnancesurvey.co.uk/id/4000000074575429,http://www.ordnancesurvey.co.uk/xml/codelists/localtype.xml#village,West Lindsey,http://data.ordnancesurvey.co.uk/id/7000000000043527,http://data.ordnancesurvey.co.uk/ontology/admingeo/District,Lincolnshire,http://data.ordnancesurvey.co.uk/id/7000000000005942,http://data.ordnancesurvey.co.uk/ontology/admingeo/County,East Midlands,http://data.ordnancesurvey.co.uk/id/7000000000041423,England,http://data.ordnancesurvey.co.uk/id/country/england,,,
osgb4000000015642447,http://data.ordnancesurvey.co.uk/id/4000000015642447,Greystones Road,,,,transportNetwork,Named Road,480910,391178,2000,20000,480774,391090,480952,391350,DN21,http://data.ordnancesurvey.co.uk/id/postcodedistrict/DN21,Gainsborough,http://data.ordnancesurvey.co.uk/id/4000000074575425,http://www.ordnancesurvey.co.uk/xml/codelists/localtype.xml#town,West Lindsey,http://data.ordnancesurvey.co.uk/id/7000000000043527,http://data.ordnancesurvey.co.uk/ontology/admingeo/District,Lincolnshire,http://data.ordnancesurvey.co.uk/id/7000000000005942,http://data.ordnancesurvey.co.uk/ontology/admingeo/County,East Midlands,http://data.ordnancesurvey.co.uk/id/7000000000041423,England,http://data.ordnancesurvey.co.uk/id/country/england,,,
osgb4000000015673585,http://data.ordnancesurvey.co.uk/id/4000000015673585,Etherington Street,,,,transportNetwork,Named Road,481639,389756,1000,20000,481571,389723,481693,389773,DN21,http://data.ordnancesurvey.co.uk/id/postcodedistrict/DN21,Gainsborough,http://data.ordnancesurvey.co.uk/id/4000000074575425,http://www.ordnancesurvey.co.uk/xml/codelists/localtype.xml#town,West Lindsey,http://data.ordnancesurvey.co.uk/id/7000000000043527,http://data.ordnancesurvey.co.uk/ontology/admingeo/District,Lincolnshire,http://data.ordnancesurvey.co.uk/id/7000000000005942,http://data.ordnancesurvey.co.uk/ontology/admingeo/County,East Midlands,http://data.ordnancesurvey.co.uk/id/7000000000041423,England,http://data.ordnancesurvey.co.uk/id/country/england,,,
osgb4000000015837450,http://data.ordnancesurvey.co.uk/id/4000000015837450,The Spinney,,,,transportNetwork,Named Road,482624,390474,1000,20000,482601,390466,482647,390476,DN21,http://data.ordnancesurvey.co.uk/id/postcodedistrict/DN21,Gainsborough,http://data.ordnancesurvey.co.uk/id/4000000074575425,http://www.ordnancesurvey.co.uk/xml/codelists/localtype.xml#town,West Lindsey,http://data.ordnancesurvey.co.uk/id/7000000000043527,http://data.ordnancesurvey.co.uk/ontology/admingeo/District,Lincolnshire,http://data.ordnancesurvey.co.uk/id/7000000000005942,http://data.ordnancesurvey.co.uk/ontology/admingeo/County,East Midlands,http://data.ordnancesurvey.co.uk/id/7000000000041423,England,http://data.ordnancesurvey.co.uk/id/country/england,,,
osgb4000000067707227,http://data.ordnancesurvey.co.uk/id/4000000067707227,Kexby Walk,,,,transportNetwork,Named Road,482570,389164,1000,20000,482493,389150,482609,389171,DN21,http://data.ordnancesurvey.co.uk/id/postcodedistrict/DN21,Gainsborough,http://data.ordnancesurvey.co.uk/id/4000000074575425,http://www.ordnancesurvey.co.uk/xml/codelists/localtype.xml#town,West Lindsey,http://data.ordnancesurvey.co.uk/id/7000000000043527,http://data.ordnancesurvey.co.uk/ontology/admingeo/District,Lincolnshire,http://data.ordnancesurvey.co.uk/id/7000000000005942,http://data.ordnancesurvey.co.uk/ontology/admingeo/County,East Midlands,http://data.ordnancesurvey.co.uk/id/7000000000041423,England,http://data.ordnancesurvey.co.uk/id/country/england,,,
osgb4000000015673558,http://data.ordnancesurvey.co.uk/id/4000000015673558,Darwin Street,,,,transportNetwork,Named Road,481804,388848,1000,20000,481748,388839,481830,388851,DN21,http://data.ordnancesurvey.co.uk/id/postcodedistrict/DN21,Gainsborough,http://data.ordnancesurvey.co.uk/id/4000000074575425,http://www.ordnancesurvey.co.uk/xml/codelists/localtype.xml#town,West Lindsey,http://data.ordnancesurvey.co.uk/id/7000000000043527,http://data.ordnancesurvey.co.uk/ontology/admingeo/District,Lincolnshire,http://data.ordnancesurvey.co.uk/id/7000000000005942,http://data.ordnancesurvey.co.uk/ontology/admingeo/County,East Midlands,http://data.ordnancesurvey.co.uk/id/7000000000041423,England,http://data.ordnancesurvey.co.uk/id/country/england,,,
osgb4000000026936299,http://data.ordnancesurvey.co.uk/id/4000000026936299,Front Street,,,,transportNetwork,Named Road,499946,388119,2000,20000,499777,388116,500095,388201,LN8,http://data.ordnancesurvey.co.uk/id/postcodedistrict/LN8,Normanby-by-Spital,http://data.ordnancesurvey.co.uk/id/4000000074550240,http://www.ordnancesurvey.co.uk/xml/codelists/localtype.xml#village,West Lindsey,http://data.ordnancesurvey.co.uk/id/7000000000043527,http://data.ordnancesurvey.co.uk/ontology/admingeo/District,Lincolnshire,http://data.ordnancesurvey.co.uk/id/7000000000005942,http://data.ordnancesurvey.co.uk/ontology/admingeo/County,East Midlands,http://data.ordnancesurvey.co.uk/id/7000000000041423,England,http://data.ordnancesurvey.co.uk/id/country/england,,,
osgb4000000015837438,http://data.ordnancesurvey.co.uk/id/4000000015837438,Queensfield,,,,transportNetwork,Named Road,481000,391274,1000,20000,480967,391183,481011,391390,DN21,http://data.ordnancesurvey.co.uk/id/postcodedistrict/DN21,Gainsborough,http://data.ordnancesurvey.co.uk/id/4000000074575425,http://www.ordnancesurvey.co.uk/xml/codelists/localtype.xml#town,West Lindsey,http://data.ordnancesurvey.co.uk/id/7000000000043527,http://data.ordnancesurvey.co.uk/ontology/admingeo/District,Lincolnshire,http://data.ordnancesurvey.co.uk/id/7000000000005942,http://data.ordnancesurvey.co.uk/ontology/admingeo/County,East Midlands,http://data.ordnancesurvey.co.uk/id/7000000000041423,England,http://data.ordnancesurvey.co.uk/id/country/england,,,
23d80b8a-c6c0-4e3d-b5b8-107c13583d83,http://data.ordnancesurvey.co.uk/id/23d80b8a-c6c0-4e3d-b5b8-107c13583d83,Common Lane,,,,transportNetwork,Section Of Named Road,493558,389822,2000,25000,493474,389687,493583,389926,DN21,http://data.ordnancesurvey.co.uk/id/postcodedistrict/DN21,Harpswell,http://data.ordnancesurvey.co.uk/id/4000000074574341,http://www.ordnancesurvey.co.uk/xml/codelists/localtype.xml#hamlet,West Lindsey,http://data.ordnancesurvey.co.uk/id/7000000000043527,http://data.ordnancesurvey.co.uk/ontology/admingeo/District,Lincolnshire,http://data.ordnancesurvey.co.uk/id/7000000000005942,http://data.ordnancesurvey.co.uk/ontology/admingeo/County,East Midlands,http://data.ordnancesurvey.co.uk/id/7000000000041423,England,http://data.ordnancesurvey.co.uk/id/country/england,osgb4000000015627044,,
osgb4000000015634009,http://data.ordnancesurvey.co.uk/id/4000000015634009,Dog Kennel Road,,,,transportNetwork,Named Road,495135,389000,6000,20000,494639,388692,495591,389576,DN21,http://data.ordnancesurvey.co.uk/id/postcodedistrict/DN21,,,,West Lindsey,http://data.ordnancesurvey.co.uk/id/7000000000043527,http://data.ordnancesurvey.co.uk/ontology/admingeo/District,Lincolnshire,http://data.ordnancesurvey.co.uk/id/7000000000005942,http://data.ordnancesurvey.co.uk/ontology/admingeo/County,East Midlands,http://data.ordnancesurvey.co.uk/id/7000000000041423,England,http://data.ordnancesurvey.co.uk/id/country/england,,,
osgb4000000015657676,http://data.ordnancesurvey.co.uk/id/4000000015657676,Anderson Way,,,,transportNetwork,Named Road,483026,386765,2000,20000,482991,386628,483060,386893,DN21,http://data.ordnancesurvey.co.uk/id/postcodedistrict/DN21,Lea,http://data.ordnancesurvey.co.uk/id/4000000074578253,http://www.ordnancesurvey.co.uk/xml/codelists/localtype.xml#village,West Lindsey,http://data.ordnancesurvey.co.uk/id/7000000000043527,http://data.ordnancesurvey.co.uk/ontology/admingeo/District,Lincolnshire,http://data.ordnancesurvey.co.uk/id/7000000000005942,http://data.ordnancesurvey.co.uk/ontology/admingeo/County,East Midlands,http://data.ordnancesurvey.co.uk/id/7000000000041423,England,http://data.ordnancesurvey.co.uk/id/country/england,,,
osgb4000000015633807,http://data.ordnancesurvey.co.uk/id/4000000015633807,Mill Mere Road,,,,transportNetwork,Named Road,486750,391562,4000,20000,486468,391562,487138,391589,DN21,http://data.ordnancesurvey.co.uk/id/postcodedistrict/DN21,,,,West Lindsey,http://data.ordnancesurvey.co.uk/id/7000000000043527,http://data.ordnancesurvey.co.uk/ontology/admingeo/District,Lincolnshire,http://data.ordnancesurvey.co.uk/id/7000000000005942,http://data.ordnancesurvey.co.uk/ontology/admingeo/County,East Midlands,http://data.ordnancesurvey.co.uk/id/7000000000041423,England,http://data.ordnancesurvey.co.uk/id/country/england,,,
osgb4000000015682478,http://data.ordnancesurvey.co.uk/id/4000000015682478,Old School Yard,,,,transportNetwork,Named Road,493486,398571,1000,20000,493480,398544,493496,398590,DN21,http://data.ordnancesurvey.co.uk/id/postcodedistrict/DN21,Kirton in Lindsey,http://data.ordnancesurvey.co.uk/id/4000000074574884,http://www.ordnancesurvey.co.uk/xml/codelists/localtype.xml#town,,,,North Lincolnshire,http://data.ordnancesurvey.co.uk/id/7000000000025623,http://data.ordnancesurvey.co.uk/ontology/admingeo/UnitaryAuthority,Yorkshire and the Humber,http://data.ordnancesurvey.co.uk/id/7000000000041430,England,http://data.ordnancesurvey.co.uk/id/country/england,,,
osgb4000000015629770,http://data.ordnancesurvey.co.uk/id/4000000015629770,Church Road,,,,transportNetwork,Named Road,485395,397217,7000,20000,484837,397129,485956,397383,DN21,http://data.ordnancesurvey.co.uk/id/postcodedistrict/DN21,Laughton,http://data.ordnancesurvey.co.uk/id/4000000074575722,http://www.ordnancesurvey.co.uk/xml/codelists/localtype.xml#village,West Lindsey,http://data.ordnancesurvey.co.uk/id/7000000000043527,http://data.ordnancesurvey.co.uk/ontology/admingeo/District,Lincolnshire,http://data.ordnancesurvey.co.uk/id/7000000000005942,http://data.ordnancesurvey.co.uk/ontology/admingeo/County,East Midlands,http://data.ordnancesurvey.co.uk/id/7000000000041423,England,http://data.ordnancesurvey.co.uk/id/country/england,,,
osgb5000005290718790,http://data.ordnancesurvey.co.uk/id/5000005290718790,Newton Mews,,,,transportNetwork,Named Road,487314,384369,1000,20000,487297,384364,487348,384372,DN21,http://data.ordnancesurvey.co.uk/id/postcodedistrict/DN21,Willingham by Stow,http://data.ordnancesurvey.co.uk/id/4000000074575139,http://www.ordnancesurvey.co.uk/xml/codelists/localtype.xml#village,West Lindsey,http://data.ordnancesurvey.co.uk/id/7000000000043527,http://data.ordnancesurvey.co.uk/ontology/admingeo/District,Lincolnshire,http://data.ordnancesurvey.co.uk/id/7000000000005942,http://data.ordnancesurvey.co.uk/ontology/admingeo/County,East Midlands,http://data.ordnancesurvey.co.uk/id/7000000000041423,England,http://data.ordnancesurvey.co.uk/id/country/england,,,
osgb4000000015627695,http://data.ordnancesurvey.co.uk/id/4000000015627695,Northfield Lane,,,,transportNetwork,Named Road,492000,393312,13000,20000,490999,393013,493031,393384,DN21,http://data.ordnancesurvey.co.uk/id/postcodedistrict/DN21,,,,West Lindsey,http://data.ordnancesurvey.co.uk/id/7000000000043527,http://data.ordnancesurvey.co.uk/ontology/admingeo/District,Lincolnshire,http://data.ordnancesurvey.co.uk/id/7000000000005942,http://data.ordnancesurvey.co.uk/ontology/admingeo/County,East Midlands,http://data.ordnancesurvey.co.uk/id/7000000000041423,England,http://data.ordnancesurvey.co.uk/id/country/england,,,
osgb4000000015673586,http://data.ordnancesurvey.co.uk/id/4000000015673586,Cobden Street,,,,transportNetwork,Named Road,481315,389960,1000,20000,481262,389943,481376,389967,DN21,http://data.ordnancesurvey.co.uk/id/postcodedistrict/DN21,Gainsborough,http://data.ordnancesurvey.co.uk/id/4000000074575425,http://www.ordnancesurvey.co.uk/xml/codelists/localtype.xml#town,West Lindsey,http://data.ordnancesurvey.co.uk/id/7000000000043527,http://data.ordnancesurvey.co.uk/ontology/admingeo/District,Lincolnshire,http://data.ordnancesurvey.co.uk/id/7000000000005942,http://data.ordnancesurvey.co.uk/ontology/admingeo/County,East Midlands,http://data.ordnancesurvey.co.uk/id/7000000000041423,England,http://data.ordnancesurvey.co.uk/id/country/england,,,
5c283d25-3a87-437f-9064-91e08f2b1e42,http://data.ordnancesurvey.co.uk/id/5c283d25-3a87-437f-9064-91e08f2b1e42,High Street,,,,transportNetwork,Section Of Named Road,486827,386633,4000,25000,486827,386344,487032,386913,DN21,http://data.ordnancesurvey.co.uk/id/postcodedistrict/DN21,Upton,http://data.ordnancesurvey.co.uk/id/4000000074578003,http://www.ordnancesurvey.co.uk/xml/codelists/localtype.xml#village,West Lindsey,http://data.ordnancesurvey.co.uk/id/7000000000043527,http://data.ordnancesurvey.co.uk/ontology/admingeo/District,Lincolnshire,http://data.ordnancesurvey.co.uk/id/7000000000005942,http://data.ordnancesurvey.co.uk/ontology/admingeo/County,East Midlands,http://data.ordnancesurvey.co.uk/id/7000000000041423,England,http://data.ordnancesurvey.co.uk/id/country/england,osgb4000000015633786,,
osgb5000005122605791,http://data.ordnancesurvey.co.uk/id/5000005122605791,Lusher Way,,,,transportNetwork,Named Road,483312,390084,1000,20000,483288,390031,483319,390131,DN21,http://data.ordnancesurvey.co.uk/id/postcodedistrict/DN21,Gainsborough,http://data.ordnancesurvey.co.uk/id/4000000074575425,http://www.ordnancesurvey.co.uk/xml/codelists/localtype.xml#town,West Lindsey,http://data.ordnancesurvey.co.uk/id/7000000000043527,http://data.ordnancesurvey.co.uk/ontology/admingeo/District,Lincolnshire,http://data.ordnancesurvey.co.uk/id/7000000000005942,http://data.ordnancesurvey.co.uk/ontology/admingeo/County,East Midlands,http://data.ordnancesurvey.co.uk/id/7000000000041423,England,http://data.ordnancesurvey.co.uk/id/country/england,,,
osgb4000000015673592,http://data.ordnancesurvey.co.uk/id/4000000015673592,Hawton Close,,,,transportNetwork,Named Road,482103,390815,1000,20000,482085,390790,482137,390858,DN21,http://data.ordnancesurvey.co.uk/id/postcodedistrict/DN21,Gainsborough,http://data.ordnancesurvey.co.uk/id/4000000074575425,http://www.ordnancesurvey.co.uk/xml/codelists/localtype.xml#town,West Lindsey,http://data.ordnancesurvey.co.uk/id/7000000000043527,http://data.ordnancesurvey.co.uk/ontology/admingeo/District,Lincolnshire,http://data.ordnancesurvey.co.uk/id/7000000000005942,http://data.ordnancesurvey.co.uk/ontology/admingeo/County,East Midlands,http://data.ordnancesurvey.co.uk/id/7000000000041423,England,http://data.ordnancesurvey.co.uk/id/country/england,,,
f21553b2-0fd6-4f09-aa42-bfe143731ffc,http://data.ordnancesurvey.co.uk/id/f21553b2-0fd6-4f09-aa42-bfe143731ffc,Gainsborough Road,,,,transportNetwork,Section Of Named Road,483741,382614,2000,25000,483665,382476,483809,382742,DN21,http://data.ordnancesurvey.co.uk/id/postcodedistrict/DN21,Gate Burton,http://data.ordnancesurvey.co.uk/id/4000000074577539,http://www.ordnancesurvey.co.uk/xml/codelists/localtype.xml#hamlet,West Lindsey,http://data.ordnancesurvey.co.uk/id/7000000000043527,http://data.ordnancesurvey.co.uk/ontology/admingeo/District,Lincolnshire,http://data.ordnancesurvey.co.uk/id/7000000000005942,http://data.ordnancesurvey.co.uk/ontology/admingeo/County,East Midlands,http://data.ordnancesurvey.co.uk/id/7000000000041423,England,http://data.ordnancesurvey.co.uk/id/country/england,osgb4000000015633607,,
osgb4000000015709550,http://data.ordnancesurvey.co.uk/id/4000000015709550,Glentham Road,,,,transportNetwork,Named Road,483099,388997,3000,20000,483080,388773,483191,389168,DN21,http://data.ordnancesurvey.co.uk/id/postcodedistrict/DN21,Gainsborough,http://data.ordnancesurvey.co.uk/id/4000000074575425,http://www.ordnancesurvey.co.uk/xml/codelists/localtype.xml#town,West Lindsey,http://data.ordnancesurvey.co.uk/id/7000000000043527,http://data.ordnancesurvey.co.uk/ontology/admingeo/District,Lincolnshire,http://data.ordnancesurvey.co.uk/id/7000000000005942,http://data.ordnancesurvey.co.uk/ontology/admingeo/County,East Midlands,http://data.ordnancesurvey.co.uk/id/7000000000041423,England,http://data.ordnancesurvey.co.uk/id/country/england,,,
osgb4000000015658546,http://data.ordnancesurvey.co.uk/id/4000000015658546,East Cross Street,,,,transportNetwork,Named Road,493681,398330,2000,20000,493617,398213,493771,398485,DN21,http://data.ordnancesurvey.co.uk/id/postcodedistrict/DN21,Kirton in Lindsey,http://data.ordnancesurvey.co.uk/id/4000000074574884,http://www.ordnancesurvey.co.uk/xml/codelists/localtype.xml#town,,,,North Lincolnshire,http://data.ordnancesurvey.co.uk/id/7000000000025623,http://data.ordnancesurvey.co.uk/ontology/admingeo/UnitaryAuthority,Yorkshire and the Humber,http://data.ordnancesurvey.co.uk/id/7000000000041430,England,http://data.ordnancesurvey.co.uk/id/country/england,,,
osgb4000000015658499,http://data.ordnancesurvey.co.uk/id/4000000015658499,Manor Lane,,,,transportNetwork,Named Road,494807,380147,1000,20000,494793,380089,494904,380195,LN1,http://data.ordnancesurvey.co.uk/id/postcodedistrict/LN1,Aisthorpe,http://data.ordnancesurvey.co.uk/id/4000000074574333,http://www.ordnancesurvey.co.uk/xml/codelists/localtype.xml#village,West Lindsey,http://data.ordnancesurvey.co.uk/id/7000000000043527,http://data.ordnancesurvey.co.uk/ontology/admingeo/District,Lincolnshire,http://data.ordnancesurvey.co.uk/id/7000000000005942,http://data.ordnancesurvey.co.uk/ontology/admingeo/County,East Midlands,http://data.ordnancesurvey.co.uk/id/7000000000041423,England,http://data.ordnancesurvey.co.uk/id/country/england,,,
df460332-6665-4f80-b086-28baa0810b4c,http://data.ordnancesurvey.co.uk/id/df460332-6665-4f80-b086-28baa0810b4c,Hill Road,,,,transportNetwork,Section Of Named Road,487722,389135,1000,25000,487702,389003,487760,389204,DN21,http://data.ordnancesurvey.co.uk/id/postcodedistrict/DN21,Sturgate,http://data.ordnancesurvey.co.uk/id/4000000074574602,http://www.ordnancesurvey.co.uk/xml/codelists/localtype.xml#hamlet,West Lindsey,http://data.ordnancesurvey.co.uk/id/7000000000043527,http://data.ordnancesurvey.co.uk/ontology/admingeo/District,Lincolnshire,http://data.ordnancesurvey.co.uk/id/7000000000005942,http://data.ordnancesurvey.co.uk/ontology/admingeo/County,East Midlands,http://data.ordnancesurvey.co.uk/id/7000000000041423,England,http://data.ordnancesurvey.co.uk/id/country/england,osgb4000000015629881,,
0292c4ee-1f40-4120-af2d-ce8bca2705b5,http://data.ordnancesurvey.co.uk/id/0292c4ee-1f40-4120-af2d-ce8bca2705b5,Somerby Way,,,,transportNetwork,Section Of Named Road,483524,389436,5000,25000,483301,389140,483717,389857,DN21,http://data.ordnancesurvey.co.uk/id/postcodedistrict/DN21,,,,West Lindsey,http://data.ordnancesurvey.co.uk/id/7000000000043527,http://data.ordnancesurvey.co.uk/ontology/admingeo/District,Lincolnshire,http://data.ordnancesurvey.co.uk/id/7000000000005942,http://data.ordnancesurvey.co.uk/ontology/admingeo/County,East Midlands,http://data.ordnancesurvey.co.uk/id/7000000000041423,England,http://data.ordnancesurvey.co.uk/id/country/england,osgb4000000015915631,,
5d782196-bb60-4ad0-918e-02426b78823a,http://data.ordnancesurvey.co.uk/id/5d782196-bb60-4ad0-918e-02426b78823a,Cliff Lane,,,,transportNetwork,Section Of Named Road,498070,395906,1000,25000,498037,395892,498139,395934,DN21,http://data.ordnancesurvey.co.uk/id/postcodedistrict/DN21,Waddingham,http://data.ordnancesurvey.co.uk/id/4000000074574880,http://www.ordnancesurvey.co.uk/xml/codelists/localtype.xml#village,West Lindsey,http://data.ordnancesurvey.co.uk/id/7000000000043527,http://data.ordnancesurvey.co.uk/ontology/admingeo/District,Lincolnshire,http://data.ordnancesurvey.co.uk/id/7000000000005942,http://data.ordnancesurvey.co.uk/ontology/admingeo/County,East Midlands,http://data.ordnancesurvey.co.uk/id/7000000000041423,England,http://data.ordnancesurvey.co.uk/id/country/england,osgb4000000015627699,,
osgb4000000015633594,http://data.ordnancesurvey.co.uk/id/4000000015633594,Coates Road,,,,transportNetwork,Named Road,481610,381623,6000,20000,481237,381035,482094,381643,DN22,http://data.ordnancesurvey.co.uk/id/postcodedistrict/DN22,,,,Bassetlaw,http://data.ordnancesurvey.co.uk/id/7000000000008122,http://data.ordnancesurvey.co.uk/ontology/admingeo/District,Nottinghamshire,http://data.ordnancesurvey.co.uk/id/7000000000008127,http://data.ordnancesurvey.co.uk/ontology/admingeo/County,East Midlands,http://data.ordnancesurvey.co.uk/id/7000000000041423,England,http://data.ordnancesurvey.co.uk/id/country/england,,,
osgb4000000015673651,http://data.ordnancesurvey.co.uk/id/4000000015673651,St Martin's Close,,,,transportNetwork,Named Road,485051,394501,1000,20000,485028,394454,485075,394562,DN21,http://data.ordnancesurvey.co.uk/id/postcodedistrict/DN21,Blyton,http://data.ordnancesurvey.co.uk/id/4000000074575429,http://www.ordnancesurvey.co.uk/xml/codelists/localtype.xml#village,West Lindsey,http://data.ordnancesurvey.co.uk/id/7000000000043527,http://data.ordnancesurvey.co.uk/ontology/admingeo/District,Lincolnshire,http://data.ordnancesurvey.co.uk/id/7000000000005942,http://data.ordnancesurvey.co.uk/ontology/admingeo/County,East Midlands,http://data.ordnancesurvey.co.uk/id/7000000000041423,England,http://data.ordnancesurvey.co.uk/id/country/england,,,
osgb4000000015627583,http://data.ordnancesurvey.co.uk/id/4000000015627583,Kexby Lane,,,,transportNetwork,Named Road,485596,385604,19000,20000,484174,385474,487119,385748,DN21,http://data.ordnancesurvey.co.uk/id/postcodedistrict/DN21,Kexby,http://data.ordnancesurvey.co.uk/id/4000000074577769,http://www.ordnancesurvey.co.uk/xml/codelists/localtype.xml#village,West Lindsey,http://data.ordnancesurvey.co.uk/id/7000000000043527,http://data.ordnancesurvey.co.uk/ontology/admingeo/District,Lincolnshire,http://data.ordnancesurvey.co.uk/id/7000000000005942,http://data.ordnancesurvey.co.uk/ontology/admingeo/County,East Midlands,http://data.ordnancesurvey.co.uk/id/7000000000041423,England,http://data.ordnancesurvey.co.uk/id/country/england,,,
osgb4000000015998803,http://data.ordnancesurvey.co.uk/id/4000000015998803,Whittles Court,,,,transportNetwork,Named Road,488984,380588,1000,20000,488948,380586,489007,380612,LN1,http://data.ordnancesurvey.co.uk/id/postcodedistrict/LN1,Sturton by Stow,http://data.ordnancesurvey.co.uk/id/4000000074574600,http://www.ordnancesurvey.co.uk/xml/codelists/localtype.xml#village,West Lindsey,http://data.ordnancesurvey.co.uk/id/7000000000043527,http://data.ordnancesurvey.co.uk/ontology/admingeo/District,Lincolnshire,http://data.ordnancesurvey.co.uk/id/7000000000005942,http://data.ordnancesurvey.co.uk/ontology/admingeo/County,East Midlands,http://data.ordnancesurvey.co.uk/id/7000000000041423,England,http://data.ordnancesurvey.co.uk/id/country/england,,,
osgb4000000015674492,http://data.ordnancesurvey.co.uk/id/4000000015674492,St Helens Way,,,,transportNetwork,Named Road,493070,391064,1000,20000,493018,391051,493105,391071,DN21,http://data.ordnancesurvey.co.uk/id/postcodedistrict/DN21,Hemswell,http://data.ordnancesurvey.co.uk/id/4000000074574603,http://www.ordnancesurvey.co.uk/xml/codelists/localtype.xml#village,West Lindsey,http://data.ordnancesurvey.co.uk/id/7000000000043527,http://data.ordnancesurvey.co.uk/ontology/admingeo/District,Lincolnshire,http://data.ordnancesurvey.co.uk/id/7000000000005942,http://data.ordnancesurvey.co.uk/ontology/admingeo/County,East Midlands,http://data.ordnancesurvey.co.uk/id/7000000000041423,England,http://data.ordnancesurvey.co.uk/id/country/england,,,
osgb4000000015642915,http://data.ordnancesurvey.co.uk/id/4000000015642915,Church Road,,,,transportNetwork,Named Road,498610,396322,2000,20000,498448,396271,498779,396379,DN21,http://data.ordnancesurvey.co.uk/id/postcodedistrict/DN21,Waddingham,http://data.ordnancesurvey.co.uk/id/4000000074574880,http://www.ordnancesurvey.co.uk/xml/codelists/localtype.xml#village,West Lindsey,http://data.ordnancesurvey.co.uk/id/7000000000043527,http://data.ordnancesurvey.co.uk/ontology/admingeo/District,Lincolnshire,http://data.ordnancesurvey.co.uk/id/7000000000005942,http://data.ordnancesurvey.co.uk/ontology/admingeo/County,East Midlands,http://data.ordnancesurvey.co.uk/id/7000000000041423,England,http://data.ordnancesurvey.co.uk/id/country/england,,,
osgb4000000015672940,http://data.ordnancesurvey.co.uk/id/4000000015672940,Trent View,,,,transportNetwork,Named Road,484421,381831,1000,20000,484389,381826,484479,381868,DN21,http://data.ordnancesurvey.co.uk/id/postcodedistrict/DN21,Marton,http://data.ordnancesurvey.co.uk/id/4000000074577537,http://www.ordnancesurvey.co.uk/xml/codelists/localtype.xml#village,West Lindsey,http://data.ordnancesurvey.co.uk/id/7000000000043527,http://data.ordnancesurvey.co.uk/ontology/admingeo/District,Lincolnshire,http://data.ordnancesurvey.co.uk/id/7000000000005942,http://data.ordnancesurvey.co.uk/ontology/admingeo/County,East Midlands,http://data.ordnancesurvey.co.uk/id/7000000000041423,England,http://data.ordnancesurvey.co.uk/id/country/england,,,
osgb4000000015629893,http://data.ordnancesurvey.co.uk/id/4000000015629893,Ings Road,,,,transportNetwork,Named Road,492436,398632,14000,20000,491368,398424,493445,398911,DN21,http://data.ordnancesurvey.co.uk/id/postcodedistrict/DN21,,,,,,,North Lincolnshire,http://data.ordnancesurvey.co.uk/id/7000000000025623,http://data.ordnancesurvey.co.uk/ontology/admingeo/UnitaryAuthority,Yorkshire and the Humber,http://data.ordnancesurvey.co.uk/id/7000000000041430,England,http://data.ordnancesurvey.co.uk/id/country/england,,,
e6e15efe-51fa-40bf-a428-bf88385d0735,http://data.ordnancesurvey.co.uk/id/e6e15efe-51fa-40bf-a428-bf88385d0735,Padmoor Lane,,,,transportNetwork,Section Of Named Road,486624,386750,3000,25000,486386,386673,486834,386814,DN21,http://data.ordnancesurvey.co.uk/id/postcodedistrict/DN21,Upton,http://data.ordnancesurvey.co.uk/id/4000000074578003,http://www.ordnancesurvey.co.uk/xml/codelists/localtype.xml#village,West Lindsey,http://data.ordnancesurvey.co.uk/id/7000000000043527,http://data.ordnancesurvey.co.uk/ontology/admingeo/District,Lincolnshire,http://data.ordnancesurvey.co.uk/id/7000000000005942,http://data.ordnancesurvey.co.uk/ontology/admingeo/County,East Midlands,http://data.ordnancesurvey.co.uk/id/7000000000041423,England,http://data.ordnancesurvey.co.uk/id/country/england,osgb4000000015629740,,
osgb5000005113016932,http://data.ordnancesurvey.co.uk/id/5000005113016932,Maybell Close,,,,transportNetwork,Named Road,483083,388711,1000,20000,483056,388639,483124,388726,DN21,http://data.ordnancesurvey.co.uk/id/postcodedistrict/DN21,Gainsborough,http://data.ordnancesurvey.co.uk/id/4000000074575425,http://www.ordnancesurvey.co.uk/xml/codelists/localtype.xml#town,West Lindsey,http://data.ordnancesurvey.co.uk/id/7000000000043527,http://data.ordnancesurvey.co.uk/ontology/admingeo/District,Lincolnshire,http://data.ordnancesurvey.co.uk/id/7000000000005942,http://data.ordnancesurvey.co.uk/ontology/admingeo/County,East Midlands,http://data.ordnancesurvey.co.uk/id/7000000000041423,England,http://data.ordnancesurvey.co.uk/id/country/england,,,
4ad5b4c5-5387-4bd4-a1d7-8b5951aef1e8,http://data.ordnancesurvey.co.uk/id/4ad5b4c5-5387-4bd4-a1d7-8b5951aef1e8,Mill Lane,,,,transportNetwork,Section Of Named Road,481165,392067,4000,25000,480818,391960,481414,392274,DN21,http://data.ordnancesurvey.co.uk/id/postcodedistrict/DN21,Gainsborough,http://data.ordnancesurvey.co.uk/id/4000000074575425,http://www.ordnancesurvey.co.uk/xml/codelists/localtype.xml#town,West Lindsey,http://data.ordnancesurvey.co.uk/id/7000000000043527,http://data.ordnancesurvey.co.uk/ontology/admingeo/District,Lincolnshire,http://data.ordnancesurvey.co.uk/id/7000000000005942,http://data.ordnancesurvey.co.uk/ontology/admingeo/County,East Midlands,http://data.ordnancesurvey.co.uk/id/7000000000041423,England,http://data.ordnancesurvey.co.uk/id/country/england,osgb4000000015633800,,
osgb4000000015722622,http://data.ordnancesurvey.co.uk/id/4000000015722622,Barff Meadow,,,,transportNetwork,Named Road,499952,391012,1000,20000,499904,390964,500004,391041,LN8,http://data.ordnancesurvey.co.uk/id/postcodedistrict/LN8,Glentham,http://data.ordnancesurvey.co.uk/id/4000000074550243,http://www.ordnancesurvey.co.uk/xml/codelists/localtype.xml#village,West Lindsey,http://data.ordnancesurvey.co.uk/id/7000000000043527,http://data.ordnancesurvey.co.uk/ontology/admingeo/District,Lincolnshire,http://data.ordnancesurvey.co.uk/id/7000000000005942,http://data.ordnancesurvey.co.uk/ontology/admingeo/County,East Midlands,http://data.ordnancesurvey.co.uk/id/7000000000041423,England,http://data.ordnancesurvey.co.uk/id/country/england,,,
osgb4000000015642410,http://data.ordnancesurvey.co.uk/id/4000000015642410,Foxby Hill,,,,transportNetwork,Named Road,482053,388536,2000,20000,481926,388518,482203,388560,DN21,http://data.ordnancesurvey.co.uk/id/postcodedistrict/DN21,Gainsborough,http://data.ordnancesurvey.co.uk/id/4000000074575425,http://www.ordnancesurvey.co.uk/xml/codelists/localtype.xml#town,West Lindsey,http://data.ordnancesurvey.co.uk/id/7000000000043527,http://data.ordnancesurvey.co.uk/ontology/admingeo/District,Lincolnshire,http://data.ordnancesurvey.co.uk/id/7000000000005942,http://data.ordnancesurvey.co.uk/ontology/admingeo/County,East Midlands,http://data.ordnancesurvey.co.uk/id/7000000000041423,England,http://data.ordnancesurvey.co.uk/id/country/england,,,
osgb5000005231826702,http://data.ordnancesurvey.co.uk/id/5000005231826702,Bratt Field South Road,,,,transportNetwork,Named Road,489479,389356,8000,20000,488847,389208,490107,389475,DN21,http://data.ordnancesurvey.co.uk/id/postcodedistrict/DN21,,,,West Lindsey,http://data.ordnancesurvey.co.uk/id/7000000000043527,http://data.ordnancesurvey.co.uk/ontology/admingeo/District,Lincolnshire,http://data.ordnancesurvey.co.uk/id/7000000000005942,http://data.ordnancesurvey.co.uk/ontology/admingeo/County,East Midlands,http://data.ordnancesurvey.co.uk/id/7000000000041423,England,http://data.ordnancesurvey.co.uk/id/country/england,,,
osgb4000000015871578,http://data.ordnancesurvey.co.uk/id/4000000015871578,Rose Walk,,,,transportNetwork,Named Road,486798,386723,1000,20000,486784,386720,486837,386726,DN21,http://data.ordnancesurvey.co.uk/id/postcodedistrict/DN21,Upton,http://data.ordnancesurvey.co.uk/id/4000000074578003,http://www.ordnancesurvey.co.uk/xml/codelists/localtype.xml#village,West Lindsey,http://data.ordnancesurvey.co.uk/id/7000000000043527,http://data.ordnancesurvey.co.uk/ontology/admingeo/District,Lincolnshire,http://data.ordnancesurvey.co.uk/id/7000000000005942,http://data.ordnancesurvey.co.uk/ontology/admingeo/County,East Midlands,http://data.ordnancesurvey.co.uk/id/7000000000041423,England,http://data.ordnancesurvey.co.uk/id/country/england,,,
8871d371-c846-467d-b883-98cbe7c452f1,http://data.ordnancesurvey.co.uk/id/8871d371-c846-467d-b883-98cbe7c452f1,B1400,,,,transportNetwork,Section Of Numbered Road,493866,398783,15000,25000,493116,397714,494685,400075,DN21,http://data.ordnancesurvey.co.uk/id/postcodedistrict/DN21,Kirton in Lindsey,http://data.ordnancesurvey.co.uk/id/4000000074574884,http://www.ordnancesurvey.co.uk/xml/codelists/localtype.xml#town,,,,North Lincolnshire,http://data.ordnancesurvey.co.uk/id/7000000000025623,http://data.ordnancesurvey.co.uk/ontology/admingeo/UnitaryAuthority,Yorkshire and the Humber,http://data.ordnancesurvey.co.uk/id/7000000000041430,England,http://data.ordnancesurvey.co.uk/id/country/england,osgb4000000010978937,,
osgb5000005231826700,http://data.ordnancesurvey.co.uk/id/5000005231826700,Green Lane,,,,transportNetwork,Named Road,487935,389030,2000,20000,487760,388998,488098,389073,DN21,http://data.ordnancesurvey.co.uk/id/postcodedistrict/DN21,,,,West Lindsey,http://data.ordnancesurvey.co.uk/id/7000000000043527,http://data.ordnancesurvey.co.uk/ontology/admingeo/District,Lincolnshire,http://data.ordnancesurvey.co.uk/id/7000000000005942,http://data.ordnancesurvey.co.uk/ontology/admingeo/County,East Midlands,http://data.ordnancesurvey.co.uk/id/7000000000041423,England,http://data.ordnancesurvey.co.uk/id/country/england,,,
osgb4000000015835899,http://data.ordnancesurvey.co.uk/id/4000000015835899,Gibson Road,,,,transportNetwork,Named Road,494826,390052,4000,20000,494724,389723,495020,390281,DN21,http://data.ordnancesurvey.co.uk/id/postcodedistrict/DN21,Hemswell Cliff,http://data.ordnancesurvey.co.uk/id/4000000074574338,http://www.ordnancesurvey.co.uk/xml/codelists/localtype.xml#village,West Lindsey,http://data.ordnancesurvey.co.uk/id/7000000000043527,http://data.ordnancesurvey.co.uk/ontology/admingeo/District,Lincolnshire,http://data.ordnancesurvey.co.uk/id/7000000000005942,http://data.ordnancesurvey.co.uk/ontology/admingeo/County,East Midlands,http://data.ordnancesurvey.co.uk/id/7000000000041423,England,http://data.ordnancesurvey.co.uk/id/country/england,,,
osgb4000000015658551,http://data.ordnancesurvey.co.uk/id/4000000015658551,Mill Lane,,,,transportNetwork,Named Road,494024,398279,1000,20000,493955,398251,494159,398353,DN21,http://data.ordnancesurvey.co.uk/id/postcodedistrict/DN21,Kirton in Lindsey,http://data.ordnancesurvey.co.uk/id/4000000074574884,http://www.ordnancesurvey.co.uk/xml/codelists/localtype.xml#town,,,,North Lincolnshire,http://data.ordnancesurvey.co.uk/id/7000000000025623,http://data.ordnancesurvey.co.uk/ontology/admingeo/UnitaryAuthority,Yorkshire and the Humber,http://data.ordnancesurvey.co.uk/id/7000000000041430,England,http://data.ordnancesurvey.co.uk/id/country/england,,,
osgb4000000015658534,http://data.ordnancesurvey.co.uk/id/4000000015658534,Low Road,,,,transportNetwork,Named Road,493443,395375,14000,20000,493390,394300,493483,396452,DN21,http://data.ordnancesurvey.co.uk/id/postcodedistrict/DN21,,,,West Lindsey,http://data.ordnancesurvey.co.uk/id/7000000000043527,http://data.ordnancesurvey.co.uk/ontology/admingeo/District,Lincolnshire,http://data.ordnancesurvey.co.uk/id/7000000000005942,http://data.ordnancesurvey.co.uk/ontology/admingeo/County,East Midlands,http://data.ordnancesurvey.co.uk/id/7000000000041423,England,http://data.ordnancesurvey.co.uk/id/country/england,,,
osgb4000000015915631,http://data.ordnancesurvey.co.uk/id/4000000015915631,Somerby Way,,,,transportNetwork,Named Road,483486,389488,5000,20000,483296,389115,483733,389918,DN21,http://data.ordnancesurvey.co.uk/id/postcodedistrict/DN21,,,,West Lindsey,http://data.ordnancesurvey.co.uk/id/7000000000043527,http://data.ordnancesurvey.co.uk/ontology/admingeo/District,Lincolnshire,http://data.ordnancesurvey.co.uk/id/7000000000005942,http://data.ordnancesurvey.co.uk/ontology/admingeo/County,East Midlands,http://data.ordnancesurvey.co.uk/id/7000000000041423,England,http://data.ordnancesurvey.co.uk/id/country/england,,,
osgb4000000015673589,http://data.ordnancesurvey.co.uk/id/4000000015673589,Arthur Road,,,,transportNetwork,Named Road,481614,390521,1000,20000,481591,390462,481646,390568,DN21,http://data.ordnancesurvey.co.uk/id/postcodedistrict/DN21,Gainsborough,http://data.ordnancesurvey.co.uk/id/4000000074575425,http://www.ordnancesurvey.co.uk/xml/codelists/localtype.xml#town,West Lindsey,http://data.ordnancesurvey.co.uk/id/7000000000043527,http://data.ordnancesurvey.co.uk/ontology/admingeo/District,Lincolnshire,http://data.ordnancesurvey.co.uk/id/7000000000005942,http://data.ordnancesurvey.co.uk/ontology/admingeo/County,East Midlands,http://data.ordnancesurvey.co.uk/id/7000000000041423,England,http://data.ordnancesurvey.co.uk/id/country/england,,,
osgb4000000015657684,http://data.ordnancesurvey.co.uk/id/4000000015657684,The Glebe,,,,transportNetwork,Named Road,486614,386837,1000,20000,486586,386753,486633,386906,DN21,http://data.ordnancesurvey.co.uk/id/postcodedistrict/DN21,Upton,http://data.ordnancesurvey.co.uk/id/4000000074578003,http://www.ordnancesurvey.co.uk/xml/codelists/localtype.xml#village,West Lindsey,http://data.ordnancesurvey.co.uk/id/7000000000043527,http://data.ordnancesurvey.co.uk/ontology/admingeo/District,Lincolnshire,http://data.ordnancesurvey.co.uk/id/7000000000005942,http://data.ordnancesurvey.co.uk/ontology/admingeo/County,East Midlands,http://data.ordnancesurvey.co.uk/id/7000000000041423,England,http://data.ordnancesurvey.co.uk/id/country/england,,,
osgb4000000015658539,http://data.ordnancesurvey.co.uk/id/4000000015658539,Snitterby Road,,,,transportNetwork,Named Road,498237,395806,3000,20000,498092,395529,498335,396035,DN21,http://data.ordnancesurvey.co.uk/id/postcodedistrict/DN21,Waddingham,http://data.ordnancesurvey.co.uk/id/4000000074574880,http://www.ordnancesurvey.co.uk/xml/codelists/localtype.xml#village,West Lindsey,http://data.ordnancesurvey.co.uk/id/7000000000043527,http://data.ordnancesurvey.co.uk/ontology/admingeo/District,Lincolnshire,http://data.ordnancesurvey.co.uk/id/7000000000005942,http://data.ordnancesurvey.co.uk/ontology/admingeo/County,East Midlands,http://data.ordnancesurvey.co.uk/id/7000000000041423,England,http://data.ordnancesurvey.co.uk/id/country/england,,,
osgb4000000026932001,http://data.ordnancesurvey.co.uk/id/4000000026932001,Owmby Cliff Road,,,,transportNetwork,Named Road,498508,386699,20000,21000,496890,386039,500128,387477,LN8,http://data.ordnancesurvey.co.uk/id/postcodedistrict/LN8,,,,West Lindsey,http://data.ordnancesurvey.co.uk/id/7000000000043527,http://data.ordnancesurvey.co.uk/ontology/admingeo/District,Lincolnshire,http://data.ordnancesurvey.co.uk/id/7000000000005942,http://data.ordnancesurvey.co.uk/ontology/admingeo/County,East Midlands,http://data.ordnancesurvey.co.uk/id/7000000000041423,England,http://data.ordnancesurvey.co.uk/id/country/england,,,
osgb4000000015837439,http://data.ordnancesurvey.co.uk/id/4000000015837439,Riverside Approach,,,,transportNetwork,Named Road,481016,390174,1000,20000,480927,390135,481102,390228,DN21,http://data.ordnancesurvey.co.uk/id/postcodedistrict/DN21,Gainsborough,http://data.ordnancesurvey.co.uk/id/4000000074575425,http://www.ordnancesurvey.co.uk/xml/codelists/localtype.xml#town,West Lindsey,http://data.ordnancesurvey.co.uk/id/7000000000043527,http://data.ordnancesurvey.co.uk/ontology/admingeo/District,Lincolnshire,http://data.ordnancesurvey.co.uk/id/7000000000005942,http://data.ordnancesurvey.co.uk/ontology/admingeo/County,East Midlands,http://data.ordnancesurvey.co.uk/id/7000000000041423,England,http://data.ordnancesurvey.co.uk/id/country/england,,,
osgb4000000015633783,http://data.ordnancesurvey.co.uk/id/4000000015633783,Morton Terrace,,,,transportNetwork,Named Road,481367,390731,5000,20000,481272,390367,481418,391063,DN21,http://data.ordnancesurvey.co.uk/id/postcodedistrict/DN21,Gainsborough,http://data.ordnancesurvey.co.uk/id/4000000074575425,http://www.ordnancesurvey.co.uk/xml/codelists/localtype.xml#town,West Lindsey,http://data.ordnancesurvey.co.uk/id/7000000000043527,http://data.ordnancesurvey.co.uk/ontology/admingeo/District,Lincolnshire,http://data.ordnancesurvey.co.uk/id/7000000000005942,http://data.ordnancesurvey.co.uk/ontology/admingeo/County,East Midlands,http://data.ordnancesurvey.co.uk/id/7000000000041423,England,http://data.ordnancesurvey.co.uk/id/country/england,,,
osgb4000000015642422,http://data.ordnancesurvey.co.uk/id/4000000015642422,Lord Street,,,,transportNetwork,Named Road,481414,389916,1000,20000,481299,389889,481509,389924,DN21,http://data.ordnancesurvey.co.uk/id/postcodedistrict/DN21,Gainsborough,http://data.ordnancesurvey.co.uk/id/4000000074575425,http://www.ordnancesurvey.co.uk/xml/codelists/localtype.xml#town,West Lindsey,http://data.ordnancesurvey.co.uk/id/7000000000043527,http://data.ordnancesurvey.co.uk/ontology/admingeo/District,Lincolnshire,http://data.ordnancesurvey.co.uk/id/7000000000005942,http://data.ordnancesurvey.co.uk/ontology/admingeo/County,East Midlands,http://data.ordnancesurvey.co.uk/id/7000000000041423,England,http://data.ordnancesurvey.co.uk/id/country/england,,,
osgb4000000015682475,http://data.ordnancesurvey.co.uk/id/4000000015682475,Capper Avenue,,,,transportNetwork,Named Road,495062,389823,2000,20000,495001,389664,495183,389970,DN21,http://data.ordnancesurvey.co.uk/id/postcodedistrict/DN21,Hemswell Cliff,http://data.ordnancesurvey.co.uk/id/4000000074574338,http://www.ordnancesurvey.co.uk/xml/codelists/localtype.xml#village,West Lindsey,http://data.ordnancesurvey.co.uk/id/7000000000043527,http://data.ordnancesurvey.co.uk/ontology/admingeo/District,Lincolnshire,http://data.ordnancesurvey.co.uk/id/7000000000005942,http://data.ordnancesurvey.co.uk/ontology/admingeo/County,East Midlands,http://data.ordnancesurvey.co.uk/id/7000000000041423,England,http://data.ordnancesurvey.co.uk/id/country/england,,,
osgb4000000015633609,http://data.ordnancesurvey.co.uk/id/4000000015633609,Station Road,,,,transportNetwork,Named Road,483743,385494,5000,20000,483416,384914,484174,385731,DN21,http://data.ordnancesurvey.co.uk/id/postcodedistrict/DN21,,,,West Lindsey,http://data.ordnancesurvey.co.uk/id/7000000000043527,http://data.ordnancesurvey.co.uk/ontology/admingeo/District,Lincolnshire,http://data.ordnancesurvey.co.uk/id/7000000000005942,http://data.ordnancesurvey.co.uk/ontology/admingeo/County,East Midlands,http://data.ordnancesurvey.co.uk/id/7000000000041423,England,http://data.ordnancesurvey.co.uk/id/country/england,,,
osgb5000005231826698,http://data.ordnancesurvey.co.uk/id/5000005231826698,Kirton Gate Lane,,,,transportNetwork,Named Road,488495,389129,5000,20000,488098,389073,488847,389208,DN21,http://data.ordnancesurvey.co.uk/id/postcodedistrict/DN21,,,,West Lindsey,http://data.ordnancesurvey.co.uk/id/7000000000043527,http://data.ordnancesurvey.co.uk/ontology/admingeo/District,Lincolnshire,http://data.ordnancesurvey.co.uk/id/7000000000005942,http://data.ordnancesurvey.co.uk/ontology/admingeo/County,East Midlands,http://data.ordnancesurvey.co.uk/id/7000000000041423,England,http://data.ordnancesurvey.co.uk/id/country/england,,,
osgb4000000071069872,http://data.ordnancesurvey.co.uk/id/4000000071069872,Francis Chichester Walk,,,,transportNetwork,Named Road,482825,389030,2000,20000,482751,388906,482825,389155,DN21,http://data.ordnancesurvey.co.uk/id/postcodedistrict/DN21,Gainsborough,http://data.ordnancesurvey.co.uk/id/4000000074575425,http://www.ordnancesurvey.co.uk/xml/codelists/localtype.xml#town,West Lindsey,http://data.ordnancesurvey.co.uk/id/7000000000043527,http://data.ordnancesurvey.co.uk/ontology/admingeo/District,Lincolnshire,http://data.ordnancesurvey.co.uk/id/7000000000005942,http://data.ordnancesurvey.co.uk/ontology/admingeo/County,East Midlands,http://data.ordnancesurvey.co.uk/id/7000000000041423,England,http://data.ordnancesurvey.co.uk/id/country/england,,,
4dcff9ee-2cc9-405a-bc8c-cd14973bf107,http://data.ordnancesurvey.co.uk/id/4dcff9ee-2cc9-405a-bc8c-cd14973bf107,Southfield Lane,,,,transportNetwork,Section Of Named Road,492933,392996,1000,25000,492928,392984,492934,393009,DN21,http://data.ordnancesurvey.co.uk/id/postcodedistrict/DN21,Willoughton,http://data.ordnancesurvey.co.uk/id/4000000074574604,http://www.ordnancesurvey.co.uk/xml/codelists/localtype.xml#village,West Lindsey,http://data.ordnancesurvey.co.uk/id/7000000000043527,http://data.ordnancesurvey.co.uk/ontology/admingeo/District,Lincolnshire,http://data.ordnancesurvey.co.uk/id/7000000000005942,http://data.ordnancesurvey.co.uk/ontology/admingeo/County,East Midlands,http://data.ordnancesurvey.co.uk/id/7000000000041423,England,http://data.ordnancesurvey.co.uk/id/country/england,osgb4000000015629884,,
osgb5000005293761119,http://data.ordnancesurvey.co.uk/id/5000005293761119,Geoff Lane,,,,transportNetwork,Named Road,482355,388386,1000,20000,482289,388340,482419,388405,DN21,http://data.ordnancesurvey.co.uk/id/postcodedistrict/DN21,Gainsborough,http://data.ordnancesurvey.co.uk/id/4000000074575425,http://www.ordnancesurvey.co.uk/xml/codelists/localtype.xml#town,West Lindsey,http://data.ordnancesurvey.co.uk/id/7000000000043527,http://data.ordnancesurvey.co.uk/ontology/admingeo/District,Lincolnshire,http://data.ordnancesurvey.co.uk/id/7000000000005942,http://data.ordnancesurvey.co.uk/ontology/admingeo/County,East Midlands,http://data.ordnancesurvey.co.uk/id/7000000000041423,England,http://data.ordnancesurvey.co.uk/id/country/england,,,
osgb4000000011107679,http://data.ordnancesurvey.co.uk/id/4000000011107679,A159,,,,transportNetwork,Numbered Road,486713,398770,135000,1000000,481264,389141,489372,409970,DN21,http://data.ordnancesurvey.co.uk/id/postcodedistrict/DN21,,,,West Lindsey,http://data.ordnancesurvey.co.uk/id/7000000000043527,http://data.ordnancesurvey.co.uk/ontology/admingeo/District,Lincolnshire,http://data.ordnancesurvey.co.uk/id/7000000000005942,http://data.ordnancesurvey.co.uk/ontology/admingeo/County,East Midlands,http://data.ordnancesurvey.co.uk/id/7000000000041423,England,http://data.ordnancesurvey.co.uk/id/country/england,,,
osgb4000000015627633,http://data.ordnancesurvey.co.uk/id/4000000015627633,Carr Lane,,,,transportNetwork,Named Road,482107,397414,17000,20000,480797,397091,483387,397782,DN21,http://data.ordnancesurvey.co.uk/id/postcodedistrict/DN21,,,,West Lindsey,http://data.ordnancesurvey.co.uk/id/7000000000043527,http://data.ordnancesurvey.co.uk/ontology/admingeo/District,Lincolnshire,http://data.ordnancesurvey.co.uk/id/7000000000005942,http://data.ordnancesurvey.co.uk/ontology/admingeo/County,East Midlands,http://data.ordnancesurvey.co.uk/id/7000000000041423,England,http://data.ordnancesurvey.co.uk/id/country/england,,,
osgb4000000015633786,http://data.ordnancesurvey.co.uk/id/4000000015633786,High Street,,,,transportNetwork,Named Road,486831,386598,4000,20000,486827,386340,487032,386913,DN21,http://data.ordnancesurvey.co.uk/id/postcodedistrict/DN21,Upton,http://data.ordnancesurvey.co.uk/id/4000000074578003,http://www.ordnancesurvey.co.uk/xml/codelists/localtype.xml#village,West Lindsey,http://data.ordnancesurvey.co.uk/id/7000000000043527,http://data.ordnancesurvey.co.uk/ontology/admingeo/District,Lincolnshire,http://data.ordnancesurvey.co.uk/id/7000000000005942,http://data.ordnancesurvey.co.uk/ontology/admingeo/County,East Midlands,http://data.ordnancesurvey.co.uk/id/7000000000041423,England,http://data.ordnancesurvey.co.uk/id/country/england,,,
4ffdf13d-d17b-48ff-ab72-58a2c26d34ff,http://data.ordnancesurvey.co.uk/id/4ffdf13d-d17b-48ff-ab72-58a2c26d34ff,Willingham Road,,,,transportNetwork,Section Of Named Road,487142,385699,1000,25000,487119,385647,487159,385746,DN21,http://data.ordnancesurvey.co.uk/id/postcodedistrict/DN21,Kexby,http://data.ordnancesurvey.co.uk/id/4000000074577769,http://www.ordnancesurvey.co.uk/xml/codelists/localtype.xml#village,West Lindsey,http://data.ordnancesurvey.co.uk/id/7000000000043527,http://data.ordnancesurvey.co.uk/ontology/admingeo/District,Lincolnshire,http://data.ordnancesurvey.co.uk/id/7000000000005942,http://data.ordnancesurvey.co.uk/ontology/admingeo/County,East Midlands,http://data.ordnancesurvey.co.uk/id/7000000000041423,England,http://data.ordnancesurvey.co.uk/id/country/england,osgb4000000015633611,,
7e7f7a8b-febc-4565-aedf-2b2beb3b240c,http://data.ordnancesurvey.co.uk/id/7e7f7a8b-febc-4565-aedf-2b2beb3b240c,Lindrick Drive,,,,transportNetwork,Section Of Named Road,482217,391223,1000,25000,482129,391161,482297,391241,DN21,http://data.ordnancesurvey.co.uk/id/postcodedistrict/DN21,Gainsborough,http://data.ordnancesurvey.co.uk/id/4000000074575425,http://www.ordnancesurvey.co.uk/xml/codelists/localtype.xml#town,West Lindsey,http://data.ordnancesurvey.co.uk/id/7000000000043527,http://data.ordnancesurvey.co.uk/ontology/admingeo/District,Lincolnshire,http://data.ordnancesurvey.co.uk/id/7000000000005942,http://data.ordnancesurvey.co.uk/ontology/admingeo/County,East Midlands,http://data.ordnancesurvey.co.uk/id/7000000000041423,England,http://data.ordnancesurvey.co.uk/id/country/england,osgb5000005125623897,,
e50b16dd-5e03-4880-a773-73c79130c34c,http://data.ordnancesurvey.co.uk/id/e50b16dd-5e03-4880-a773-73c79130c34c,Glentworth Road,,,,transportNetwork,Section Of Named Road,487637,385767,2000,25000,487456,385743,487819,385770,DN21,http://data.ordnancesurvey.co.uk/id/postcodedistrict/DN21,Kexby,http://data.ordnancesurvey.co.uk/id/4000000074577769,http://www.ordnancesurvey.co.uk/xml/codelists/localtype.xml#village,West Lindsey,http://data.ordnancesurvey.co.uk/id/7000000000043527,http://data.ordnancesurvey.co.uk/ontology/admingeo/District,Lincolnshire,http://data.ordnancesurvey.co.uk/id/7000000000005942,http://data.ordnancesurvey.co.uk/ontology/admingeo/County,East Midlands,http://data.ordnancesurvey.co.uk/id/7000000000041423,England,http://data.ordnancesurvey.co.uk/id/country/england,osgb4000000015627043,,
osgb5000005297834635,http://data.ordnancesurvey.co.uk/id/5000005297834635,Damson Close,,,,transportNetwork,Named Road,483246,386428,1000,20000,483216,386416,483251,386463,DN21,http://data.ordnancesurvey.co.uk/id/postcodedistrict/DN21,Lea,http://data.ordnancesurvey.co.uk/id/4000000074578253,http://www.ordnancesurvey.co.uk/xml/codelists/localtype.xml#village,West Lindsey,http://data.ordnancesurvey.co.uk/id/7000000000043527,http://data.ordnancesurvey.co.uk/ontology/admingeo/District,Lincolnshire,http://data.ordnancesurvey.co.uk/id/7000000000005942,http://data.ordnancesurvey.co.uk/ontology/admingeo/County,East Midlands,http://data.ordnancesurvey.co.uk/id/7000000000041423,England,http://data.ordnancesurvey.co.uk/id/country/england,,,
osgb4000000015658517,http://data.ordnancesurvey.co.uk/id/4000000015658517,Saxon Way,,,,transportNetwork,Named Road,494929,383306,1000,20000,494850,383217,495007,383398,LN1,http://data.ordnancesurvey.co.uk/id/postcodedistrict/LN1,Ingham,http://data.ordnancesurvey.co.uk/id/4000000074574875,http://www.ordnancesurvey.co.uk/xml/codelists/localtype.xml#village,West Lindsey,http://data.ordnancesurvey.co.uk/id/7000000000043527,http://data.ordnancesurvey.co.uk/ontology/admingeo/District,Lincolnshire,http://data.ordnancesurvey.co.uk/id/7000000000005942,http://data.ordnancesurvey.co.uk/ontology/admingeo/County,East Midlands,http://data.ordnancesurvey.co.uk/id/7000000000041423,England,http://data.ordnancesurvey.co.uk/id/country/england,,,
osgb4000000015885964,http://data.ordnancesurvey.co.uk/id/4000000015885964,Coupland Close,,,,transportNetwork,Named Road,482663,390258,1000,20000,482619,390254,482701,390303,DN21,http://data.ordnancesurvey.co.uk/id/postcodedistrict/DN21,Gainsborough,http://data.ordnancesurvey.co.uk/id/4000000074575425,http://www.ordnancesurvey.co.uk/xml/codelists/localtype.xml#town,West Lindsey,http://data.ordnancesurvey.co.uk/id/7000000000043527,http://data.ordnancesurvey.co.uk/ontology/admingeo/District,Lincolnshire,http://data.ordnancesurvey.co.uk/id/7000000000005942,http://data.ordnancesurvey.co.uk/ontology/admingeo/County,East Midlands,http://data.ordnancesurvey.co.uk/id/7000000000041423,England,http://data.ordnancesurvey.co.uk/id/country/england,,,
osgb4000000015673616,http://data.ordnancesurvey.co.uk/id/4000000015673616,Upton Walk,,,,transportNetwork,Named Road,482566,389433,1000,20000,482557,389381,482603,389441,DN21,http://data.ordnancesurvey.co.uk/id/postcodedistrict/DN21,Gainsborough,http://data.ordnancesurvey.co.uk/id/4000000074575425,http://www.ordnancesurvey.co.uk/xml/codelists/localtype.xml#town,West Lindsey,http://data.ordnancesurvey.co.uk/id/7000000000043527,http://data.ordnancesurvey.co.uk/ontology/admingeo/District,Lincolnshire,http://data.ordnancesurvey.co.uk/id/7000000000005942,http://data.ordnancesurvey.co.uk/ontology/admingeo/County,East Midlands,http://data.ordnancesurvey.co.uk/id/7000000000041423,England,http://data.ordnancesurvey.co.uk/id/country/england,,,
osgb5000005231826793,http://data.ordnancesurvey.co.uk/id/5000005231826793,Beck Lane,,,,transportNetwork,Named Road,492743,391117,2000,20000,492601,391117,492884,391128,DN21,http://data.ordnancesurvey.co.uk/id/postcodedistrict/DN21,,,,West Lindsey,http://data.ordnancesurvey.co.uk/id/7000000000043527,http://data.ordnancesurvey.co.uk/ontology/admingeo/District,Lincolnshire,http://data.ordnancesurvey.co.uk/id/7000000000005942,http://data.ordnancesurvey.co.uk/ontology/admingeo/County,East Midlands,http://data.ordnancesurvey.co.uk/id/7000000000041423,England,http://data.ordnancesurvey.co.uk/id/country/england,,,
osgb4000000015815560,http://data.ordnancesurvey.co.uk/id/4000000015815560,B1398,,,,transportNetwork,Numbered Road,494049,389453,226000,250000,493366,372635,497073,407445,DN21,http://data.ordnancesurvey.co.uk/id/postcodedistrict/DN21,,,,West Lindsey,http://data.ordnancesurvey.co.uk/id/7000000000043527,http://data.ordnancesurvey.co.uk/ontology/admingeo/District,Lincolnshire,http://data.ordnancesurvey.co.uk/id/7000000000005942,http://data.ordnancesurvey.co.uk/ontology/admingeo/County,East Midlands,http://data.ordnancesurvey.co.uk/id/7000000000041423,England,http://data.ordnancesurvey.co.uk/id/country/england,,,
osgb5000005302089849,http://data.ordnancesurvey.co.uk/id/5000005302089849,Town Hall Passage,,,,transportNetwork,Named Road,493764,398712,1000,20000,493759,398689,493768,398736,DN21,http://data.ordnancesurvey.co.uk/id/postcodedistrict/DN21,Kirton in Lindsey,http://data.ordnancesurvey.co.uk/id/4000000074574884,http://www.ordnancesurvey.co.uk/xml/codelists/localtype.xml#town,,,,North Lincolnshire,http://data.ordnancesurvey.co.uk/id/7000000000025623,http://data.ordnancesurvey.co.uk/ontology/admingeo/UnitaryAuthority,Yorkshire and the Humber,http://data.ordnancesurvey.co.uk/id/7000000000041430,England,http://data.ordnancesurvey.co.uk/id/country/england,,,
osgb4000000071069856,http://data.ordnancesurvey.co.uk/id/4000000071069856,Chapel Yard,,,,transportNetwork,Named Road,481595,389959,1000,20000,481592,389924,481606,389982,DN21,http://data.ordnancesurvey.co.uk/id/postcodedistrict/DN21,Gainsborough,http://data.ordnancesurvey.co.uk/id/4000000074575425,http://www.ordnancesurvey.co.uk/xml/codelists/localtype.xml#town,West Lindsey,http://data.ordnancesurvey.co.uk/id/7000000000043527,http://data.ordnancesurvey.co.uk/ontology/admingeo/District,Lincolnshire,http://data.ordnancesurvey.co.uk/id/7000000000005942,http://data.ordnancesurvey.co.uk/ontology/admingeo/County,East Midlands,http://data.ordnancesurvey.co.uk/id/7000000000041423,England,http://data.ordnancesurvey.co.uk/id/country/england,,,
osgb4000000015682071,http://data.ordnancesurvey.co.uk/id/4000000015682071,Hainton Close,,,,transportNetwork,Named Road,482295,389411,1000,20000,482280,389397,482340,389433,DN21,http://data.ordnancesurvey.co.uk/id/postcodedistrict/DN21,Gainsborough,http://data.ordnancesurvey.co.uk/id/4000000074575425,http://www.ordnancesurvey.co.uk/xml/codelists/localtype.xml#town,West Lindsey,http://data.ordnancesurvey.co.uk/id/7000000000043527,http://data.ordnancesurvey.co.uk/ontology/admingeo/District,Lincolnshire,http://data.ordnancesurvey.co.uk/id/7000000000005942,http://data.ordnancesurvey.co.uk/ontology/admingeo/County,East Midlands,http://data.ordnancesurvey.co.uk/id/7000000000041423,England,http://data.ordnancesurvey.co.uk/id/country/england,,,
8fdf7d6b-434f-4370-9292-8a491f9ee86f,http://data.ordnancesurvey.co.uk/id/8fdf7d6b-434f-4370-9292-8a491f9ee86f,Low Road,,,,transportNetwork,Section Of Named Road,493414,394469,2000,25000,493390,394300,493433,394553,DN21,http://data.ordnancesurvey.co.uk/id/postcodedistrict/DN21,Blyborough,http://data.ordnancesurvey.co.uk/id/4000000074574882,http://www.ordnancesurvey.co.uk/xml/codelists/localtype.xml#hamlet,West Lindsey,http://data.ordnancesurvey.co.uk/id/7000000000043527,http://data.ordnancesurvey.co.uk/ontology/admingeo/District,Lincolnshire,http://data.ordnancesurvey.co.uk/id/7000000000005942,http://data.ordnancesurvey.co.uk/ontology/admingeo/County,East Midlands,http://data.ordnancesurvey.co.uk/id/7000000000041423,England,http://data.ordnancesurvey.co.uk/id/country/england,osgb4000000015658534,,
osgb4000000015682104,http://data.ordnancesurvey.co.uk/id/4000000015682104,Orchard Close,,,,transportNetwork,Named Road,485117,394614,1000,20000,485096,394587,485131,394646,DN21,http://data.ordnancesurvey.co.uk/id/postcodedistrict/DN21,Blyton,http://data.ordnancesurvey.co.uk/id/4000000074575429,http://www.ordnancesurvey.co.uk/xml/codelists/localtype.xml#village,West Lindsey,http://data.ordnancesurvey.co.uk/id/7000000000043527,http://data.ordnancesurvey.co.uk/ontology/admingeo/District,Lincolnshire,http://data.ordnancesurvey.co.uk/id/7000000000005942,http://data.ordnancesurvey.co.uk/ontology/admingeo/County,East Midlands,http://data.ordnancesurvey.co.uk/id/7000000000041423,England,http://data.ordnancesurvey.co.uk/id/country/england,,,
osgb4000000015658519,http://data.ordnancesurvey.co.uk/id/4000000015658519,Grange Close,,,,transportNetwork,Named Road,494729,383682,1000,20000,494691,383629,494750,383727,LN1,http://data.ordnancesurvey.co.uk/id/postcodedistrict/LN1,Ingham,http://data.ordnancesurvey.co.uk/id/4000000074574875,http://www.ordnancesurvey.co.uk/xml/codelists/localtype.xml#village,West Lindsey,http://data.ordnancesurvey.co.uk/id/7000000000043527,http://data.ordnancesurvey.co.uk/ontology/admingeo/District,Lincolnshire,http://data.ordnancesurvey.co.uk/id/7000000000005942,http://data.ordnancesurvey.co.uk/ontology/admingeo/County,East Midlands,http://data.ordnancesurvey.co.uk/id/7000000000041423,England,http://data.ordnancesurvey.co.uk/id/country/england,,,
osgb4000000015657622,http://data.ordnancesurvey.co.uk/id/4000000015657622,Lewis Street,,,,transportNetwork,Named Road,481756,389506,1000,20000,481699,389500,481808,389513,DN21,http://data.ordnancesurvey.co.uk/id/postcodedistrict/DN21,Gainsborough,http://data.ordnancesurvey.co.uk/id/4000000074575425,http://www.ordnancesurvey.co.uk/xml/codelists/localtype.xml#town,West Lindsey,http://data.ordnancesurvey.co.uk/id/7000000000043527,http://data.ordnancesurvey.co.uk/ontology/admingeo/District,Lincolnshire,http://data.ordnancesurvey.co.uk/id/7000000000005942,http://data.ordnancesurvey.co.uk/ontology/admingeo/County,East Midlands,http://data.ordnancesurvey.co.uk/id/7000000000041423,England,http://data.ordnancesurvey.co.uk/id/country/england,,,
osgb4000000015674479,http://data.ordnancesurvey.co.uk/id/4000000015674479,Park Road,,,,transportNetwork,Named Road,487546,384168,1000,20000,487532,384164,487605,384192,DN21,http://data.ordnancesurvey.co.uk/id/postcodedistrict/DN21,Willingham by Stow,http://data.ordnancesurvey.co.uk/id/4000000074575139,http://www.ordnancesurvey.co.uk/xml/codelists/localtype.xml#village,West Lindsey,http://data.ordnancesurvey.co.uk/id/7000000000043527,http://data.ordnancesurvey.co.uk/ontology/admingeo/District,Lincolnshire,http://data.ordnancesurvey.co.uk/id/7000000000005942,http://data.ordnancesurvey.co.uk/ontology/admingeo/County,East Midlands,http://data.ordnancesurvey.co.uk/id/7000000000041423,England,http://data.ordnancesurvey.co.uk/id/country/england,,,
osgb4000000067707216,http://data.ordnancesurvey.co.uk/id/4000000067707216,Dunstall Walk,,,,transportNetwork,Named Road,482757,389454,1000,20000,482668,389367,482836,389569,DN21,http://data.ordnancesurvey.co.uk/id/postcodedistrict/DN21,Gainsborough,http://data.ordnancesurvey.co.uk/id/4000000074575425,http://www.ordnancesurvey.co.uk/xml/codelists/localtype.xml#town,West Lindsey,http://data.ordnancesurvey.co.uk/id/7000000000043527,http://data.ordnancesurvey.co.uk/ontology/admingeo/District,Lincolnshire,http://data.ordnancesurvey.co.uk/id/7000000000005942,http://data.ordnancesurvey.co.uk/ontology/admingeo/County,East Midlands,http://data.ordnancesurvey.co.uk/id/7000000000041423,England,http://data.ordnancesurvey.co.uk/id/country/england,,,
osgb4000000016021872,http://data.ordnancesurvey.co.uk/id/4000000016021872,Fusilier Way,,,,transportNetwork,Named Road,494124,398863,1000,20000,494104,398807,494134,398942,DN21,http://data.ordnancesurvey.co.uk/id/postcodedistrict/DN21,Kirton in Lindsey,http://data.ordnancesurvey.co.uk/id/4000000074574884,http://www.ordnancesurvey.co.uk/xml/codelists/localtype.xml#town,,,,North Lincolnshire,http://data.ordnancesurvey.co.uk/id/7000000000025623,http://data.ordnancesurvey.co.uk/ontology/admingeo/UnitaryAuthority,Yorkshire and the Humber,http://data.ordnancesurvey.co.uk/id/7000000000041430,England,http://data.ordnancesurvey.co.uk/id/country/england,,,
osgb4000000015634008,http://data.ordnancesurvey.co.uk/id/4000000015634008,High Street,,,,transportNetwork,Named Road,495000,385863,6000,20000,494524,385784,495499,385876,DN21,http://data.ordnancesurvey.co.uk/id/postcodedistrict/DN21,Fillingham,http://data.ordnancesurvey.co.uk/id/4000000074574877,http://www.ordnancesurvey.co.uk/xml/codelists/localtype.xml#village,West Lindsey,http://data.ordnancesurvey.co.uk/id/7000000000043527,http://data.ordnancesurvey.co.uk/ontology/admingeo/District,Lincolnshire,http://data.ordnancesurvey.co.uk/id/7000000000005942,http://data.ordnancesurvey.co.uk/ontology/admingeo/County,East Midlands,http://data.ordnancesurvey.co.uk/id/7000000000041423,England,http://data.ordnancesurvey.co.uk/id/country/england,,,
056c0ffd-8744-43aa-a68b-6a625c63f800,http://data.ordnancesurvey.co.uk/id/056c0ffd-8744-43aa-a68b-6a625c63f800,Stow Park Road,,,,transportNetwork,Section Of Named Road,484266,381941,4000,25000,483979,381847,484542,382020,DN21,http://data.ordnancesurvey.co.uk/id/postcodedistrict/DN21,Marton,http://data.ordnancesurvey.co.uk/id/4000000074577537,http://www.ordnancesurvey.co.uk/xml/codelists/localtype.xml#village,West Lindsey,http://data.ordnancesurvey.co.uk/id/7000000000043527,http://data.ordnancesurvey.co.uk/ontology/admingeo/District,Lincolnshire,http://data.ordnancesurvey.co.uk/id/7000000000005942,http://data.ordnancesurvey.co.uk/ontology/admingeo/County,East Midlands,http://data.ordnancesurvey.co.uk/id/7000000000041423,England,http://data.ordnancesurvey.co.uk/id/country/england,osgb4000000015629624,,
osgb4000000015657642,http://data.ordnancesurvey.co.uk/id/4000000015657642,Lincoln Street,,,,transportNetwork,Named Road,481252,390330,1000,20000,481252,390206,481280,390330,DN21,http://data.ordnancesurvey.co.uk/id/postcodedistrict/DN21,Gainsborough,http://data.ordnancesurvey.co.uk/id/4000000074575425,http://www.ordnancesurvey.co.uk/xml/codelists/localtype.xml#town,West Lindsey,http://data.ordnancesurvey.co.uk/id/7000000000043527,http://data.ordnancesurvey.co.uk/ontology/admingeo/District,Lincolnshire,http://data.ordnancesurvey.co.uk/id/7000000000005942,http://data.ordnancesurvey.co.uk/ontology/admingeo/County,East Midlands,http://data.ordnancesurvey.co.uk/id/7000000000041423,England,http://data.ordnancesurvey.co.uk/id/country/england,,,
253ffc56-d7ce-45f5-97de-98cabff94c61,http://data.ordnancesurvey.co.uk/id/253ffc56-d7ce-45f5-97de-98cabff94c61,Harpswell Hill,,,,transportNetwork,Section Of Named Road,493703,390045,2000,25000,493530,390010,493779,390091,DN21,http://data.ordnancesurvey.co.uk/id/postcodedistrict/DN21,,,,West Lindsey,http://data.ordnancesurvey.co.uk/id/7000000000043527,http://data.ordnancesurvey.co.uk/ontology/admingeo/District,Lincolnshire,http://data.ordnancesurvey.co.uk/id/7000000000005942,http://data.ordnancesurvey.co.uk/ontology/admingeo/County,East Midlands,http://data.ordnancesurvey.co.uk/id/7000000000041423,England,http://data.ordnancesurvey.co.uk/id/country/england,osgb4000000015642891,,
osgb4000000016015292,http://data.ordnancesurvey.co.uk/id/4000000016015292,Oaktree Avenue,,,,transportNetwork,Named Road,482565,390536,1000,20000,482548,390491,482566,390612,DN21,http://data.ordnancesurvey.co.uk/id/postcodedistrict/DN21,Gainsborough,http://data.ordnancesurvey.co.uk/id/4000000074575425,http://www.ordnancesurvey.co.uk/xml/codelists/localtype.xml#town,West Lindsey,http://data.ordnancesurvey.co.uk/id/7000000000043527,http://data.ordnancesurvey.co.uk/ontology/admingeo/District,Lincolnshire,http://data.ordnancesurvey.co.uk/id/7000000000005942,http://data.ordnancesurvey.co.uk/ontology/admingeo/County,East Midlands,http://data.ordnancesurvey.co.uk/id/7000000000041423,England,http://data.ordnancesurvey.co.uk/id/country/england,,,
3edca646-da1d-4a60-b281-3324482e364d,http://data.ordnancesurvey.co.uk/id/3edca646-da1d-4a60-b281-3324482e364d,A631,,,,transportNetwork,Section Of Numbered Road,483000,389481,15000,25000,481455,389076,483764,390432,DN21,http://data.ordnancesurvey.co.uk/id/postcodedistrict/DN21,Gainsborough,http://data.ordnancesurvey.co.uk/id/4000000074575425,http://www.ordnancesurvey.co.uk/xml/codelists/localtype.xml#town,West Lindsey,http://data.ordnancesurvey.co.uk/id/7000000000043527,http://data.ordnancesurvey.co.uk/ontology/admingeo/District,Lincolnshire,http://data.ordnancesurvey.co.uk/id/7000000000005942,http://data.ordnancesurvey.co.uk/ontology/admingeo/County,East Midlands,http://data.ordnancesurvey.co.uk/id/7000000000041423,England,http://data.ordnancesurvey.co.uk/id/country/england,osgb4000000015815559,,
osgb4000000015633824,http://data.ordnancesurvey.co.uk/id/4000000015633824,Dring Lane,,,,transportNetwork,Named Road,486361,396980,6000,20000,485984,396955,486836,397003,DN21,http://data.ordnancesurvey.co.uk/id/postcodedistrict/DN21,,,,West Lindsey,http://data.ordnancesurvey.co.uk/id/7000000000043527,http://data.ordnancesurvey.co.uk/ontology/admingeo/District,Lincolnshire,http://data.ordnancesurvey.co.uk/id/7000000000005942,http://data.ordnancesurvey.co.uk/ontology/admingeo/County,East Midlands,http://data.ordnancesurvey.co.uk/id/7000000000041423,England,http://data.ordnancesurvey.co.uk/id/country/england,,,
osgb5000005114760655,http://data.ordnancesurvey.co.uk/id/5000005114760655,The Paddock,,,,transportNetwork,Named Road,498260,396115,1000,20000,498248,396087,498260,396143,DN21,http://data.ordnancesurvey.co.uk/id/postcodedistrict/DN21,Waddingham,http://data.ordnancesurvey.co.uk/id/4000000074574880,http://www.ordnancesurvey.co.uk/xml/codelists/localtype.xml#village,West Lindsey,http://data.ordnancesurvey.co.uk/id/7000000000043527,http://data.ordnancesurvey.co.uk/ontology/admingeo/District,Lincolnshire,http://data.ordnancesurvey.co.uk/id/7000000000005942,http://data.ordnancesurvey.co.uk/ontology/admingeo/County,East Midlands,http://data.ordnancesurvey.co.uk/id/7000000000041423,England,http://data.ordnancesurvey.co.uk/id/country/england,,,
osgb4000000015673656,http://data.ordnancesurvey.co.uk/id/4000000015673656,Meadow Rise,,,,transportNetwork,Named Road,485735,395337,1000,20000,485713,395320,485786,395343,DN21,http://data.ordnancesurvey.co.uk/id/postcodedistrict/DN21,Blyton,http://data.ordnancesurvey.co.uk/id/4000000074575429,http://www.ordnancesurvey.co.uk/xml/codelists/localtype.xml#village,West Lindsey,http://data.ordnancesurvey.co.uk/id/7000000000043527,http://data.ordnancesurvey.co.uk/ontology/admingeo/District,Lincolnshire,http://data.ordnancesurvey.co.uk/id/7000000000005942,http://data.ordnancesurvey.co.uk/ontology/admingeo/County,East Midlands,http://data.ordnancesurvey.co.uk/id/7000000000041423,England,http://data.ordnancesurvey.co.uk/id/country/england,,,
osgb4000000015673620,http://data.ordnancesurvey.co.uk/id/4000000015673620,Fillingham Close,,,,transportNetwork,Named Road,483040,389146,1000,20000,483009,389115,483064,389188,DN21,http://data.ordnancesurvey.co.uk/id/postcodedistrict/DN21,Gainsborough,http://data.ordnancesurvey.co.uk/id/4000000074575425,http://www.ordnancesurvey.co.uk/xml/codelists/localtype.xml#town,West Lindsey,http://data.ordnancesurvey.co.uk/id/7000000000043527,http://data.ordnancesurvey.co.uk/ontology/admingeo/District,Lincolnshire,http://data.ordnancesurvey.co.uk/id/7000000000005942,http://data.ordnancesurvey.co.uk/ontology/admingeo/County,East Midlands,http://data.ordnancesurvey.co.uk/id/7000000000041423,England,http://data.ordnancesurvey.co.uk/id/country/england,,,
osgb4000000015627043,http://data.ordnancesurvey.co.uk/id/4000000015627043,Glentworth Road,,,,transportNetwork,Named Road,489026,386076,19000,20000,487456,385743,490393,386853,DN21,http://data.ordnancesurvey.co.uk/id/postcodedistrict/DN21,,,,West Lindsey,http://data.ordnancesurvey.co.uk/id/7000000000043527,http://data.ordnancesurvey.co.uk/ontology/admingeo/District,Lincolnshire,http://data.ordnancesurvey.co.uk/id/7000000000005942,http://data.ordnancesurvey.co.uk/ontology/admingeo/County,East Midlands,http://data.ordnancesurvey.co.uk/id/7000000000041423,England,http://data.ordnancesurvey.co.uk/id/country/england,,,
osgb4000000015629883,http://data.ordnancesurvey.co.uk/id/4000000015629883,Hemswell Lane,,,,transportNetwork,Named Road,492294,390783,7000,20000,491770,390595,492789,390923,DN21,http://data.ordnancesurvey.co.uk/id/postcodedistrict/DN21,,,,West Lindsey,http://data.ordnancesurvey.co.uk/id/7000000000043527,http://data.ordnancesurvey.co.uk/ontology/admingeo/District,Lincolnshire,http://data.ordnancesurvey.co.uk/id/7000000000005942,http://data.ordnancesurvey.co.uk/ontology/admingeo/County,East Midlands,http://data.ordnancesurvey.co.uk/id/7000000000041423,England,http://data.ordnancesurvey.co.uk/id/country/england,,,
osgb4000000015673636,http://data.ordnancesurvey.co.uk/id/4000000015673636,Dog and Duck Lane,,,,transportNetwork,Named Road,480860,391590,1000,20000,480851,391501,480860,391670,DN21,http://data.ordnancesurvey.co.uk/id/postcodedistrict/DN21,Gainsborough,http://data.ordnancesurvey.co.uk/id/4000000074575425,http://www.ordnancesurvey.co.uk/xml/codelists/localtype.xml#town,West Lindsey,http://data.ordnancesurvey.co.uk/id/7000000000043527,http://data.ordnancesurvey.co.uk/ontology/admingeo/District,Lincolnshire,http://data.ordnancesurvey.co.uk/id/7000000000005942,http://data.ordnancesurvey.co.uk/ontology/admingeo/County,East Midlands,http://data.ordnancesurvey.co.uk/id/7000000000041423,England,http://data.ordnancesurvey.co.uk/id/country/england,,,
osgb4000000016018658,http://data.ordnancesurvey.co.uk/id/4000000016018658,Floss Mill Lane,,,,transportNetwork,Named Road,480680,391464,1000,20000,480678,391426,480684,391507,DN21,http://data.ordnancesurvey.co.uk/id/postcodedistrict/DN21,Gainsborough,http://data.ordnancesurvey.co.uk/id/4000000074575425,http://www.ordnancesurvey.co.uk/xml/codelists/localtype.xml#town,West Lindsey,http://data.ordnancesurvey.co.uk/id/7000000000043527,http://data.ordnancesurvey.co.uk/ontology/admingeo/District,Lincolnshire,http://data.ordnancesurvey.co.uk/id/7000000000005942,http://data.ordnancesurvey.co.uk/ontology/admingeo/County,East Midlands,http://data.ordnancesurvey.co.uk/id/7000000000041423,England,http://data.ordnancesurvey.co.uk/id/country/england,,,
67f233ff-c762-4f50-802c-4c3c7b7b8ed3,http://data.ordnancesurvey.co.uk/id/67f233ff-c762-4f50-802c-4c3c7b7b8ed3,Green Lane,,,,transportNetwork,Section Of Named Road,499772,387440,1000,25000,499759,387378,499806,387469,LN8,http://data.ordnancesurvey.co.uk/id/postcodedistrict/LN8,Owmby-by-Spital,http://data.ordnancesurvey.co.uk/id/4000000074549917,http://www.ordnancesurvey.co.uk/xml/codelists/localtype.xml#village,West Lindsey,http://data.ordnancesurvey.co.uk/id/7000000000043527,http://data.ordnancesurvey.co.uk/ontology/admingeo/District,Lincolnshire,http://data.ordnancesurvey.co.uk/id/7000000000005942,http://data.ordnancesurvey.co.uk/ontology/admingeo/County,East Midlands,http://data.ordnancesurvey.co.uk/id/7000000000041423,England,http://data.ordnancesurvey.co.uk/id/country/england,osgb5000005234522145,,
osgb4000000015682081,http://data.ordnancesurvey.co.uk/id/4000000015682081,Church View,,,,transportNetwork,Named Road,483014,386691,1000,20000,482991,386677,483049,386694,DN21,http://data.ordnancesurvey.co.uk/id/postcodedistrict/DN21,Lea,http://data.ordnancesurvey.co.uk/id/4000000074578253,http://www.ordnancesurvey.co.uk/xml/codelists/localtype.xml#village,West Lindsey,http://data.ordnancesurvey.co.uk/id/7000000000043527,http://data.ordnancesurvey.co.uk/ontology/admingeo/District,Lincolnshire,http://data.ordnancesurvey.co.uk/id/7000000000005942,http://data.ordnancesurvey.co.uk/ontology/admingeo/County,East Midlands,http://data.ordnancesurvey.co.uk/id/7000000000041423,England,http://data.ordnancesurvey.co.uk/id/country/england,,,
osgb4000000016034601,http://data.ordnancesurvey.co.uk/id/4000000016034601,Belvoir Close,,,,transportNetwork,Named Road,480941,391527,1000,20000,480932,391499,480948,391532,DN21,http://data.ordnancesurvey.co.uk/id/postcodedistrict/DN21,Gainsborough,http://data.ordnancesurvey.co.uk/id/4000000074575425,http://www.ordnancesurvey.co.uk/xml/codelists/localtype.xml#town,West Lindsey,http://data.ordnancesurvey.co.uk/id/7000000000043527,http://data.ordnancesurvey.co.uk/ontology/admingeo/District,Lincolnshire,http://data.ordnancesurvey.co.uk/id/7000000000005942,http://data.ordnancesurvey.co.uk/ontology/admingeo/County,East Midlands,http://data.ordnancesurvey.co.uk/id/7000000000041423,England,http://data.ordnancesurvey.co.uk/id/country/england,,,
osgb4000000015633788,http://data.ordnancesurvey.co.uk/id/4000000015633788,Riseholme Road,,,,transportNetwork,Named Road,482869,389222,3000,20000,482580,388981,483110,389231,DN21,http://data.ordnancesurvey.co.uk/id/postcodedistrict/DN21,Gainsborough,http://data.ordnancesurvey.co.uk/id/4000000074575425,http://www.ordnancesurvey.co.uk/xml/codelists/localtype.xml#town,West Lindsey,http://data.ordnancesurvey.co.uk/id/7000000000043527,http://data.ordnancesurvey.co.uk/ontology/admingeo/District,Lincolnshire,http://data.ordnancesurvey.co.uk/id/7000000000005942,http://data.ordnancesurvey.co.uk/ontology/admingeo/County,East Midlands,http://data.ordnancesurvey.co.uk/id/7000000000041423,England,http://data.ordnancesurvey.co.uk/id/country/england,,,
osgb4000000015642902,http://data.ordnancesurvey.co.uk/id/4000000015642902,Glentham Road,,,,transportNetwork,Named Road,498455,392358,1000,20000,498411,392267,498512,392470,LN8,http://data.ordnancesurvey.co.uk/id/postcodedistrict/LN8,Bishop Norton,http://data.ordnancesurvey.co.uk/id/4000000074574339,http://www.ordnancesurvey.co.uk/xml/codelists/localtype.xml#village,West Lindsey,http://data.ordnancesurvey.co.uk/id/7000000000043527,http://data.ordnancesurvey.co.uk/ontology/admingeo/District,Lincolnshire,http://data.ordnancesurvey.co.uk/id/7000000000005942,http://data.ordnancesurvey.co.uk/ontology/admingeo/County,East Midlands,http://data.ordnancesurvey.co.uk/id/7000000000041423,England,http://data.ordnancesurvey.co.uk/id/country/england,,,
osgb4000000015642441,http://data.ordnancesurvey.co.uk/id/4000000015642441,Queensway,,,,transportNetwork,Named Road,482500,389835,1000,20000,482481,389737,482529,389928,DN21,http://data.ordnancesurvey.co.uk/id/postcodedistrict/DN21,Gainsborough,http://data.ordnancesurvey.co.uk/id/4000000074575425,http://www.ordnancesurvey.co.uk/xml/codelists/localtype.xml#town,West Lindsey,http://data.ordnancesurvey.co.uk/id/7000000000043527,http://data.ordnancesurvey.co.uk/ontology/admingeo/District,Lincolnshire,http://data.ordnancesurvey.co.uk/id/7000000000005942,http://data.ordnancesurvey.co.uk/ontology/admingeo/County,East Midlands,http://data.ordnancesurvey.co.uk/id/7000000000041423,England,http://data.ordnancesurvey.co.uk/id/country/england,,,
osgb4000000015642889,http://data.ordnancesurvey.co.uk/id/4000000015642889,Hanover Hill,,,,transportNetwork,Named Road,494945,387979,2000,20000,494787,387922,495071,388035,DN21,http://data.ordnancesurvey.co.uk/id/postcodedistrict/DN21,,,,West Lindsey,http://data.ordnancesurvey.co.uk/id/7000000000043527,http://data.ordnancesurvey.co.uk/ontology/admingeo/District,Lincolnshire,http://data.ordnancesurvey.co.uk/id/7000000000005942,http://data.ordnancesurvey.co.uk/ontology/admingeo/County,East Midlands,http://data.ordnancesurvey.co.uk/id/7000000000041423,England,http://data.ordnancesurvey.co.uk/id/country/england,,,
osgb5000005250080470,http://data.ordnancesurvey.co.uk/id/5000005250080470,Willoughton Drive,,,,transportNetwork,Named Road,483314,388820,1000,20000,483307,388773,483366,388882,DN21,http://data.ordnancesurvey.co.uk/id/postcodedistrict/DN21,Gainsborough,http://data.ordnancesurvey.co.uk/id/4000000074575425,http://www.ordnancesurvey.co.uk/xml/codelists/localtype.xml#town,West Lindsey,http://data.ordnancesurvey.co.uk/id/7000000000043527,http://data.ordnancesurvey.co.uk/ontology/admingeo/District,Lincolnshire,http://data.ordnancesurvey.co.uk/id/7000000000005942,http://data.ordnancesurvey.co.uk/ontology/admingeo/County,East Midlands,http://data.ordnancesurvey.co.uk/id/7000000000041423,England,http://data.ordnancesurvey.co.uk/id/country/england,,,
osgb4000000015642442,http://data.ordnancesurvey.co.uk/id/4000000015642442,Grange Road,,,,transportNetwork,Named Road,483336,390376,2000,20000,483203,390268,483476,390377,DN21,http://data.ordnancesurvey.co.uk/id/postcodedistrict/DN21,Gainsborough,http://data.ordnancesurvey.co.uk/id/4000000074575425,http://www.ordnancesurvey.co.uk/xml/codelists/localtype.xml#town,West Lindsey,http://data.ordnancesurvey.co.uk/id/7000000000043527,http://data.ordnancesurvey.co.uk/ontology/admingeo/District,Lincolnshire,http://data.ordnancesurvey.co.uk/id/7000000000005942,http://data.ordnancesurvey.co.uk/ontology/admingeo/County,East Midlands,http://data.ordnancesurvey.co.uk/id/7000000000041423,England,http://data.ordnancesurvey.co.uk/id/country/england,,,
osgb4000000015735441,http://data.ordnancesurvey.co.uk/id/4000000015735441,Albert Terrace,,,,transportNetwork,Named Road,481685,389719,1000,20000,481682,389719,481707,389727,DN21,http://data.ordnancesurvey.co.uk/id/postcodedistrict/DN21,Gainsborough,http://data.ordnancesurvey.co.uk/id/4000000074575425,http://www.ordnancesurvey.co.uk/xml/codelists/localtype.xml#town,West Lindsey,http://data.ordnancesurvey.co.uk/id/7000000000043527,http://data.ordnancesurvey.co.uk/ontology/admingeo/District,Lincolnshire,http://data.ordnancesurvey.co.uk/id/7000000000005942,http://data.ordnancesurvey.co.uk/ontology/admingeo/County,East Midlands,http://data.ordnancesurvey.co.uk/id/7000000000041423,England,http://data.ordnancesurvey.co.uk/id/country/england,,,
osgb4000000015896611,http://data.ordnancesurvey.co.uk/id/4000000015896611,Hillside,,,,transportNetwork,Named Road,483046,384747,1000,20000,483033,384716,483057,384778,DN21,http://data.ordnancesurvey.co.uk/id/postcodedistrict/DN21,Knaith,http://data.ordnancesurvey.co.uk/id/4000000074578004,http://www.ordnancesurvey.co.uk/xml/codelists/localtype.xml#hamlet,West Lindsey,http://data.ordnancesurvey.co.uk/id/7000000000043527,http://data.ordnancesurvey.co.uk/ontology/admingeo/District,Lincolnshire,http://data.ordnancesurvey.co.uk/id/7000000000005942,http://data.ordnancesurvey.co.uk/ontology/admingeo/County,East Midlands,http://data.ordnancesurvey.co.uk/id/7000000000041423,England,http://data.ordnancesurvey.co.uk/id/country/england,,,
osgb4000000015922658,http://data.ordnancesurvey.co.uk/id/4000000015922658,Betty's Lane,,,,transportNetwork,Named Road,482184,387806,1000,20000,482165,387763,482230,387826,DN21,http://data.ordnancesurvey.co.uk/id/postcodedistrict/DN21,Gainsborough,http://data.ordnancesurvey.co.uk/id/4000000074575425,http://www.ordnancesurvey.co.uk/xml/codelists/localtype.xml#town,West Lindsey,http://data.ordnancesurvey.co.uk/id/7000000000043527,http://data.ordnancesurvey.co.uk/ontology/admingeo/District,Lincolnshire,http://data.ordnancesurvey.co.uk/id/7000000000005942,http://data.ordnancesurvey.co.uk/ontology/admingeo/County,East Midlands,http://data.ordnancesurvey.co.uk/id/7000000000041423,England,http://data.ordnancesurvey.co.uk/id/country/england,,,
osgb4000000015870881,http://data.ordnancesurvey.co.uk/id/4000000015870881,Meadow View,,,,transportNetwork,Named Road,487505,384142,1000,20000,487489,384121,487532,384164,DN21,http://data.ordnancesurvey.co.uk/id/postcodedistrict/DN21,Willingham by Stow,http://data.ordnancesurvey.co.uk/id/4000000074575139,http://www.ordnancesurvey.co.uk/xml/codelists/localtype.xml#village,West Lindsey,http://data.ordnancesurvey.co.uk/id/7000000000043527,http://data.ordnancesurvey.co.uk/ontology/admingeo/District,Lincolnshire,http://data.ordnancesurvey.co.uk/id/7000000000005942,http://data.ordnancesurvey.co.uk/ontology/admingeo/County,East Midlands,http://data.ordnancesurvey.co.uk/id/7000000000041423,England,http://data.ordnancesurvey.co.uk/id/country/england,,,
osgb4000000015657705,http://data.ordnancesurvey.co.uk/id/4000000015657705,Woods Terrace,,,,transportNetwork,Named Road,481115,391000,1000,20000,481108,390901,481123,391084,DN21,http://data.ordnancesurvey.co.uk/id/postcodedistrict/DN21,Gainsborough,http://data.ordnancesurvey.co.uk/id/4000000074575425,http://www.ordnancesurvey.co.uk/xml/codelists/localtype.xml#town,West Lindsey,http://data.ordnancesurvey.co.uk/id/7000000000043527,http://data.ordnancesurvey.co.uk/ontology/admingeo/District,Lincolnshire,http://data.ordnancesurvey.co.uk/id/7000000000005942,http://data.ordnancesurvey.co.uk/ontology/admingeo/County,East Midlands,http://data.ordnancesurvey.co.uk/id/7000000000041423,England,http://data.ordnancesurvey.co.uk/id/country/england,,,
osgb4000000015657639,http://data.ordnancesurvey.co.uk/id/4000000015657639,Caskgate Street,,,,transportNetwork,Named Road,481356,389813,1000,20000,481299,389744,481407,389889,DN21,http://data.ordnancesurvey.co.uk/id/postcodedistrict/DN21,Gainsborough,http://data.ordnancesurvey.co.uk/id/4000000074575425,http://www.ordnancesurvey.co.uk/xml/codelists/localtype.xml#town,West Lindsey,http://data.ordnancesurvey.co.uk/id/7000000000043527,http://data.ordnancesurvey.co.uk/ontology/admingeo/District,Lincolnshire,http://data.ordnancesurvey.co.uk/id/7000000000005942,http://data.ordnancesurvey.co.uk/ontology/admingeo/County,East Midlands,http://data.ordnancesurvey.co.uk/id/7000000000041423,England,http://data.ordnancesurvey.co.uk/id/country/england,,,
osgb4000000015629875,http://data.ordnancesurvey.co.uk/id/4000000015629875,Stow Park Road,,,,transportNetwork,Named Road,487453,381583,10000,20000,486715,381129,488254,381936,LN1,http://data.ordnancesurvey.co.uk/id/postcodedistrict/LN1,,,,West Lindsey,http://data.ordnancesurvey.co.uk/id/7000000000043527,http://data.ordnancesurvey.co.uk/ontology/admingeo/District,Lincolnshire,http://data.ordnancesurvey.co.uk/id/7000000000005942,http://data.ordnancesurvey.co.uk/ontology/admingeo/County,East Midlands,http://data.ordnancesurvey.co.uk/id/7000000000041423,England,http://data.ordnancesurvey.co.uk/id/country/england,,,
8f11b11a-499e-4f17-82a7-4a26278732ff,http://data.ordnancesurvey.co.uk/id/8f11b11a-499e-4f17-82a7-4a26278732ff,Gainsborough Road,,,,transportNetwork,Section Of Named Road,483822,382412,1000,25000,483816,382395,483825,382439,DN21,http://data.ordnancesurvey.co.uk/id/postcodedistrict/DN21,Marton,http://data.ordnancesurvey.co.uk/id/4000000074577537,http://www.ordnancesurvey.co.uk/xml/codelists/localtype.xml#village,West Lindsey,http://data.ordnancesurvey.co.uk/id/7000000000043527,http://data.ordnancesurvey.co.uk/ontology/admingeo/District,Lincolnshire,http://data.ordnancesurvey.co.uk/id/7000000000005942,http://data.ordnancesurvey.co.uk/ontology/admingeo/County,East Midlands,http://data.ordnancesurvey.co.uk/id/7000000000041423,England,http://data.ordnancesurvey.co.uk/id/country/england,osgb4000000015633607,,
osgb4000000015658547,http://data.ordnancesurvey.co.uk/id/4000000015658547,Wray Street,,,,transportNetwork,Named Road,493573,398527,1000,20000,493568,398473,493583,398562,DN21,http://data.ordnancesurvey.co.uk/id/postcodedistrict/DN21,Kirton in Lindsey,http://data.ordnancesurvey.co.uk/id/4000000074574884,http://www.ordnancesurvey.co.uk/xml/codelists/localtype.xml#town,,,,North Lincolnshire,http://data.ordnancesurvey.co.uk/id/7000000000025623,http://data.ordnancesurvey.co.uk/ontology/admingeo/UnitaryAuthority,Yorkshire and the Humber,http://data.ordnancesurvey.co.uk/id/7000000000041430,England,http://data.ordnancesurvey.co.uk/id/country/england,,,
osgb4000000015629739,http://data.ordnancesurvey.co.uk/id/4000000015629739,Willingham Road,,,,transportNetwork,Named Road,483628,386261,9000,20000,482846,385731,484174,386654,DN21,http://data.ordnancesurvey.co.uk/id/postcodedistrict/DN21,Lea,http://data.ordnancesurvey.co.uk/id/4000000074578253,http://www.ordnancesurvey.co.uk/xml/codelists/localtype.xml#village,West Lindsey,http://data.ordnancesurvey.co.uk/id/7000000000043527,http://data.ordnancesurvey.co.uk/ontology/admingeo/District,Lincolnshire,http://data.ordnancesurvey.co.uk/id/7000000000005942,http://data.ordnancesurvey.co.uk/ontology/admingeo/County,East Midlands,http://data.ordnancesurvey.co.uk/id/7000000000041423,England,http://data.ordnancesurvey.co.uk/id/country/england,,,
osgb4000000015674508,http://data.ordnancesurvey.co.uk/id/4000000015674508,Whitewell Close,,,,transportNetwork,Named Road,493303,398846,1000,20000,493286,398834,493332,398855,DN21,http://data.ordnancesurvey.co.uk/id/postcodedistrict/DN21,Kirton in Lindsey,http://data.ordnancesurvey.co.uk/id/4000000074574884,http://www.ordnancesurvey.co.uk/xml/codelists/localtype.xml#town,,,,North Lincolnshire,http://data.ordnancesurvey.co.uk/id/7000000000025623,http://data.ordnancesurvey.co.uk/ontology/admingeo/UnitaryAuthority,Yorkshire and the Humber,http://data.ordnancesurvey.co.uk/id/7000000000041430,England,http://data.ordnancesurvey.co.uk/id/country/england,,,
osgb4000000015642897,http://data.ordnancesurvey.co.uk/id/4000000015642897,Spital Lane,,,,transportNetwork,Named Road,496600,389885,2000,20000,496291,389625,496658,389934,LN8,http://data.ordnancesurvey.co.uk/id/postcodedistrict/LN8,,,,West Lindsey,http://data.ordnancesurvey.co.uk/id/7000000000043527,http://data.ordnancesurvey.co.uk/ontology/admingeo/District,Lincolnshire,http://data.ordnancesurvey.co.uk/id/7000000000005942,http://data.ordnancesurvey.co.uk/ontology/admingeo/County,East Midlands,http://data.ordnancesurvey.co.uk/id/7000000000041423,England,http://data.ordnancesurvey.co.uk/id/country/england,,,
osgb4000000015880013,http://data.ordnancesurvey.co.uk/id/4000000015880013,Church Lane,,,,transportNetwork,Named Road,493895,396141,5000,20000,493469,396052,494313,396209,DN21,http://data.ordnancesurvey.co.uk/id/postcodedistrict/DN21,Grayingham,http://data.ordnancesurvey.co.uk/id/4000000074574883,http://www.ordnancesurvey.co.uk/xml/codelists/localtype.xml#village,West Lindsey,http://data.ordnancesurvey.co.uk/id/7000000000043527,http://data.ordnancesurvey.co.uk/ontology/admingeo/District,Lincolnshire,http://data.ordnancesurvey.co.uk/id/7000000000005942,http://data.ordnancesurvey.co.uk/ontology/admingeo/County,East Midlands,http://data.ordnancesurvey.co.uk/id/7000000000041423,England,http://data.ordnancesurvey.co.uk/id/country/england,,,
osgb4000000015657621,http://data.ordnancesurvey.co.uk/id/4000000015657621,Queen Street,,,,transportNetwork,Named Road,481781,389260,1000,20000,481705,389245,481856,389276,DN21,http://data.ordnancesurvey.co.uk/id/postcodedistrict/DN21,Gainsborough,http://data.ordnancesurvey.co.uk/id/4000000074575425,http://www.ordnancesurvey.co.uk/xml/codelists/localtype.xml#town,West Lindsey,http://data.ordnancesurvey.co.uk/id/7000000000043527,http://data.ordnancesurvey.co.uk/ontology/admingeo/District,Lincolnshire,http://data.ordnancesurvey.co.uk/id/7000000000005942,http://data.ordnancesurvey.co.uk/ontology/admingeo/County,East Midlands,http://data.ordnancesurvey.co.uk/id/7000000000041423,England,http://data.ordnancesurvey.co.uk/id/country/england,,,
osgb4000000015629623,http://data.ordnancesurvey.co.uk/id/4000000015629623,Littleborough Lane,,,,transportNetwork,Named Road,483316,382246,9000,20000,482644,382033,483976,382472,DN21,http://data.ordnancesurvey.co.uk/id/postcodedistrict/DN21,,,,West Lindsey,http://data.ordnancesurvey.co.uk/id/7000000000043527,http://data.ordnancesurvey.co.uk/ontology/admingeo/District,Lincolnshire,http://data.ordnancesurvey.co.uk/id/7000000000005942,http://data.ordnancesurvey.co.uk/ontology/admingeo/County,East Midlands,http://data.ordnancesurvey.co.uk/id/7000000000041423,England,http://data.ordnancesurvey.co.uk/id/country/england,,,
osgb4000000015709549,http://data.ordnancesurvey.co.uk/id/4000000015709549,Carr Lane,,,,transportNetwork,Named Road,481470,388532,3000,20000,481248,388345,481628,388788,DN21,http://data.ordnancesurvey.co.uk/id/postcodedistrict/DN21,Gainsborough,http://data.ordnancesurvey.co.uk/id/4000000074575425,http://www.ordnancesurvey.co.uk/xml/codelists/localtype.xml#town,West Lindsey,http://data.ordnancesurvey.co.uk/id/7000000000043527,http://data.ordnancesurvey.co.uk/ontology/admingeo/District,Lincolnshire,http://data.ordnancesurvey.co.uk/id/7000000000005942,http://data.ordnancesurvey.co.uk/ontology/admingeo/County,East Midlands,http://data.ordnancesurvey.co.uk/id/7000000000041423,England,http://data.ordnancesurvey.co.uk/id/country/england,,,
osgb4000000015657609,http://data.ordnancesurvey.co.uk/id/4000000015657609,Stanley Street,,,,transportNetwork,Named Road,481863,388996,1000,20000,481863,388807,481888,388996,DN21,http://data.ordnancesurvey.co.uk/id/postcodedistrict/DN21,Gainsborough,http://data.ordnancesurvey.co.uk/id/4000000074575425,http://www.ordnancesurvey.co.uk/xml/codelists/localtype.xml#town,West Lindsey,http://data.ordnancesurvey.co.uk/id/7000000000043527,http://data.ordnancesurvey.co.uk/ontology/admingeo/District,Lincolnshire,http://data.ordnancesurvey.co.uk/id/7000000000005942,http://data.ordnancesurvey.co.uk/ontology/admingeo/County,East Midlands,http://data.ordnancesurvey.co.uk/id/7000000000041423,England,http://data.ordnancesurvey.co.uk/id/country/england,,,
osgb5000005341133999,http://data.ordnancesurvey.co.uk/id/5000005341133999,Motte and Bailey Drive,,,,transportNetwork,Named Road,483046,390843,1000,20000,482987,390797,483063,390889,DN21,http://data.ordnancesurvey.co.uk/id/postcodedistrict/DN21,Gainsborough,http://data.ordnancesurvey.co.uk/id/4000000074575425,http://www.ordnancesurvey.co.uk/xml/codelists/localtype.xml#town,West Lindsey,http://data.ordnancesurvey.co.uk/id/7000000000043527,http://data.ordnancesurvey.co.uk/ontology/admingeo/District,Lincolnshire,http://data.ordnancesurvey.co.uk/id/7000000000005942,http://data.ordnancesurvey.co.uk/ontology/admingeo/County,East Midlands,http://data.ordnancesurvey.co.uk/id/7000000000041423,England,http://data.ordnancesurvey.co.uk/id/country/england,,,
osgb4000000015642419,http://data.ordnancesurvey.co.uk/id/4000000015642419,Heaton Street,,,,transportNetwork,Named Road,481594,389665,2000,20000,481498,389564,481707,389804,DN21,http://data.ordnancesurvey.co.uk/id/postcodedistrict/DN21,Gainsborough,http://data.ordnancesurvey.co.uk/id/4000000074575425,http://www.ordnancesurvey.co.uk/xml/codelists/localtype.xml#town,West Lindsey,http://data.ordnancesurvey.co.uk/id/7000000000043527,http://data.ordnancesurvey.co.uk/ontology/admingeo/District,Lincolnshire,http://data.ordnancesurvey.co.uk/id/7000000000005942,http://data.ordnancesurvey.co.uk/ontology/admingeo/County,East Midlands,http://data.ordnancesurvey.co.uk/id/7000000000041423,England,http://data.ordnancesurvey.co.uk/id/country/england,,,
osgb4000000015642421,http://data.ordnancesurvey.co.uk/id/4000000015642421,Gladstone Street,,,,transportNetwork,Named Road,481351,390053,2000,20000,481201,390034,481506,390054,DN21,http://data.ordnancesurvey.co.uk/id/postcodedistrict/DN21,Gainsborough,http://data.ordnancesurvey.co.uk/id/4000000074575425,http://www.ordnancesurvey.co.uk/xml/codelists/localtype.xml#town,West Lindsey,http://data.ordnancesurvey.co.uk/id/7000000000043527,http://data.ordnancesurvey.co.uk/ontology/admingeo/District,Lincolnshire,http://data.ordnancesurvey.co.uk/id/7000000000005942,http://data.ordnancesurvey.co.uk/ontology/admingeo/County,East Midlands,http://data.ordnancesurvey.co.uk/id/7000000000041423,England,http://data.ordnancesurvey.co.uk/id/country/england,,,
osgb4000000015642417,http://data.ordnancesurvey.co.uk/id/4000000015642417,North Warren Road,,,,transportNetwork,Named Road,480778,390836,3000,20000,480569,390776,480992,390880,DN21,http://data.ordnancesurvey.co.uk/id/postcodedistrict/DN21,Gainsborough,http://data.ordnancesurvey.co.uk/id/4000000074575425,http://www.ordnancesurvey.co.uk/xml/codelists/localtype.xml#town,West Lindsey,http://data.ordnancesurvey.co.uk/id/7000000000043527,http://data.ordnancesurvey.co.uk/ontology/admingeo/District,Lincolnshire,http://data.ordnancesurvey.co.uk/id/7000000000005942,http://data.ordnancesurvey.co.uk/ontology/admingeo/County,East Midlands,http://data.ordnancesurvey.co.uk/id/7000000000041423,England,http://data.ordnancesurvey.co.uk/id/country/england,,,
ed6a6145-965b-4657-8173-efab14848179,http://data.ordnancesurvey.co.uk/id/ed6a6145-965b-4657-8173-efab14848179,A156,,,,transportNetwork,Section Of Numbered Road,482027,388374,10000,25000,481534,387536,482360,389124,DN21,http://data.ordnancesurvey.co.uk/id/postcodedistrict/DN21,Gainsborough,http://data.ordnancesurvey.co.uk/id/4000000074575425,http://www.ordnancesurvey.co.uk/xml/codelists/localtype.xml#town,West Lindsey,http://data.ordnancesurvey.co.uk/id/7000000000043527,http://data.ordnancesurvey.co.uk/ontology/admingeo/District,Lincolnshire,http://data.ordnancesurvey.co.uk/id/7000000000005942,http://data.ordnancesurvey.co.uk/ontology/admingeo/County,East Midlands,http://data.ordnancesurvey.co.uk/id/7000000000041423,England,http://data.ordnancesurvey.co.uk/id/country/england,osgb4000000015815598,,
osgb4000000015682469,http://data.ordnancesurvey.co.uk/id/4000000015682469,Medway,,,,transportNetwork,Named Road,489347,380486,1000,20000,489307,380439,489358,380497,LN1,http://data.ordnancesurvey.co.uk/id/postcodedistrict/LN1,Sturton by Stow,http://data.ordnancesurvey.co.uk/id/4000000074574600,http://www.ordnancesurvey.co.uk/xml/codelists/localtype.xml#village,West Lindsey,http://data.ordnancesurvey.co.uk/id/7000000000043527,http://data.ordnancesurvey.co.uk/ontology/admingeo/District,Lincolnshire,http://data.ordnancesurvey.co.uk/id/7000000000005942,http://data.ordnancesurvey.co.uk/ontology/admingeo/County,East Midlands,http://data.ordnancesurvey.co.uk/id/7000000000041423,England,http://data.ordnancesurvey.co.uk/id/country/england,,,
osgb4000000067708055,http://data.ordnancesurvey.co.uk/id/4000000067708055,Station Hill,,,,transportNetwork,Named Road,481733,389742,1000,20000,481708,389726,481852,389753,DN21,http://data.ordnancesurvey.co.uk/id/postcodedistrict/DN21,Gainsborough,http://data.ordnancesurvey.co.uk/id/4000000074575425,http://www.ordnancesurvey.co.uk/xml/codelists/localtype.xml#town,West Lindsey,http://data.ordnancesurvey.co.uk/id/7000000000043527,http://data.ordnancesurvey.co.uk/ontology/admingeo/District,Lincolnshire,http://data.ordnancesurvey.co.uk/id/7000000000005942,http://data.ordnancesurvey.co.uk/ontology/admingeo/County,East Midlands,http://data.ordnancesurvey.co.uk/id/7000000000041423,England,http://data.ordnancesurvey.co.uk/id/country/england,,,
osgb5000005284282863,http://data.ordnancesurvey.co.uk/id/5000005284282863,Canwick Way,,,,transportNetwork,Named Road,482354,391026,1000,20000,482318,390965,482397,391115,DN21,http://data.ordnancesurvey.co.uk/id/postcodedistrict/DN21,Gainsborough,http://data.ordnancesurvey.co.uk/id/4000000074575425,http://www.ordnancesurvey.co.uk/xml/codelists/localtype.xml#town,West Lindsey,http://data.ordnancesurvey.co.uk/id/7000000000043527,http://data.ordnancesurvey.co.uk/ontology/admingeo/District,Lincolnshire,http://data.ordnancesurvey.co.uk/id/7000000000005942,http://data.ordnancesurvey.co.uk/ontology/admingeo/County,East Midlands,http://data.ordnancesurvey.co.uk/id/7000000000041423,England,http://data.ordnancesurvey.co.uk/id/country/england,,,
osgb4000000015788874,http://data.ordnancesurvey.co.uk/id/4000000015788874,Manor Lane,,,,transportNetwork,Named Road,493426,396274,1000,20000,493371,396265,493472,396274,DN21,http://data.ordnancesurvey.co.uk/id/postcodedistrict/DN21,Grayingham,http://data.ordnancesurvey.co.uk/id/4000000074574883,http://www.ordnancesurvey.co.uk/xml/codelists/localtype.xml#village,West Lindsey,http://data.ordnancesurvey.co.uk/id/7000000000043527,http://data.ordnancesurvey.co.uk/ontology/admingeo/District,Lincolnshire,http://data.ordnancesurvey.co.uk/id/7000000000005942,http://data.ordnancesurvey.co.uk/ontology/admingeo/County,East Midlands,http://data.ordnancesurvey.co.uk/id/7000000000041423,England,http://data.ordnancesurvey.co.uk/id/country/england,,,
osgb5000005231826601,http://data.ordnancesurvey.co.uk/id/5000005231826601,Todd Lane,,,,transportNetwork,Named Road,485567,393586,4000,20000,485412,393273,485627,393933,DN21,http://data.ordnancesurvey.co.uk/id/postcodedistrict/DN21,,,,West Lindsey,http://data.ordnancesurvey.co.uk/id/7000000000043527,http://data.ordnancesurvey.co.uk/ontology/admingeo/District,Lincolnshire,http://data.ordnancesurvey.co.uk/id/7000000000005942,http://data.ordnancesurvey.co.uk/ontology/admingeo/County,East Midlands,http://data.ordnancesurvey.co.uk/id/7000000000041423,England,http://data.ordnancesurvey.co.uk/id/country/england,,,
osgb5000005110548828,http://data.ordnancesurvey.co.uk/id/5000005110548828,New Ings Lane,,,,transportNetwork,Named Road,481167,384962,3000,20000,481127,384721,481206,385190,DN21,http://data.ordnancesurvey.co.uk/id/postcodedistrict/DN21,,,,Bassetlaw,http://data.ordnancesurvey.co.uk/id/7000000000008122,http://data.ordnancesurvey.co.uk/ontology/admingeo/District,Nottinghamshire,http://data.ordnancesurvey.co.uk/id/7000000000008127,http://data.ordnancesurvey.co.uk/ontology/admingeo/County,East Midlands,http://data.ordnancesurvey.co.uk/id/7000000000041423,England,http://data.ordnancesurvey.co.uk/id/country/england,,,
osgb4000000015673614,http://data.ordnancesurvey.co.uk/id/4000000015673614,Sturgate Walk,,,,transportNetwork,Named Road,482502,389400,1000,20000,482502,389327,482552,389400,DN21,http://data.ordnancesurvey.co.uk/id/postcodedistrict/DN21,Gainsborough,http://data.ordnancesurvey.co.uk/id/4000000074575425,http://www.ordnancesurvey.co.uk/xml/codelists/localtype.xml#town,West Lindsey,http://data.ordnancesurvey.co.uk/id/7000000000043527,http://data.ordnancesurvey.co.uk/ontology/admingeo/District,Lincolnshire,http://data.ordnancesurvey.co.uk/id/7000000000005942,http://data.ordnancesurvey.co.uk/ontology/admingeo/County,East Midlands,http://data.ordnancesurvey.co.uk/id/7000000000041423,England,http://data.ordnancesurvey.co.uk/id/country/england,,,
osgb4000000015673591,http://data.ordnancesurvey.co.uk/id/4000000015673591,Rosefields,,,,transportNetwork,Named Road,482377,390434,1000,20000,482341,390392,482383,390494,DN21,http://data.ordnancesurvey.co.uk/id/postcodedistrict/DN21,Gainsborough,http://data.ordnancesurvey.co.uk/id/4000000074575425,http://www.ordnancesurvey.co.uk/xml/codelists/localtype.xml#town,West Lindsey,http://data.ordnancesurvey.co.uk/id/7000000000043527,http://data.ordnancesurvey.co.uk/ontology/admingeo/District,Lincolnshire,http://data.ordnancesurvey.co.uk/id/7000000000005942,http://data.ordnancesurvey.co.uk/ontology/admingeo/County,East Midlands,http://data.ordnancesurvey.co.uk/id/7000000000041423,England,http://data.ordnancesurvey.co.uk/id/country/england,,,
osgb4000000015682472,http://data.ordnancesurvey.co.uk/id/4000000015682472,Hayes Yard,,,,transportNetwork,Named Road,494763,383445,1000,20000,494758,383436,494766,383466,LN1,http://data.ordnancesurvey.co.uk/id/postcodedistrict/LN1,Ingham,http://data.ordnancesurvey.co.uk/id/4000000074574875,http://www.ordnancesurvey.co.uk/xml/codelists/localtype.xml#village,West Lindsey,http://data.ordnancesurvey.co.uk/id/7000000000043527,http://data.ordnancesurvey.co.uk/ontology/admingeo/District,Lincolnshire,http://data.ordnancesurvey.co.uk/id/7000000000005942,http://data.ordnancesurvey.co.uk/ontology/admingeo/County,East Midlands,http://data.ordnancesurvey.co.uk/id/7000000000041423,England,http://data.ordnancesurvey.co.uk/id/country/england,,,
osgb5000005332602694,http://data.ordnancesurvey.co.uk/id/5000005332602694,Grange Paddock,,,,transportNetwork,Named Road,494710,383667,1000,20000,494694,383652,494730,383678,LN1,http://data.ordnancesurvey.co.uk/id/postcodedistrict/LN1,Ingham,http://data.ordnancesurvey.co.uk/id/4000000074574875,http://www.ordnancesurvey.co.uk/xml/codelists/localtype.xml#village,West Lindsey,http://data.ordnancesurvey.co.uk/id/7000000000043527,http://data.ordnancesurvey.co.uk/ontology/admingeo/District,Lincolnshire,http://data.ordnancesurvey.co.uk/id/7000000000005942,http://data.ordnancesurvey.co.uk/ontology/admingeo/County,East Midlands,http://data.ordnancesurvey.co.uk/id/7000000000041423,England,http://data.ordnancesurvey.co.uk/id/country/england,,,
osgb4000000015642904,http://data.ordnancesurvey.co.uk/id/4000000015642904,High Street,,,,transportNetwork,Named Road,488911,398878,2000,20000,488735,398807,488997,398999,DN21,http://data.ordnancesurvey.co.uk/id/postcodedistrict/DN21,Scotton,http://data.ordnancesurvey.co.uk/id/4000000074575140,http://www.ordnancesurvey.co.uk/xml/codelists/localtype.xml#village,West Lindsey,http://data.ordnancesurvey.co.uk/id/7000000000043527,http://data.ordnancesurvey.co.uk/ontology/admingeo/District,Lincolnshire,http://data.ordnancesurvey.co.uk/id/7000000000005942,http://data.ordnancesurvey.co.uk/ontology/admingeo/County,East Midlands,http://data.ordnancesurvey.co.uk/id/7000000000041423,England,http://data.ordnancesurvey.co.uk/id/country/england,,,
osgb4000000015673559,http://data.ordnancesurvey.co.uk/id/4000000015673559,Portland Terrace,,,,transportNetwork,Named Road,481659,389255,1000,20000,481601,389246,481707,389261,DN21,http://data.ordnancesurvey.co.uk/id/postcodedistrict/DN21,Gainsborough,http://data.ordnancesurvey.co.uk/id/4000000074575425,http://www.ordnancesurvey.co.uk/xml/codelists/localtype.xml#town,West Lindsey,http://data.ordnancesurvey.co.uk/id/7000000000043527,http://data.ordnancesurvey.co.uk/ontology/admingeo/District,Lincolnshire,http://data.ordnancesurvey.co.uk/id/7000000000005942,http://data.ordnancesurvey.co.uk/ontology/admingeo/County,East Midlands,http://data.ordnancesurvey.co.uk/id/7000000000041423,England,http://data.ordnancesurvey.co.uk/id/country/england,,,
osgb4000000015642431,http://data.ordnancesurvey.co.uk/id/4000000015642431,Upton Road,,,,transportNetwork,Named Road,484622,385942,4000,20000,484337,385661,484907,386234,DN21,http://data.ordnancesurvey.co.uk/id/postcodedistrict/DN21,,,,West Lindsey,http://data.ordnancesurvey.co.uk/id/7000000000043527,http://data.ordnancesurvey.co.uk/ontology/admingeo/District,Lincolnshire,http://data.ordnancesurvey.co.uk/id/7000000000005942,http://data.ordnancesurvey.co.uk/ontology/admingeo/County,East Midlands,http://data.ordnancesurvey.co.uk/id/7000000000041423,England,http://data.ordnancesurvey.co.uk/id/country/england,,,
osgb4000000015658554,http://data.ordnancesurvey.co.uk/id/4000000015658554,Richdale Avenue,,,,transportNetwork,Named Road,493181,399000,2000,20000,493156,398852,493294,399151,DN21,http://data.ordnancesurvey.co.uk/id/postcodedistrict/DN21,Kirton in Lindsey,http://data.ordnancesurvey.co.uk/id/4000000074574884,http://www.ordnancesurvey.co.uk/xml/codelists/localtype.xml#town,,,,North Lincolnshire,http://data.ordnancesurvey.co.uk/id/7000000000025623,http://data.ordnancesurvey.co.uk/ontology/admingeo/UnitaryAuthority,Yorkshire and the Humber,http://data.ordnancesurvey.co.uk/id/7000000000041430,England,http://data.ordnancesurvey.co.uk/id/country/england,,,
osgb4000000015672937,http://data.ordnancesurvey.co.uk/id/4000000015672937,Hillside,,,,transportNetwork,Named Road,484037,381896,1000,20000,483994,381892,484082,381897,DN21,http://data.ordnancesurvey.co.uk/id/postcodedistrict/DN21,Marton,http://data.ordnancesurvey.co.uk/id/4000000074577537,http://www.ordnancesurvey.co.uk/xml/codelists/localtype.xml#village,West Lindsey,http://data.ordnancesurvey.co.uk/id/7000000000043527,http://data.ordnancesurvey.co.uk/ontology/admingeo/District,Lincolnshire,http://data.ordnancesurvey.co.uk/id/7000000000005942,http://data.ordnancesurvey.co.uk/ontology/admingeo/County,East Midlands,http://data.ordnancesurvey.co.uk/id/7000000000041423,England,http://data.ordnancesurvey.co.uk/id/country/england,,,
df88f07f-96b2-41f2-965f-0f5eaed3df54,http://data.ordnancesurvey.co.uk/id/df88f07f-96b2-41f2-965f-0f5eaed3df54,Bratt Field Middle Road,,,,transportNetwork,Section Of Named Road,487985,389337,1000,25000,487913,389322,488071,389355,DN21,http://data.ordnancesurvey.co.uk/id/postcodedistrict/DN21,Sturgate,http://data.ordnancesurvey.co.uk/id/4000000074574602,http://www.ordnancesurvey.co.uk/xml/codelists/localtype.xml#hamlet,West Lindsey,http://data.ordnancesurvey.co.uk/id/7000000000043527,http://data.ordnancesurvey.co.uk/ontology/admingeo/District,Lincolnshire,http://data.ordnancesurvey.co.uk/id/7000000000005942,http://data.ordnancesurvey.co.uk/ontology/admingeo/County,East Midlands,http://data.ordnancesurvey.co.uk/id/7000000000041423,England,http://data.ordnancesurvey.co.uk/id/country/england,osgb5000005231826695,,
d7674aa9-55ee-4927-b064-024e9fefa619,http://data.ordnancesurvey.co.uk/id/d7674aa9-55ee-4927-b064-024e9fefa619,Monson Road,,,,transportNetwork,Section Of Named Road,489507,397020,3000,25000,489487,396808,489662,397221,DN21,http://data.ordnancesurvey.co.uk/id/postcodedistrict/DN21,Northorpe,http://data.ordnancesurvey.co.uk/id/4000000074574885,http://www.ordnancesurvey.co.uk/xml/codelists/localtype.xml#village,West Lindsey,http://data.ordnancesurvey.co.uk/id/7000000000043527,http://data.ordnancesurvey.co.uk/ontology/admingeo/District,Lincolnshire,http://data.ordnancesurvey.co.uk/id/7000000000005942,http://data.ordnancesurvey.co.uk/ontology/admingeo/County,East Midlands,http://data.ordnancesurvey.co.uk/id/7000000000041423,England,http://data.ordnancesurvey.co.uk/id/country/england,osgb4000000015634014,,
osgb4000000015673638,http://data.ordnancesurvey.co.uk/id/4000000015673638,Woodland Avenue,,,,transportNetwork,Named Road,480967,391390,1000,20000,480907,391384,480993,391393,DN21,http://data.ordnancesurvey.co.uk/id/postcodedistrict/DN21,Gainsborough,http://data.ordnancesurvey.co.uk/id/4000000074575425,http://www.ordnancesurvey.co.uk/xml/codelists/localtype.xml#town,West Lindsey,http://data.ordnancesurvey.co.uk/id/7000000000043527,http://data.ordnancesurvey.co.uk/ontology/admingeo/District,Lincolnshire,http://data.ordnancesurvey.co.uk/id/7000000000005942,http://data.ordnancesurvey.co.uk/ontology/admingeo/County,East Midlands,http://data.ordnancesurvey.co.uk/id/7000000000041423,England,http://data.ordnancesurvey.co.uk/id/country/england,,,
osgb4000000015837445,http://data.ordnancesurvey.co.uk/id/4000000015837445,The Rowans,,,,transportNetwork,Named Road,482589,390358,1000,20000,482562,390355,482607,390368,DN21,http://data.ordnancesurvey.co.uk/id/postcodedistrict/DN21,Gainsborough,http://data.ordnancesurvey.co.uk/id/4000000074575425,http://www.ordnancesurvey.co.uk/xml/codelists/localtype.xml#town,West Lindsey,http://data.ordnancesurvey.co.uk/id/7000000000043527,http://data.ordnancesurvey.co.uk/ontology/admingeo/District,Lincolnshire,http://data.ordnancesurvey.co.uk/id/7000000000005942,http://data.ordnancesurvey.co.uk/ontology/admingeo/County,East Midlands,http://data.ordnancesurvey.co.uk/id/7000000000041423,England,http://data.ordnancesurvey.co.uk/id/country/england,,,
osgb5000005231867178,http://data.ordnancesurvey.co.uk/id/5000005231867178,Humble Carr Lane,,,,transportNetwork,Named Road,481638,388304,4000,20000,481541,387963,481751,388629,DN21,http://data.ordnancesurvey.co.uk/id/postcodedistrict/DN21,Gainsborough,http://data.ordnancesurvey.co.uk/id/4000000074575425,http://www.ordnancesurvey.co.uk/xml/codelists/localtype.xml#town,West Lindsey,http://data.ordnancesurvey.co.uk/id/7000000000043527,http://data.ordnancesurvey.co.uk/ontology/admingeo/District,Lincolnshire,http://data.ordnancesurvey.co.uk/id/7000000000005942,http://data.ordnancesurvey.co.uk/ontology/admingeo/County,East Midlands,http://data.ordnancesurvey.co.uk/id/7000000000041423,England,http://data.ordnancesurvey.co.uk/id/country/england,,,
osgb4000000015674503,http://data.ordnancesurvey.co.uk/id/4000000015674503,South-Dale Close,,,,transportNetwork,Named Road,493095,398987,1000,20000,493085,398972,493130,399031,DN21,http://data.ordnancesurvey.co.uk/id/postcodedistrict/DN21,Kirton in Lindsey,http://data.ordnancesurvey.co.uk/id/4000000074574884,http://www.ordnancesurvey.co.uk/xml/codelists/localtype.xml#town,,,,North Lincolnshire,http://data.ordnancesurvey.co.uk/id/7000000000025623,http://data.ordnancesurvey.co.uk/ontology/admingeo/UnitaryAuthority,Yorkshire and the Humber,http://data.ordnancesurvey.co.uk/id/7000000000041430,England,http://data.ordnancesurvey.co.uk/id/country/england,,,
osgb4000000015673596,http://data.ordnancesurvey.co.uk/id/4000000015673596,Dunbar Close,,,,transportNetwork,Named Road,482176,390749,1000,20000,482175,390721,482185,390780,DN21,http://data.ordnancesurvey.co.uk/id/postcodedistrict/DN21,Gainsborough,http://data.ordnancesurvey.co.uk/id/4000000074575425,http://www.ordnancesurvey.co.uk/xml/codelists/localtype.xml#town,West Lindsey,http://data.ordnancesurvey.co.uk/id/7000000000043527,http://data.ordnancesurvey.co.uk/ontology/admingeo/District,Lincolnshire,http://data.ordnancesurvey.co.uk/id/7000000000005942,http://data.ordnancesurvey.co.uk/ontology/admingeo/County,East Midlands,http://data.ordnancesurvey.co.uk/id/7000000000041423,England,http://data.ordnancesurvey.co.uk/id/country/england,,,
osgb5000005231826885,http://data.ordnancesurvey.co.uk/id/5000005231826885,Hungry Spot,,,,transportNetwork,Named Road,490411,385753,7000,20000,490376,385254,490485,386258,DN21,http://data.ordnancesurvey.co.uk/id/postcodedistrict/DN21,,,,West Lindsey,http://data.ordnancesurvey.co.uk/id/7000000000043527,http://data.ordnancesurvey.co.uk/ontology/admingeo/District,Lincolnshire,http://data.ordnancesurvey.co.uk/id/7000000000005942,http://data.ordnancesurvey.co.uk/ontology/admingeo/County,East Midlands,http://data.ordnancesurvey.co.uk/id/7000000000041423,England,http://data.ordnancesurvey.co.uk/id/country/england,,,
osgb5000005250080472,http://data.ordnancesurvey.co.uk/id/5000005250080472,Lindsey Close,,,,transportNetwork,Named Road,482846,388904,1000,20000,482793,388896,482898,388909,DN21,http://data.ordnancesurvey.co.uk/id/postcodedistrict/DN21,Gainsborough,http://data.ordnancesurvey.co.uk/id/4000000074575425,http://www.ordnancesurvey.co.uk/xml/codelists/localtype.xml#town,West Lindsey,http://data.ordnancesurvey.co.uk/id/7000000000043527,http://data.ordnancesurvey.co.uk/ontology/admingeo/District,Lincolnshire,http://data.ordnancesurvey.co.uk/id/7000000000005942,http://data.ordnancesurvey.co.uk/ontology/admingeo/County,East Midlands,http://data.ordnancesurvey.co.uk/id/7000000000041423,England,http://data.ordnancesurvey.co.uk/id/country/england,,,
c2f90982-4682-4ad5-81ae-cb2ed598072e,http://data.ordnancesurvey.co.uk/id/c2f90982-4682-4ad5-81ae-cb2ed598072e,Whites Wood Lane,,,,transportNetwork,Section Of Named Road,482790,389936,6000,25000,482305,389877,483275,389968,DN21,http://data.ordnancesurvey.co.uk/id/postcodedistrict/DN21,Gainsborough,http://data.ordnancesurvey.co.uk/id/4000000074575425,http://www.ordnancesurvey.co.uk/xml/codelists/localtype.xml#town,West Lindsey,http://data.ordnancesurvey.co.uk/id/7000000000043527,http://data.ordnancesurvey.co.uk/ontology/admingeo/District,Lincolnshire,http://data.ordnancesurvey.co.uk/id/7000000000005942,http://data.ordnancesurvey.co.uk/ontology/admingeo/County,East Midlands,http://data.ordnancesurvey.co.uk/id/7000000000041423,England,http://data.ordnancesurvey.co.uk/id/country/england,osgb4000000015633789,,
osgb4000000015682480,http://data.ordnancesurvey.co.uk/id/4000000015682480,Halton Close,,,,transportNetwork,Named Road,494706,397923,1000,20000,494666,397909,494711,397944,DN21,http://data.ordnancesurvey.co.uk/id/postcodedistrict/DN21,Kirton in Lindsey,http://data.ordnancesurvey.co.uk/id/4000000074574884,http://www.ordnancesurvey.co.uk/xml/codelists/localtype.xml#town,,,,North Lincolnshire,http://data.ordnancesurvey.co.uk/id/7000000000025623,http://data.ordnancesurvey.co.uk/ontology/admingeo/UnitaryAuthority,Yorkshire and the Humber,http://data.ordnancesurvey.co.uk/id/7000000000041430,England,http://data.ordnancesurvey.co.uk/id/country/england,,,
osgb4000000015895984,http://data.ordnancesurvey.co.uk/id/4000000015895984,Juniper Way,,,,transportNetwork,Named Road,481777,390415,2000,20000,481714,390279,481834,390561,DN21,http://data.ordnancesurvey.co.uk/id/postcodedistrict/DN21,Gainsborough,http://data.ordnancesurvey.co.uk/id/4000000074575425,http://www.ordnancesurvey.co.uk/xml/codelists/localtype.xml#town,West Lindsey,http://data.ordnancesurvey.co.uk/id/7000000000043527,http://data.ordnancesurvey.co.uk/ontology/admingeo/District,Lincolnshire,http://data.ordnancesurvey.co.uk/id/7000000000005942,http://data.ordnancesurvey.co.uk/ontology/admingeo/County,East Midlands,http://data.ordnancesurvey.co.uk/id/7000000000041423,England,http://data.ordnancesurvey.co.uk/id/country/england,,,
osgb5000005251030203,http://data.ordnancesurvey.co.uk/id/5000005251030203,Beck Lane,,,,transportNetwork,Named Road,499533,382473,1000,20000,499488,382437,499611,382534,LN2,http://data.ordnancesurvey.co.uk/id/postcodedistrict/LN2,Hackthorn,http://data.ordnancesurvey.co.uk/id/4000000074574879,http://www.ordnancesurvey.co.uk/xml/codelists/localtype.xml#village,West Lindsey,http://data.ordnancesurvey.co.uk/id/7000000000043527,http://data.ordnancesurvey.co.uk/ontology/admingeo/District,Lincolnshire,http://data.ordnancesurvey.co.uk/id/7000000000005942,http://data.ordnancesurvey.co.uk/ontology/admingeo/County,East Midlands,http://data.ordnancesurvey.co.uk/id/7000000000041423,England,http://data.ordnancesurvey.co.uk/id/country/england,,,
4f12f195-2d98-4d2b-a354-7c5add91ccc4,http://data.ordnancesurvey.co.uk/id/4f12f195-2d98-4d2b-a354-7c5add91ccc4,Cliff Road,,,,transportNetwork,Section Of Named Road,498138,394495,4000,25000,497773,394422,498449,394615,DN21,http://data.ordnancesurvey.co.uk/id/postcodedistrict/DN21,Snitterby,http://data.ordnancesurvey.co.uk/id/4000000074574606,http://www.ordnancesurvey.co.uk/xml/codelists/localtype.xml#village,West Lindsey,http://data.ordnancesurvey.co.uk/id/7000000000043527,http://data.ordnancesurvey.co.uk/ontology/admingeo/District,Lincolnshire,http://data.ordnancesurvey.co.uk/id/7000000000005942,http://data.ordnancesurvey.co.uk/ontology/admingeo/County,East Midlands,http://data.ordnancesurvey.co.uk/id/7000000000041423,England,http://data.ordnancesurvey.co.uk/id/country/england,osgb4000000015629888,,
osgb4000000015627696,http://data.ordnancesurvey.co.uk/id/4000000015627696,Westbeck Lane,,,,transportNetwork,Named Road,492083,394285,20000,25000,490266,393659,494073,394341,DN21,http://data.ordnancesurvey.co.uk/id/postcodedistrict/DN21,,,,West Lindsey,http://data.ordnancesurvey.co.uk/id/7000000000043527,http://data.ordnancesurvey.co.uk/ontology/admingeo/District,Lincolnshire,http://data.ordnancesurvey.co.uk/id/7000000000005942,http://data.ordnancesurvey.co.uk/ontology/admingeo/County,East Midlands,http://data.ordnancesurvey.co.uk/id/7000000000041423,England,http://data.ordnancesurvey.co.uk/id/country/england,,,
osgb4000000015674501,http://data.ordnancesurvey.co.uk/id/4000000015674501,Park Hill,,,,transportNetwork,Named Road,493863,398297,1000,20000,493805,398226,493905,398324,DN21,http://data.ordnancesurvey.co.uk/id/postcodedistrict/DN21,Kirton in Lindsey,http://data.ordnancesurvey.co.uk/id/4000000074574884,http://www.ordnancesurvey.co.uk/xml/codelists/localtype.xml#town,,,,North Lincolnshire,http://data.ordnancesurvey.co.uk/id/7000000000025623,http://data.ordnancesurvey.co.uk/ontology/admingeo/UnitaryAuthority,Yorkshire and the Humber,http://data.ordnancesurvey.co.uk/id/7000000000041430,England,http://data.ordnancesurvey.co.uk/id/country/england,,,
osgb4000000015633576,http://data.ordnancesurvey.co.uk/id/4000000015633576,Broad Lane,,,,transportNetwork,Named Road,480713,380785,16000,20000,479487,380751,481952,381053,DN22,http://data.ordnancesurvey.co.uk/id/postcodedistrict/DN22,,,,Bassetlaw,http://data.ordnancesurvey.co.uk/id/7000000000008122,http://data.ordnancesurvey.co.uk/ontology/admingeo/District,Nottinghamshire,http://data.ordnancesurvey.co.uk/id/7000000000008127,http://data.ordnancesurvey.co.uk/ontology/admingeo/County,East Midlands,http://data.ordnancesurvey.co.uk/id/7000000000041423,England,http://data.ordnancesurvey.co.uk/id/country/england,,,
osgb5000005293761113,http://data.ordnancesurvey.co.uk/id/5000005293761113,Thomas Cooper Drive,,,,transportNetwork,Named Road,482419,388367,2000,20000,482338,388189,482467,388546,DN21,http://data.ordnancesurvey.co.uk/id/postcodedistrict/DN21,Gainsborough,http://data.ordnancesurvey.co.uk/id/4000000074575425,http://www.ordnancesurvey.co.uk/xml/codelists/localtype.xml#town,West Lindsey,http://data.ordnancesurvey.co.uk/id/7000000000043527,http://data.ordnancesurvey.co.uk/ontology/admingeo/District,Lincolnshire,http://data.ordnancesurvey.co.uk/id/7000000000005942,http://data.ordnancesurvey.co.uk/ontology/admingeo/County,East Midlands,http://data.ordnancesurvey.co.uk/id/7000000000041423,England,http://data.ordnancesurvey.co.uk/id/country/england,,,
osgb4000000015627687,http://data.ordnancesurvey.co.uk/id/4000000015627687,Willingham Road,,,,transportNetwork,Named Road,492662,385224,20000,27000,490485,385210,494682,385799,DN21,http://data.ordnancesurvey.co.uk/id/postcodedistrict/DN21,,,,West Lindsey,http://data.ordnancesurvey.co.uk/id/7000000000043527,http://data.ordnancesurvey.co.uk/ontology/admingeo/District,Lincolnshire,http://data.ordnancesurvey.co.uk/id/7000000000005942,http://data.ordnancesurvey.co.uk/ontology/admingeo/County,East Midlands,http://data.ordnancesurvey.co.uk/id/7000000000041423,England,http://data.ordnancesurvey.co.uk/id/country/england,,,
osgb4000000015682101,http://data.ordnancesurvey.co.uk/id/4000000015682101,Anastasia Close,,,,transportNetwork,Named Road,481202,391336,1000,20000,481165,391335,481213,391351,DN21,http://data.ordnancesurvey.co.uk/id/postcodedistrict/DN21,Gainsborough,http://data.ordnancesurvey.co.uk/id/4000000074575425,http://www.ordnancesurvey.co.uk/xml/codelists/localtype.xml#town,West Lindsey,http://data.ordnancesurvey.co.uk/id/7000000000043527,http://data.ordnancesurvey.co.uk/ontology/admingeo/District,Lincolnshire,http://data.ordnancesurvey.co.uk/id/7000000000005942,http://data.ordnancesurvey.co.uk/ontology/admingeo/County,East Midlands,http://data.ordnancesurvey.co.uk/id/7000000000041423,England,http://data.ordnancesurvey.co.uk/id/country/england,,,
c8c2aa84-3e74-4d0b-ac4a-3ecb93ca87e0,http://data.ordnancesurvey.co.uk/id/c8c2aa84-3e74-4d0b-ac4a-3ecb93ca87e0,Sturton Road,,,,transportNetwork,Section Of Named Road,488464,381411,1000,25000,488438,381384,488493,381453,LN1,http://data.ordnancesurvey.co.uk/id/postcodedistrict/LN1,Sturton by Stow,http://data.ordnancesurvey.co.uk/id/4000000074574600,http://www.ordnancesurvey.co.uk/xml/codelists/localtype.xml#village,West Lindsey,http://data.ordnancesurvey.co.uk/id/7000000000043527,http://data.ordnancesurvey.co.uk/ontology/admingeo/District,Lincolnshire,http://data.ordnancesurvey.co.uk/id/7000000000005942,http://data.ordnancesurvey.co.uk/ontology/admingeo/County,East Midlands,http://data.ordnancesurvey.co.uk/id/7000000000041423,England,http://data.ordnancesurvey.co.uk/id/country/england,osgb4000000015634000,,
osgb4000000015657618,http://data.ordnancesurvey.co.uk/id/4000000015657618,Hickman Street,,,,transportNetwork,Named Road,481526,389641,1000,20000,481461,389623,481594,389665,DN21,http://data.ordnancesurvey.co.uk/id/postcodedistrict/DN21,Gainsborough,http://data.ordnancesurvey.co.uk/id/4000000074575425,http://www.ordnancesurvey.co.uk/xml/codelists/localtype.xml#town,West Lindsey,http://data.ordnancesurvey.co.uk/id/7000000000043527,http://data.ordnancesurvey.co.uk/ontology/admingeo/District,Lincolnshire,http://data.ordnancesurvey.co.uk/id/7000000000005942,http://data.ordnancesurvey.co.uk/ontology/admingeo/County,East Midlands,http://data.ordnancesurvey.co.uk/id/7000000000041423,England,http://data.ordnancesurvey.co.uk/id/country/england,,,
osgb4000000015898276,http://data.ordnancesurvey.co.uk/id/4000000015898276,Hawksland Close,,,,transportNetwork,Named Road,486790,387035,1000,20000,486765,386961,486826,387119,DN21,http://data.ordnancesurvey.co.uk/id/postcodedistrict/DN21,Upton,http://data.ordnancesurvey.co.uk/id/4000000074578003,http://www.ordnancesurvey.co.uk/xml/codelists/localtype.xml#village,West Lindsey,http://data.ordnancesurvey.co.uk/id/7000000000043527,http://data.ordnancesurvey.co.uk/ontology/admingeo/District,Lincolnshire,http://data.ordnancesurvey.co.uk/id/7000000000005942,http://data.ordnancesurvey.co.uk/ontology/admingeo/County,East Midlands,http://data.ordnancesurvey.co.uk/id/7000000000041423,England,http://data.ordnancesurvey.co.uk/id/country/england,,,
osgb4000000015682070,http://data.ordnancesurvey.co.uk/id/4000000015682070,Dickenson Terrace,,,,transportNetwork,Named Road,481840,389212,1000,20000,481828,389194,481844,389270,DN21,http://data.ordnancesurvey.co.uk/id/postcodedistrict/DN21,Gainsborough,http://data.ordnancesurvey.co.uk/id/4000000074575425,http://www.ordnancesurvey.co.uk/xml/codelists/localtype.xml#town,West Lindsey,http://data.ordnancesurvey.co.uk/id/7000000000043527,http://data.ordnancesurvey.co.uk/ontology/admingeo/District,Lincolnshire,http://data.ordnancesurvey.co.uk/id/7000000000005942,http://data.ordnancesurvey.co.uk/ontology/admingeo/County,East Midlands,http://data.ordnancesurvey.co.uk/id/7000000000041423,England,http://data.ordnancesurvey.co.uk/id/country/england,,,
osgb4000000015673653,http://data.ordnancesurvey.co.uk/id/4000000015673653,Haven Close,,,,transportNetwork,Named Road,485125,394524,1000,20000,485106,394487,485147,394576,DN21,http://data.ordnancesurvey.co.uk/id/postcodedistrict/DN21,Blyton,http://data.ordnancesurvey.co.uk/id/4000000074575429,http://www.ordnancesurvey.co.uk/xml/codelists/localtype.xml#village,West Lindsey,http://data.ordnancesurvey.co.uk/id/7000000000043527,http://data.ordnancesurvey.co.uk/ontology/admingeo/District,Lincolnshire,http://data.ordnancesurvey.co.uk/id/7000000000005942,http://data.ordnancesurvey.co.uk/ontology/admingeo/County,East Midlands,http://data.ordnancesurvey.co.uk/id/7000000000041423,England,http://data.ordnancesurvey.co.uk/id/country/england,,,
osgb4000000010925373,http://data.ordnancesurvey.co.uk/id/4000000010925373,East Ferry Road,,,,transportNetwork,Named Road,483866,399927,20000,26000,483390,397622,484661,401622,DN21,http://data.ordnancesurvey.co.uk/id/postcodedistrict/DN21,,,,West Lindsey,http://data.ordnancesurvey.co.uk/id/7000000000043527,http://data.ordnancesurvey.co.uk/ontology/admingeo/District,Lincolnshire,http://data.ordnancesurvey.co.uk/id/7000000000005942,http://data.ordnancesurvey.co.uk/ontology/admingeo/County,East Midlands,http://data.ordnancesurvey.co.uk/id/7000000000041423,England,http://data.ordnancesurvey.co.uk/id/country/england,,,
osgb4000000015642429,http://data.ordnancesurvey.co.uk/id/4000000015642429,Summer Hill,,,,transportNetwork,Named Road,482083,390284,3000,20000,482071,390084,482094,390475,DN21,http://data.ordnancesurvey.co.uk/id/postcodedistrict/DN21,Gainsborough,http://data.ordnancesurvey.co.uk/id/4000000074575425,http://www.ordnancesurvey.co.uk/xml/codelists/localtype.xml#town,West Lindsey,http://data.ordnancesurvey.co.uk/id/7000000000043527,http://data.ordnancesurvey.co.uk/ontology/admingeo/District,Lincolnshire,http://data.ordnancesurvey.co.uk/id/7000000000005942,http://data.ordnancesurvey.co.uk/ontology/admingeo/County,East Midlands,http://data.ordnancesurvey.co.uk/id/7000000000041423,England,http://data.ordnancesurvey.co.uk/id/country/england,,,
osgb4000000015674493,http://data.ordnancesurvey.co.uk/id/4000000015674493,Greenhill Drive,,,,transportNetwork,Named Road,498526,392660,1000,20000,498505,392628,498566,392683,LN8,http://data.ordnancesurvey.co.uk/id/postcodedistrict/LN8,Bishop Norton,http://data.ordnancesurvey.co.uk/id/4000000074574339,http://www.ordnancesurvey.co.uk/xml/codelists/localtype.xml#village,West Lindsey,http://data.ordnancesurvey.co.uk/id/7000000000043527,http://data.ordnancesurvey.co.uk/ontology/admingeo/District,Lincolnshire,http://data.ordnancesurvey.co.uk/id/7000000000005942,http://data.ordnancesurvey.co.uk/ontology/admingeo/County,East Midlands,http://data.ordnancesurvey.co.uk/id/7000000000041423,England,http://data.ordnancesurvey.co.uk/id/country/england,,,
osgb4000000015629627,http://data.ordnancesurvey.co.uk/id/4000000015629627,Marton Road,,,,transportNetwork,Named Road,487242,383804,10000,20000,486252,382998,487323,384497,DN21,http://data.ordnancesurvey.co.uk/id/postcodedistrict/DN21,,,,West Lindsey,http://data.ordnancesurvey.co.uk/id/7000000000043527,http://data.ordnancesurvey.co.uk/ontology/admingeo/District,Lincolnshire,http://data.ordnancesurvey.co.uk/id/7000000000005942,http://data.ordnancesurvey.co.uk/ontology/admingeo/County,East Midlands,http://data.ordnancesurvey.co.uk/id/7000000000041423,England,http://data.ordnancesurvey.co.uk/id/country/england,,,
osgb4000000015673646,http://data.ordnancesurvey.co.uk/id/4000000015673646,Rachel Close,,,,transportNetwork,Named Road,481219,391176,1000,20000,481211,391146,481232,391218,DN21,http://data.ordnancesurvey.co.uk/id/postcodedistrict/DN21,Gainsborough,http://data.ordnancesurvey.co.uk/id/4000000074575425,http://www.ordnancesurvey.co.uk/xml/codelists/localtype.xml#town,West Lindsey,http://data.ordnancesurvey.co.uk/id/7000000000043527,http://data.ordnancesurvey.co.uk/ontology/admingeo/District,Lincolnshire,http://data.ordnancesurvey.co.uk/id/7000000000005942,http://data.ordnancesurvey.co.uk/ontology/admingeo/County,East Midlands,http://data.ordnancesurvey.co.uk/id/7000000000041423,England,http://data.ordnancesurvey.co.uk/id/country/england,,,
d9939cf9-f054-4b4a-8da8-06f1e6bbc5d6,http://data.ordnancesurvey.co.uk/id/d9939cf9-f054-4b4a-8da8-06f1e6bbc5d6,Humble Carr Lane,,,,transportNetwork,Section Of Named Road,481593,388427,2000,25000,481541,388266,481650,388629,DN21,http://data.ordnancesurvey.co.uk/id/postcodedistrict/DN21,Gainsborough,http://data.ordnancesurvey.co.uk/id/4000000074575425,http://www.ordnancesurvey.co.uk/xml/codelists/localtype.xml#town,West Lindsey,http://data.ordnancesurvey.co.uk/id/7000000000043527,http://data.ordnancesurvey.co.uk/ontology/admingeo/District,Lincolnshire,http://data.ordnancesurvey.co.uk/id/7000000000005942,http://data.ordnancesurvey.co.uk/ontology/admingeo/County,East Midlands,http://data.ordnancesurvey.co.uk/id/7000000000041423,England,http://data.ordnancesurvey.co.uk/id/country/england,osgb5000005231867178,,
osgb5000005336859729,http://data.ordnancesurvey.co.uk/id/5000005336859729,Roumare Drive,,,,transportNetwork,Named Road,483114,390776,1000,20000,483080,390698,483171,390834,DN21,http://data.ordnancesurvey.co.uk/id/postcodedistrict/DN21,Gainsborough,http://data.ordnancesurvey.co.uk/id/4000000074575425,http://www.ordnancesurvey.co.uk/xml/codelists/localtype.xml#town,West Lindsey,http://data.ordnancesurvey.co.uk/id/7000000000043527,http://data.ordnancesurvey.co.uk/ontology/admingeo/District,Lincolnshire,http://data.ordnancesurvey.co.uk/id/7000000000005942,http://data.ordnancesurvey.co.uk/ontology/admingeo/County,East Midlands,http://data.ordnancesurvey.co.uk/id/7000000000041423,England,http://data.ordnancesurvey.co.uk/id/country/england,,,
osgb4000000015657720,http://data.ordnancesurvey.co.uk/id/4000000015657720,Church Lane,,,,transportNetwork,Named Road,485344,394746,1000,20000,485279,394667,485421,394884,DN21,http://data.ordnancesurvey.co.uk/id/postcodedistrict/DN21,Blyton,http://data.ordnancesurvey.co.uk/id/4000000074575429,http://www.ordnancesurvey.co.uk/xml/codelists/localtype.xml#village,West Lindsey,http://data.ordnancesurvey.co.uk/id/7000000000043527,http://data.ordnancesurvey.co.uk/ontology/admingeo/District,Lincolnshire,http://data.ordnancesurvey.co.uk/id/7000000000005942,http://data.ordnancesurvey.co.uk/ontology/admingeo/County,East Midlands,http://data.ordnancesurvey.co.uk/id/7000000000041423,England,http://data.ordnancesurvey.co.uk/id/country/england,,,
osgb4000000015768309,http://data.ordnancesurvey.co.uk/id/4000000015768309,Bader Way,,,,transportNetwork,Named Road,493603,397925,1000,20000,493552,397884,493625,398002,DN21,http://data.ordnancesurvey.co.uk/id/postcodedistrict/DN21,Kirton in Lindsey,http://data.ordnancesurvey.co.uk/id/4000000074574884,http://www.ordnancesurvey.co.uk/xml/codelists/localtype.xml#town,,,,North Lincolnshire,http://data.ordnancesurvey.co.uk/id/7000000000025623,http://data.ordnancesurvey.co.uk/ontology/admingeo/UnitaryAuthority,Yorkshire and the Humber,http://data.ordnancesurvey.co.uk/id/7000000000041430,England,http://data.ordnancesurvey.co.uk/id/country/england,,,
osgb4000000015634011,http://data.ordnancesurvey.co.uk/id/4000000015634011,Moor Road,,,,transportNetwork,Named Road,498884,394808,6000,20000,498449,394615,499334,394879,DN21,http://data.ordnancesurvey.co.uk/id/postcodedistrict/DN21,Snitterby,http://data.ordnancesurvey.co.uk/id/4000000074574606,http://www.ordnancesurvey.co.uk/xml/codelists/localtype.xml#village,West Lindsey,http://data.ordnancesurvey.co.uk/id/7000000000043527,http://data.ordnancesurvey.co.uk/ontology/admingeo/District,Lincolnshire,http://data.ordnancesurvey.co.uk/id/7000000000005942,http://data.ordnancesurvey.co.uk/ontology/admingeo/County,East Midlands,http://data.ordnancesurvey.co.uk/id/7000000000041423,England,http://data.ordnancesurvey.co.uk/id/country/england,,,
osgb4000000015674475,http://data.ordnancesurvey.co.uk/id/4000000015674475,The Glebe,,,,transportNetwork,Named Road,488882,381203,1000,20000,488815,381133,488951,381229,LN1,http://data.ordnancesurvey.co.uk/id/postcodedistrict/LN1,Sturton by Stow,http://data.ordnancesurvey.co.uk/id/4000000074574600,http://www.ordnancesurvey.co.uk/xml/codelists/localtype.xml#village,West Lindsey,http://data.ordnancesurvey.co.uk/id/7000000000043527,http://data.ordnancesurvey.co.uk/ontology/admingeo/District,Lincolnshire,http://data.ordnancesurvey.co.uk/id/7000000000005942,http://data.ordnancesurvey.co.uk/ontology/admingeo/County,East Midlands,http://data.ordnancesurvey.co.uk/id/7000000000041423,England,http://data.ordnancesurvey.co.uk/id/country/england,,,
osgb4000000015682087,http://data.ordnancesurvey.co.uk/id/4000000015682087,Grasby Close,,,,transportNetwork,Named Road,483135,389136,1000,20000,483122,389119,483162,389143,DN21,http://data.ordnancesurvey.co.uk/id/postcodedistrict/DN21,Gainsborough,http://data.ordnancesurvey.co.uk/id/4000000074575425,http://www.ordnancesurvey.co.uk/xml/codelists/localtype.xml#town,West Lindsey,http://data.ordnancesurvey.co.uk/id/7000000000043527,http://data.ordnancesurvey.co.uk/ontology/admingeo/District,Lincolnshire,http://data.ordnancesurvey.co.uk/id/7000000000005942,http://data.ordnancesurvey.co.uk/ontology/admingeo/County,East Midlands,http://data.ordnancesurvey.co.uk/id/7000000000041423,England,http://data.ordnancesurvey.co.uk/id/country/england,,,
osgb4000000015912855,http://data.ordnancesurvey.co.uk/id/4000000015912855,Hoylake Close,,,,transportNetwork,Named Road,482061,391070,1000,20000,482041,391059,482120,391084,DN21,http://data.ordnancesurvey.co.uk/id/postcodedistrict/DN21,Gainsborough,http://data.ordnancesurvey.co.uk/id/4000000074575425,http://www.ordnancesurvey.co.uk/xml/codelists/localtype.xml#town,West Lindsey,http://data.ordnancesurvey.co.uk/id/7000000000043527,http://data.ordnancesurvey.co.uk/ontology/admingeo/District,Lincolnshire,http://data.ordnancesurvey.co.uk/id/7000000000005942,http://data.ordnancesurvey.co.uk/ontology/admingeo/County,East Midlands,http://data.ordnancesurvey.co.uk/id/7000000000041423,England,http://data.ordnancesurvey.co.uk/id/country/england,,,
osgb4000000015673635,http://data.ordnancesurvey.co.uk/id/4000000015673635,Grasmere Close,,,,transportNetwork,Named Road,482432,390746,1000,20000,482430,390725,482433,390782,DN21,http://data.ordnancesurvey.co.uk/id/postcodedistrict/DN21,Gainsborough,http://data.ordnancesurvey.co.uk/id/4000000074575425,http://www.ordnancesurvey.co.uk/xml/codelists/localtype.xml#town,West Lindsey,http://data.ordnancesurvey.co.uk/id/7000000000043527,http://data.ordnancesurvey.co.uk/ontology/admingeo/District,Lincolnshire,http://data.ordnancesurvey.co.uk/id/7000000000005942,http://data.ordnancesurvey.co.uk/ontology/admingeo/County,East Midlands,http://data.ordnancesurvey.co.uk/id/7000000000041423,England,http://data.ordnancesurvey.co.uk/id/country/england,,,
osgb4000000015683484,http://data.ordnancesurvey.co.uk/id/4000000015683484,Hawksworth Street,,,,transportNetwork,Named Road,481622,389666,1000,20000,481596,389660,481622,389666,DN21,http://data.ordnancesurvey.co.uk/id/postcodedistrict/DN21,Gainsborough,http://data.ordnancesurvey.co.uk/id/4000000074575425,http://www.ordnancesurvey.co.uk/xml/codelists/localtype.xml#town,West Lindsey,http://data.ordnancesurvey.co.uk/id/7000000000043527,http://data.ordnancesurvey.co.uk/ontology/admingeo/District,Lincolnshire,http://data.ordnancesurvey.co.uk/id/7000000000005942,http://data.ordnancesurvey.co.uk/ontology/admingeo/County,East Midlands,http://data.ordnancesurvey.co.uk/id/7000000000041423,England,http://data.ordnancesurvey.co.uk/id/country/england,,,
1d2c8feb-598e-4bef-9918-bc86797807d5,http://data.ordnancesurvey.co.uk/id/1d2c8feb-598e-4bef-9918-bc86797807d5,Old Trent Road,,,,transportNetwork,Section Of Named Road,480500,390149,2000,25000,480365,390134,480675,390168,DN21,http://data.ordnancesurvey.co.uk/id/postcodedistrict/DN21,Gainsborough,http://data.ordnancesurvey.co.uk/id/4000000074575425,http://www.ordnancesurvey.co.uk/xml/codelists/localtype.xml#town,Bassetlaw,http://data.ordnancesurvey.co.uk/id/7000000000008122,http://data.ordnancesurvey.co.uk/ontology/admingeo/District,Nottinghamshire,http://data.ordnancesurvey.co.uk/id/7000000000008127,http://data.ordnancesurvey.co.uk/ontology/admingeo/County,East Midlands,http://data.ordnancesurvey.co.uk/id/7000000000041423,England,http://data.ordnancesurvey.co.uk/id/country/england,osgb4000000015627614,,
7bfd7db0-a0c2-479b-9090-1a4a01597675,http://data.ordnancesurvey.co.uk/id/7bfd7db0-a0c2-479b-9090-1a4a01597675,Green Lane,,,,transportNetwork,Section Of Named Road,487780,389008,1000,25000,487769,389003,487794,389011,DN21,http://data.ordnancesurvey.co.uk/id/postcodedistrict/DN21,Sturgate,http://data.ordnancesurvey.co.uk/id/4000000074574602,http://www.ordnancesurvey.co.uk/xml/codelists/localtype.xml#hamlet,West Lindsey,http://data.ordnancesurvey.co.uk/id/7000000000043527,http://data.ordnancesurvey.co.uk/ontology/admingeo/District,Lincolnshire,http://data.ordnancesurvey.co.uk/id/7000000000005942,http://data.ordnancesurvey.co.uk/ontology/admingeo/County,East Midlands,http://data.ordnancesurvey.co.uk/id/7000000000041423,England,http://data.ordnancesurvey.co.uk/id/country/england,osgb5000005231826700,,
osgb4000000015673572,http://data.ordnancesurvey.co.uk/id/4000000015673572,Warren Close,,,,transportNetwork,Named Road,480733,390806,1000,20000,480729,390757,480735,390841,DN21,http://data.ordnancesurvey.co.uk/id/postcodedistrict/DN21,Gainsborough,http://data.ordnancesurvey.co.uk/id/4000000074575425,http://www.ordnancesurvey.co.uk/xml/codelists/localtype.xml#town,West Lindsey,http://data.ordnancesurvey.co.uk/id/7000000000043527,http://data.ordnancesurvey.co.uk/ontology/admingeo/District,Lincolnshire,http://data.ordnancesurvey.co.uk/id/7000000000005942,http://data.ordnancesurvey.co.uk/ontology/admingeo/County,East Midlands,http://data.ordnancesurvey.co.uk/id/7000000000041423,England,http://data.ordnancesurvey.co.uk/id/country/england,,,
osgb4000000015682093,http://data.ordnancesurvey.co.uk/id/4000000015682093,Willow Close,,,,transportNetwork,Named Road,480779,391068,1000,20000,480722,391038,480794,391092,DN21,http://data.ordnancesurvey.co.uk/id/postcodedistrict/DN21,Gainsborough,http://data.ordnancesurvey.co.uk/id/4000000074575425,http://www.ordnancesurvey.co.uk/xml/codelists/localtype.xml#town,West Lindsey,http://data.ordnancesurvey.co.uk/id/7000000000043527,http://data.ordnancesurvey.co.uk/ontology/admingeo/District,Lincolnshire,http://data.ordnancesurvey.co.uk/id/7000000000005942,http://data.ordnancesurvey.co.uk/ontology/admingeo/County,East Midlands,http://data.ordnancesurvey.co.uk/id/7000000000041423,England,http://data.ordnancesurvey.co.uk/id/country/england,,,
osgb5000005232052607,http://data.ordnancesurvey.co.uk/id/5000005232052607,Overcoat Lane,,,,transportNetwork,Named Road,481707,380318,7000,20000,481512,379777,481716,380823,DN22,http://data.ordnancesurvey.co.uk/id/postcodedistrict/DN22,,,,Bassetlaw,http://data.ordnancesurvey.co.uk/id/7000000000008122,http://data.ordnancesurvey.co.uk/ontology/admingeo/District,Nottinghamshire,http://data.ordnancesurvey.co.uk/id/7000000000008127,http://data.ordnancesurvey.co.uk/ontology/admingeo/County,East Midlands,http://data.ordnancesurvey.co.uk/id/7000000000041423,England,http://data.ordnancesurvey.co.uk/id/country/england,,,
osgb4000000015642893,http://data.ordnancesurvey.co.uk/id/4000000015642893,Church Street,,,,transportNetwork,Named Road,492955,390943,2000,20000,492789,390923,493122,390948,DN21,http://data.ordnancesurvey.co.uk/id/postcodedistrict/DN21,Hemswell,http://data.ordnancesurvey.co.uk/id/4000000074574603,http://www.ordnancesurvey.co.uk/xml/codelists/localtype.xml#village,West Lindsey,http://data.ordnancesurvey.co.uk/id/7000000000043527,http://data.ordnancesurvey.co.uk/ontology/admingeo/District,Lincolnshire,http://data.ordnancesurvey.co.uk/id/7000000000005942,http://data.ordnancesurvey.co.uk/ontology/admingeo/County,East Midlands,http://data.ordnancesurvey.co.uk/id/7000000000041423,England,http://data.ordnancesurvey.co.uk/id/country/england,,,
osgb5000005184368960,http://data.ordnancesurvey.co.uk/id/5000005184368960,Manor Road,,,,transportNetwork,Named Road,480776,391647,1000,20000,480754,391639,480799,391659,DN21,http://data.ordnancesurvey.co.uk/id/postcodedistrict/DN21,Gainsborough,http://data.ordnancesurvey.co.uk/id/4000000074575425,http://www.ordnancesurvey.co.uk/xml/codelists/localtype.xml#town,West Lindsey,http://data.ordnancesurvey.co.uk/id/7000000000043527,http://data.ordnancesurvey.co.uk/ontology/admingeo/District,Lincolnshire,http://data.ordnancesurvey.co.uk/id/7000000000005942,http://data.ordnancesurvey.co.uk/ontology/admingeo/County,East Midlands,http://data.ordnancesurvey.co.uk/id/7000000000041423,England,http://data.ordnancesurvey.co.uk/id/country/england,,,
18933895-ee74-4cff-9b6f-ea8e31853ba3,http://data.ordnancesurvey.co.uk/id/18933895-ee74-4cff-9b6f-ea8e31853ba3,Low Road,,,,transportNetwork,Section Of Named Road,493469,396051,4000,25000,493446,395710,493477,396386,DN21,http://data.ordnancesurvey.co.uk/id/postcodedistrict/DN21,Grayingham,http://data.ordnancesurvey.co.uk/id/4000000074574883,http://www.ordnancesurvey.co.uk/xml/codelists/localtype.xml#village,West Lindsey,http://data.ordnancesurvey.co.uk/id/7000000000043527,http://data.ordnancesurvey.co.uk/ontology/admingeo/District,Lincolnshire,http://data.ordnancesurvey.co.uk/id/7000000000005942,http://data.ordnancesurvey.co.uk/ontology/admingeo/County,East Midlands,http://data.ordnancesurvey.co.uk/id/7000000000041423,England,http://data.ordnancesurvey.co.uk/id/country/england,osgb4000000015658534,,
osgb4000000015629610,http://data.ordnancesurvey.co.uk/id/4000000015629610,Fenton Lane,,,,transportNetwork,Named Road,480064,382990,10000,20000,479311,382927,480846,383034,DN22,http://data.ordnancesurvey.co.uk/id/postcodedistrict/DN22,,,,Bassetlaw,http://data.ordnancesurvey.co.uk/id/7000000000008122,http://data.ordnancesurvey.co.uk/ontology/admingeo/District,Nottinghamshire,http://data.ordnancesurvey.co.uk/id/7000000000008127,http://data.ordnancesurvey.co.uk/ontology/admingeo/County,East Midlands,http://data.ordnancesurvey.co.uk/id/7000000000041423,England,http://data.ordnancesurvey.co.uk/id/country/england,,,
osgb4000000015930956,http://data.ordnancesurvey.co.uk/id/4000000015930956,Ling Drive,,,,transportNetwork,Named Road,482777,390417,1000,20000,482763,390393,482787,390446,DN21,http://data.ordnancesurvey.co.uk/id/postcodedistrict/DN21,Gainsborough,http://data.ordnancesurvey.co.uk/id/4000000074575425,http://www.ordnancesurvey.co.uk/xml/codelists/localtype.xml#town,West Lindsey,http://data.ordnancesurvey.co.uk/id/7000000000043527,http://data.ordnancesurvey.co.uk/ontology/admingeo/District,Lincolnshire,http://data.ordnancesurvey.co.uk/id/7000000000005942,http://data.ordnancesurvey.co.uk/ontology/admingeo/County,East Midlands,http://data.ordnancesurvey.co.uk/id/7000000000041423,England,http://data.ordnancesurvey.co.uk/id/country/england,,,
osgb4000000015673573,http://data.ordnancesurvey.co.uk/id/4000000015673573,Albany Street,,,,transportNetwork,Named Road,481090,390703,1000,20000,481016,390693,481133,390709,DN21,http://data.ordnancesurvey.co.uk/id/postcodedistrict/DN21,Gainsborough,http://data.ordnancesurvey.co.uk/id/4000000074575425,http://www.ordnancesurvey.co.uk/xml/codelists/localtype.xml#town,West Lindsey,http://data.ordnancesurvey.co.uk/id/7000000000043527,http://data.ordnancesurvey.co.uk/ontology/admingeo/District,Lincolnshire,http://data.ordnancesurvey.co.uk/id/7000000000005942,http://data.ordnancesurvey.co.uk/ontology/admingeo/County,East Midlands,http://data.ordnancesurvey.co.uk/id/7000000000041423,England,http://data.ordnancesurvey.co.uk/id/country/england,,,
osgb5000005328231571,http://data.ordnancesurvey.co.uk/id/5000005328231571,Old School Close,,,,transportNetwork,Named Road,483074,389925,1000,20000,483040,389887,483088,389964,DN21,http://data.ordnancesurvey.co.uk/id/postcodedistrict/DN21,Gainsborough,http://data.ordnancesurvey.co.uk/id/4000000074575425,http://www.ordnancesurvey.co.uk/xml/codelists/localtype.xml#town,West Lindsey,http://data.ordnancesurvey.co.uk/id/7000000000043527,http://data.ordnancesurvey.co.uk/ontology/admingeo/District,Lincolnshire,http://data.ordnancesurvey.co.uk/id/7000000000005942,http://data.ordnancesurvey.co.uk/ontology/admingeo/County,East Midlands,http://data.ordnancesurvey.co.uk/id/7000000000041423,England,http://data.ordnancesurvey.co.uk/id/country/england,,,
osgb4000000015682085,http://data.ordnancesurvey.co.uk/id/4000000015682085,Harpswell Close,,,,transportNetwork,Named Road,483233,389064,1000,20000,483219,389034,483246,389088,DN21,http://data.ordnancesurvey.co.uk/id/postcodedistrict/DN21,Gainsborough,http://data.ordnancesurvey.co.uk/id/4000000074575425,http://www.ordnancesurvey.co.uk/xml/codelists/localtype.xml#town,West Lindsey,http://data.ordnancesurvey.co.uk/id/7000000000043527,http://data.ordnancesurvey.co.uk/ontology/admingeo/District,Lincolnshire,http://data.ordnancesurvey.co.uk/id/7000000000005942,http://data.ordnancesurvey.co.uk/ontology/admingeo/County,East Midlands,http://data.ordnancesurvey.co.uk/id/7000000000041423,England,http://data.ordnancesurvey.co.uk/id/country/england,,,
osgb4000000010927545,http://data.ordnancesurvey.co.uk/id/4000000010927545,Scotter Road,,,,transportNetwork,Named Road,488733,399878,8000,20000,488658,399251,488814,400502,DN21,http://data.ordnancesurvey.co.uk/id/postcodedistrict/DN21,,,,West Lindsey,http://data.ordnancesurvey.co.uk/id/7000000000043527,http://data.ordnancesurvey.co.uk/ontology/admingeo/District,Lincolnshire,http://data.ordnancesurvey.co.uk/id/7000000000005942,http://data.ordnancesurvey.co.uk/ontology/admingeo/County,East Midlands,http://data.ordnancesurvey.co.uk/id/7000000000041423,England,http://data.ordnancesurvey.co.uk/id/country/england,,,
osgb4000000015673554,http://data.ordnancesurvey.co.uk/id/4000000015673554,Cromwell Street,,,,transportNetwork,Named Road,481750,388788,1000,20000,481716,388783,481837,388800,DN21,http://data.ordnancesurvey.co.uk/id/postcodedistrict/DN21,Gainsborough,http://data.ordnancesurvey.co.uk/id/4000000074575425,http://www.ordnancesurvey.co.uk/xml/codelists/localtype.xml#town,West Lindsey,http://data.ordnancesurvey.co.uk/id/7000000000043527,http://data.ordnancesurvey.co.uk/ontology/admingeo/District,Lincolnshire,http://data.ordnancesurvey.co.uk/id/7000000000005942,http://data.ordnancesurvey.co.uk/ontology/admingeo/County,East Midlands,http://data.ordnancesurvey.co.uk/id/7000000000041423,England,http://data.ordnancesurvey.co.uk/id/country/england,,,
osgb4000000015673562,http://data.ordnancesurvey.co.uk/id/4000000015673562,Thornton Street,,,,transportNetwork,Named Road,481558,389189,1000,20000,481509,389188,481605,389191,DN21,http://data.ordnancesurvey.co.uk/id/postcodedistrict/DN21,Gainsborough,http://data.ordnancesurvey.co.uk/id/4000000074575425,http://www.ordnancesurvey.co.uk/xml/codelists/localtype.xml#town,West Lindsey,http://data.ordnancesurvey.co.uk/id/7000000000043527,http://data.ordnancesurvey.co.uk/ontology/admingeo/District,Lincolnshire,http://data.ordnancesurvey.co.uk/id/7000000000005942,http://data.ordnancesurvey.co.uk/ontology/admingeo/County,East Midlands,http://data.ordnancesurvey.co.uk/id/7000000000041423,England,http://data.ordnancesurvey.co.uk/id/country/england,,,
osgb4000000015658520,http://data.ordnancesurvey.co.uk/id/4000000015658520,Saint George's Hill,,,,transportNetwork,Named Road,494767,388331,1000,20000,494668,388265,494881,388353,DN21,http://data.ordnancesurvey.co.uk/id/postcodedistrict/DN21,Glentworth,http://data.ordnancesurvey.co.uk/id/4000000074574337,http://www.ordnancesurvey.co.uk/xml/codelists/localtype.xml#village,West Lindsey,http://data.ordnancesurvey.co.uk/id/7000000000043527,http://data.ordnancesurvey.co.uk/ontology/admingeo/District,Lincolnshire,http://data.ordnancesurvey.co.uk/id/7000000000005942,http://data.ordnancesurvey.co.uk/ontology/admingeo/County,East Midlands,http://data.ordnancesurvey.co.uk/id/7000000000041423,England,http://data.ordnancesurvey.co.uk/id/country/england,,,
osgb4000000015642443,http://data.ordnancesurvey.co.uk/id/4000000015642443,Woodhill Avenue,,,,transportNetwork,Named Road,482486,390603,1000,20000,482397,390493,482585,390662,DN21,http://data.ordnancesurvey.co.uk/id/postcodedistrict/DN21,Gainsborough,http://data.ordnancesurvey.co.uk/id/4000000074575425,http://www.ordnancesurvey.co.uk/xml/codelists/localtype.xml#town,West Lindsey,http://data.ordnancesurvey.co.uk/id/7000000000043527,http://data.ordnancesurvey.co.uk/ontology/admingeo/District,Lincolnshire,http://data.ordnancesurvey.co.uk/id/7000000000005942,http://data.ordnancesurvey.co.uk/ontology/admingeo/County,East Midlands,http://data.ordnancesurvey.co.uk/id/7000000000041423,England,http://data.ordnancesurvey.co.uk/id/country/england,,,
osgb4000000015682067,http://data.ordnancesurvey.co.uk/id/4000000015682067,Washington Street,,,,transportNetwork,Named Road,481888,388807,1000,20000,481837,388800,481941,388815,DN21,http://data.ordnancesurvey.co.uk/id/postcodedistrict/DN21,Gainsborough,http://data.ordnancesurvey.co.uk/id/4000000074575425,http://www.ordnancesurvey.co.uk/xml/codelists/localtype.xml#town,West Lindsey,http://data.ordnancesurvey.co.uk/id/7000000000043527,http://data.ordnancesurvey.co.uk/ontology/admingeo/District,Lincolnshire,http://data.ordnancesurvey.co.uk/id/7000000000005942,http://data.ordnancesurvey.co.uk/ontology/admingeo/County,East Midlands,http://data.ordnancesurvey.co.uk/id/7000000000041423,England,http://data.ordnancesurvey.co.uk/id/country/england,,,
osgb4000000015657615,http://data.ordnancesurvey.co.uk/id/4000000015657615,Clinton Terrace,,,,transportNetwork,Named Road,481678,389295,1000,20000,481597,389283,481714,389300,DN21,http://data.ordnancesurvey.co.uk/id/postcodedistrict/DN21,Gainsborough,http://data.ordnancesurvey.co.uk/id/4000000074575425,http://www.ordnancesurvey.co.uk/xml/codelists/localtype.xml#town,West Lindsey,http://data.ordnancesurvey.co.uk/id/7000000000043527,http://data.ordnancesurvey.co.uk/ontology/admingeo/District,Lincolnshire,http://data.ordnancesurvey.co.uk/id/7000000000005942,http://data.ordnancesurvey.co.uk/ontology/admingeo/County,East Midlands,http://data.ordnancesurvey.co.uk/id/7000000000041423,England,http://data.ordnancesurvey.co.uk/id/country/england,,,
osgb4000000015673600,http://data.ordnancesurvey.co.uk/id/4000000015673600,Priory Way,,,,transportNetwork,Named Road,483087,386785,1000,20000,483078,386737,483129,386814,DN21,http://data.ordnancesurvey.co.uk/id/postcodedistrict/DN21,Lea,http://data.ordnancesurvey.co.uk/id/4000000074578253,http://www.ordnancesurvey.co.uk/xml/codelists/localtype.xml#village,West Lindsey,http://data.ordnancesurvey.co.uk/id/7000000000043527,http://data.ordnancesurvey.co.uk/ontology/admingeo/District,Lincolnshire,http://data.ordnancesurvey.co.uk/id/7000000000005942,http://data.ordnancesurvey.co.uk/ontology/admingeo/County,East Midlands,http://data.ordnancesurvey.co.uk/id/7000000000041423,England,http://data.ordnancesurvey.co.uk/id/country/england,,,
cda22fc7-9a31-4c4d-a043-a21c80057bb9,http://data.ordnancesurvey.co.uk/id/cda22fc7-9a31-4c4d-a043-a21c80057bb9,B1398,,,,transportNetwork,Section Of Numbered Road,493955,398251,16000,25000,493803,397073,494135,399479,DN21,http://data.ordnancesurvey.co.uk/id/postcodedistrict/DN21,Kirton in Lindsey,http://data.ordnancesurvey.co.uk/id/4000000074574884,http://www.ordnancesurvey.co.uk/xml/codelists/localtype.xml#town,,,,North Lincolnshire,http://data.ordnancesurvey.co.uk/id/7000000000025623,http://data.ordnancesurvey.co.uk/ontology/admingeo/UnitaryAuthority,Yorkshire and the Humber,http://data.ordnancesurvey.co.uk/id/7000000000041430,England,http://data.ordnancesurvey.co.uk/id/country/england,osgb4000000015815560,,
95da26e4-b272-4f2b-985c-911fbf1ec9be,http://data.ordnancesurvey.co.uk/id/95da26e4-b272-4f2b-985c-911fbf1ec9be,North Cliff Road,,,,transportNetwork,Section Of Named Road,493900,399160,5000,25000,493865,398780,493967,399479,DN21,http://data.ordnancesurvey.co.uk/id/postcodedistrict/DN21,Kirton in Lindsey,http://data.ordnancesurvey.co.uk/id/4000000074574884,http://www.ordnancesurvey.co.uk/xml/codelists/localtype.xml#town,,,,North Lincolnshire,http://data.ordnancesurvey.co.uk/id/7000000000025623,http://data.ordnancesurvey.co.uk/ontology/admingeo/UnitaryAuthority,Yorkshire and the Humber,http://data.ordnancesurvey.co.uk/id/7000000000041430,England,http://data.ordnancesurvey.co.uk/id/country/england,osgb4000000010925876,,
20857bef-3d0d-473c-8c43-9be12d354816,http://data.ordnancesurvey.co.uk/id/20857bef-3d0d-473c-8c43-9be12d354816,Glentham Road,,,,transportNetwork,Section Of Named Road,498446,392380,1000,25000,498411,392282,498502,392470,LN8,http://data.ordnancesurvey.co.uk/id/postcodedistrict/LN8,Bishop Norton,http://data.ordnancesurvey.co.uk/id/4000000074574339,http://www.ordnancesurvey.co.uk/xml/codelists/localtype.xml#village,West Lindsey,http://data.ordnancesurvey.co.uk/id/7000000000043527,http://data.ordnancesurvey.co.uk/ontology/admingeo/District,Lincolnshire,http://data.ordnancesurvey.co.uk/id/7000000000005942,http://data.ordnancesurvey.co.uk/ontology/admingeo/County,East Midlands,http://data.ordnancesurvey.co.uk/id/7000000000041423,England,http://data.ordnancesurvey.co.uk/id/country/england,osgb4000000015642902,,
4cef8c5b-a662-4934-9d11-784c78096664,http://data.ordnancesurvey.co.uk/id/4cef8c5b-a662-4934-9d11-784c78096664,Scotter Road,,,,transportNetwork,Section Of Named Road,484852,397518,2000,25000,484827,397365,484966,397635,DN21,http://data.ordnancesurvey.co.uk/id/postcodedistrict/DN21,Laughton,http://data.ordnancesurvey.co.uk/id/4000000074575722,http://www.ordnancesurvey.co.uk/xml/codelists/localtype.xml#village,West Lindsey,http://data.ordnancesurvey.co.uk/id/7000000000043527,http://data.ordnancesurvey.co.uk/ontology/admingeo/District,Lincolnshire,http://data.ordnancesurvey.co.uk/id/7000000000005942,http://data.ordnancesurvey.co.uk/ontology/admingeo/County,East Midlands,http://data.ordnancesurvey.co.uk/id/7000000000041423,England,http://data.ordnancesurvey.co.uk/id/country/england,osgb4000000015629771,,
osgb4000000015657659,http://data.ordnancesurvey.co.uk/id/4000000015657659,Ulster Road,,,,transportNetwork,Named Road,481572,390663,1000,20000,481558,390568,481591,390735,DN21,http://data.ordnancesurvey.co.uk/id/postcodedistrict/DN21,Gainsborough,http://data.ordnancesurvey.co.uk/id/4000000074575425,http://www.ordnancesurvey.co.uk/xml/codelists/localtype.xml#town,West Lindsey,http://data.ordnancesurvey.co.uk/id/7000000000043527,http://data.ordnancesurvey.co.uk/ontology/admingeo/District,Lincolnshire,http://data.ordnancesurvey.co.uk/id/7000000000005942,http://data.ordnancesurvey.co.uk/ontology/admingeo/County,East Midlands,http://data.ordnancesurvey.co.uk/id/7000000000041423,England,http://data.ordnancesurvey.co.uk/id/country/england,,,
osgb4000000015709568,http://data.ordnancesurvey.co.uk/id/4000000015709568,Drovers Court,,,,transportNetwork,Named Road,482118,388056,1000,20000,482100,388049,482127,388058,DN21,http://data.ordnancesurvey.co.uk/id/postcodedistrict/DN21,Gainsborough,http://data.ordnancesurvey.co.uk/id/4000000074575425,http://www.ordnancesurvey.co.uk/xml/codelists/localtype.xml#town,West Lindsey,http://data.ordnancesurvey.co.uk/id/7000000000043527,http://data.ordnancesurvey.co.uk/ontology/admingeo/District,Lincolnshire,http://data.ordnancesurvey.co.uk/id/7000000000005942,http://data.ordnancesurvey.co.uk/ontology/admingeo/County,East Midlands,http://data.ordnancesurvey.co.uk/id/7000000000041423,England,http://data.ordnancesurvey.co.uk/id/country/england,,,
osgb4000000015995906,http://data.ordnancesurvey.co.uk/id/4000000015995906,The Wharf,,,,transportNetwork,Named Road,480713,391556,1000,20000,480655,391532,480755,391629,DN21,http://data.ordnancesurvey.co.uk/id/postcodedistrict/DN21,Gainsborough,http://data.ordnancesurvey.co.uk/id/4000000074575425,http://www.ordnancesurvey.co.uk/xml/codelists/localtype.xml#town,West Lindsey,http://data.ordnancesurvey.co.uk/id/7000000000043527,http://data.ordnancesurvey.co.uk/ontology/admingeo/District,Lincolnshire,http://data.ordnancesurvey.co.uk/id/7000000000005942,http://data.ordnancesurvey.co.uk/ontology/admingeo/County,East Midlands,http://data.ordnancesurvey.co.uk/id/7000000000041423,England,http://data.ordnancesurvey.co.uk/id/country/england,,,
osgb4000000016016129,http://data.ordnancesurvey.co.uk/id/4000000016016129,Slate Farm Close,,,,transportNetwork,Named Road,498469,392743,1000,20000,498456,392722,498475,392765,LN8,http://data.ordnancesurvey.co.uk/id/postcodedistrict/LN8,Bishop Norton,http://data.ordnancesurvey.co.uk/id/4000000074574339,http://www.ordnancesurvey.co.uk/xml/codelists/localtype.xml#village,West Lindsey,http://data.ordnancesurvey.co.uk/id/7000000000043527,http://data.ordnancesurvey.co.uk/ontology/admingeo/District,Lincolnshire,http://data.ordnancesurvey.co.uk/id/7000000000005942,http://data.ordnancesurvey.co.uk/ontology/admingeo/County,East Midlands,http://data.ordnancesurvey.co.uk/id/7000000000041423,England,http://data.ordnancesurvey.co.uk/id/country/england,,,
osgb4000000015919135,http://data.ordnancesurvey.co.uk/id/4000000015919135,Cornfield Drive,,,,transportNetwork,Named Road,484238,382086,1000,20000,484227,382072,484245,382094,DN21,http://data.ordnancesurvey.co.uk/id/postcodedistrict/DN21,Marton,http://data.ordnancesurvey.co.uk/id/4000000074577537,http://www.ordnancesurvey.co.uk/xml/codelists/localtype.xml#village,West Lindsey,http://data.ordnancesurvey.co.uk/id/7000000000043527,http://data.ordnancesurvey.co.uk/ontology/admingeo/District,Lincolnshire,http://data.ordnancesurvey.co.uk/id/7000000000005942,http://data.ordnancesurvey.co.uk/ontology/admingeo/County,East Midlands,http://data.ordnancesurvey.co.uk/id/7000000000041423,England,http://data.ordnancesurvey.co.uk/id/country/england,,,
osgb4000000071069870,http://data.ordnancesurvey.co.uk/id/4000000071069870,Scampton Way,,,,transportNetwork,Named Road,482821,389088,4000,20000,482427,389046,482979,389135,DN21,http://data.ordnancesurvey.co.uk/id/postcodedistrict/DN21,Gainsborough,http://data.ordnancesurvey.co.uk/id/4000000074575425,http://www.ordnancesurvey.co.uk/xml/codelists/localtype.xml#town,West Lindsey,http://data.ordnancesurvey.co.uk/id/7000000000043527,http://data.ordnancesurvey.co.uk/ontology/admingeo/District,Lincolnshire,http://data.ordnancesurvey.co.uk/id/7000000000005942,http://data.ordnancesurvey.co.uk/ontology/admingeo/County,East Midlands,http://data.ordnancesurvey.co.uk/id/7000000000041423,England,http://data.ordnancesurvey.co.uk/id/country/england,,,
osgb4000000015642416,http://data.ordnancesurvey.co.uk/id/4000000015642416,Haldane Street,,,,transportNetwork,Named Road,480932,390345,2000,20000,480916,390221,480949,390469,DN21,http://data.ordnancesurvey.co.uk/id/postcodedistrict/DN21,Gainsborough,http://data.ordnancesurvey.co.uk/id/4000000074575425,http://www.ordnancesurvey.co.uk/xml/codelists/localtype.xml#town,West Lindsey,http://data.ordnancesurvey.co.uk/id/7000000000043527,http://data.ordnancesurvey.co.uk/ontology/admingeo/District,Lincolnshire,http://data.ordnancesurvey.co.uk/id/7000000000005942,http://data.ordnancesurvey.co.uk/ontology/admingeo/County,East Midlands,http://data.ordnancesurvey.co.uk/id/7000000000041423,England,http://data.ordnancesurvey.co.uk/id/country/england,,,
osgb4000000015633607,http://data.ordnancesurvey.co.uk/id/4000000015633607,Gainsborough Road,,,,transportNetwork,Named Road,483825,382395,20000,86000,482348,374317,487124,387563,DN21,http://data.ordnancesurvey.co.uk/id/postcodedistrict/DN21,Marton,http://data.ordnancesurvey.co.uk/id/4000000074577537,http://www.ordnancesurvey.co.uk/xml/codelists/localtype.xml#village,West Lindsey,http://data.ordnancesurvey.co.uk/id/7000000000043527,http://data.ordnancesurvey.co.uk/ontology/admingeo/District,Lincolnshire,http://data.ordnancesurvey.co.uk/id/7000000000005942,http://data.ordnancesurvey.co.uk/ontology/admingeo/County,East Midlands,http://data.ordnancesurvey.co.uk/id/7000000000041423,England,http://data.ordnancesurvey.co.uk/id/country/england,,,
osgb4000000015658543,http://data.ordnancesurvey.co.uk/id/4000000015658543,St Andrew's Street,,,,transportNetwork,Named Road,493391,398575,2000,20000,493248,398540,493533,398606,DN21,http://data.ordnancesurvey.co.uk/id/postcodedistrict/DN21,Kirton in Lindsey,http://data.ordnancesurvey.co.uk/id/4000000074574884,http://www.ordnancesurvey.co.uk/xml/codelists/localtype.xml#town,,,,North Lincolnshire,http://data.ordnancesurvey.co.uk/id/7000000000025623,http://data.ordnancesurvey.co.uk/ontology/admingeo/UnitaryAuthority,Yorkshire and the Humber,http://data.ordnancesurvey.co.uk/id/7000000000041430,England,http://data.ordnancesurvey.co.uk/id/country/england,,,
osgb4000000015657664,http://data.ordnancesurvey.co.uk/id/4000000015657664,Acacia Avenue,,,,transportNetwork,Named Road,481876,390529,1000,20000,481825,390454,481898,390613,DN21,http://data.ordnancesurvey.co.uk/id/postcodedistrict/DN21,Gainsborough,http://data.ordnancesurvey.co.uk/id/4000000074575425,http://www.ordnancesurvey.co.uk/xml/codelists/localtype.xml#town,West Lindsey,http://data.ordnancesurvey.co.uk/id/7000000000043527,http://data.ordnancesurvey.co.uk/ontology/admingeo/District,Lincolnshire,http://data.ordnancesurvey.co.uk/id/7000000000005942,http://data.ordnancesurvey.co.uk/ontology/admingeo/County,East Midlands,http://data.ordnancesurvey.co.uk/id/7000000000041423,England,http://data.ordnancesurvey.co.uk/id/country/england,,,
osgb4000000015657665,http://data.ordnancesurvey.co.uk/id/4000000015657665,Birch Grove,,,,transportNetwork,Named Road,481962,390609,1000,20000,481931,390577,482026,390623,DN21,http://data.ordnancesurvey.co.uk/id/postcodedistrict/DN21,Gainsborough,http://data.ordnancesurvey.co.uk/id/4000000074575425,http://www.ordnancesurvey.co.uk/xml/codelists/localtype.xml#town,West Lindsey,http://data.ordnancesurvey.co.uk/id/7000000000043527,http://data.ordnancesurvey.co.uk/ontology/admingeo/District,Lincolnshire,http://data.ordnancesurvey.co.uk/id/7000000000005942,http://data.ordnancesurvey.co.uk/ontology/admingeo/County,East Midlands,http://data.ordnancesurvey.co.uk/id/7000000000041423,England,http://data.ordnancesurvey.co.uk/id/country/england,,,
osgb5000005171418752,http://data.ordnancesurvey.co.uk/id/5000005171418752,Barley Close,,,,transportNetwork,Named Road,493598,399159,1000,20000,493547,399145,493645,399168,DN21,http://data.ordnancesurvey.co.uk/id/postcodedistrict/DN21,Kirton in Lindsey,http://data.ordnancesurvey.co.uk/id/4000000074574884,http://www.ordnancesurvey.co.uk/xml/codelists/localtype.xml#town,,,,North Lincolnshire,http://data.ordnancesurvey.co.uk/id/7000000000025623,http://data.ordnancesurvey.co.uk/ontology/admingeo/UnitaryAuthority,Yorkshire and the Humber,http://data.ordnancesurvey.co.uk/id/7000000000041430,England,http://data.ordnancesurvey.co.uk/id/country/england,,,
osgb4000000071069832,http://data.ordnancesurvey.co.uk/id/4000000071069832,Thorndyke Mews,,,,transportNetwork,Named Road,481639,389143,1000,20000,481618,389130,481670,389155,DN21,http://data.ordnancesurvey.co.uk/id/postcodedistrict/DN21,Gainsborough,http://data.ordnancesurvey.co.uk/id/4000000074575425,http://www.ordnancesurvey.co.uk/xml/codelists/localtype.xml#town,West Lindsey,http://data.ordnancesurvey.co.uk/id/7000000000043527,http://data.ordnancesurvey.co.uk/ontology/admingeo/District,Lincolnshire,http://data.ordnancesurvey.co.uk/id/7000000000005942,http://data.ordnancesurvey.co.uk/ontology/admingeo/County,East Midlands,http://data.ordnancesurvey.co.uk/id/7000000000041423,England,http://data.ordnancesurvey.co.uk/id/country/england,,,
1f48bfb0-17d4-4617-b0a8-3aba3246efff,http://data.ordnancesurvey.co.uk/id/1f48bfb0-17d4-4617-b0a8-3aba3246efff,Willingham Road,,,,transportNetwork,Section Of Named Road,483250,386466,5000,25000,482846,386253,483635,386654,DN21,http://data.ordnancesurvey.co.uk/id/postcodedistrict/DN21,Lea,http://data.ordnancesurvey.co.uk/id/4000000074578253,http://www.ordnancesurvey.co.uk/xml/codelists/localtype.xml#village,West Lindsey,http://data.ordnancesurvey.co.uk/id/7000000000043527,http://data.ordnancesurvey.co.uk/ontology/admingeo/District,Lincolnshire,http://data.ordnancesurvey.co.uk/id/7000000000005942,http://data.ordnancesurvey.co.uk/ontology/admingeo/County,East Midlands,http://data.ordnancesurvey.co.uk/id/7000000000041423,England,http://data.ordnancesurvey.co.uk/id/country/england,osgb4000000015629739,,
osgb4000000016015291,http://data.ordnancesurvey.co.uk/id/4000000016015291,Sweyn Lane,,,,transportNetwork,Named Road,483114,390673,1000,20000,482977,390531,483190,390733,DN21,http://data.ordnancesurvey.co.uk/id/postcodedistrict/DN21,Gainsborough,http://data.ordnancesurvey.co.uk/id/4000000074575425,http://www.ordnancesurvey.co.uk/xml/codelists/localtype.xml#town,West Lindsey,http://data.ordnancesurvey.co.uk/id/7000000000043527,http://data.ordnancesurvey.co.uk/ontology/admingeo/District,Lincolnshire,http://data.ordnancesurvey.co.uk/id/7000000000005942,http://data.ordnancesurvey.co.uk/ontology/admingeo/County,East Midlands,http://data.ordnancesurvey.co.uk/id/7000000000041423,England,http://data.ordnancesurvey.co.uk/id/country/england,,,
osgb4000000016034600,http://data.ordnancesurvey.co.uk/id/4000000016034600,Laughton Lane,,,,transportNetwork,Named Road,480709,392780,5000,20000,480389,392355,481100,393152,DN21,http://data.ordnancesurvey.co.uk/id/postcodedistrict/DN21,,,,West Lindsey,http://data.ordnancesurvey.co.uk/id/7000000000043527,http://data.ordnancesurvey.co.uk/ontology/admingeo/District,Lincolnshire,http://data.ordnancesurvey.co.uk/id/7000000000005942,http://data.ordnancesurvey.co.uk/ontology/admingeo/County,East Midlands,http://data.ordnancesurvey.co.uk/id/7000000000041423,England,http://data.ordnancesurvey.co.uk/id/country/england,,,
osgb4000000015673608,http://data.ordnancesurvey.co.uk/id/4000000015673608,Adelaide Close,,,,transportNetwork,Named Road,482625,388936,1000,20000,482624,388888,482632,388973,DN21,http://data.ordnancesurvey.co.uk/id/postcodedistrict/DN21,Gainsborough,http://data.ordnancesurvey.co.uk/id/4000000074575425,http://www.ordnancesurvey.co.uk/xml/codelists/localtype.xml#town,West Lindsey,http://data.ordnancesurvey.co.uk/id/7000000000043527,http://data.ordnancesurvey.co.uk/ontology/admingeo/District,Lincolnshire,http://data.ordnancesurvey.co.uk/id/7000000000005942,http://data.ordnancesurvey.co.uk/ontology/admingeo/County,East Midlands,http://data.ordnancesurvey.co.uk/id/7000000000041423,England,http://data.ordnancesurvey.co.uk/id/country/england,,,
osgb4000000015736773,http://data.ordnancesurvey.co.uk/id/4000000015736773,Sidney Chase,,,,transportNetwork,Named Road,494849,382881,1000,20000,494838,382880,494903,382893,LN1,http://data.ordnancesurvey.co.uk/id/postcodedistrict/LN1,Ingham,http://data.ordnancesurvey.co.uk/id/4000000074574875,http://www.ordnancesurvey.co.uk/xml/codelists/localtype.xml#village,West Lindsey,http://data.ordnancesurvey.co.uk/id/7000000000043527,http://data.ordnancesurvey.co.uk/ontology/admingeo/District,Lincolnshire,http://data.ordnancesurvey.co.uk/id/7000000000005942,http://data.ordnancesurvey.co.uk/ontology/admingeo/County,East Midlands,http://data.ordnancesurvey.co.uk/id/7000000000041423,England,http://data.ordnancesurvey.co.uk/id/country/england,,,
osgb4000000015673597,http://data.ordnancesurvey.co.uk/id/4000000015673597,Arundel Close,,,,transportNetwork,Named Road,482256,390852,1000,20000,482220,390831,482274,390897,DN21,http://data.ordnancesurvey.co.uk/id/postcodedistrict/DN21,Gainsborough,http://data.ordnancesurvey.co.uk/id/4000000074575425,http://www.ordnancesurvey.co.uk/xml/codelists/localtype.xml#town,West Lindsey,http://data.ordnancesurvey.co.uk/id/7000000000043527,http://data.ordnancesurvey.co.uk/ontology/admingeo/District,Lincolnshire,http://data.ordnancesurvey.co.uk/id/7000000000005942,http://data.ordnancesurvey.co.uk/ontology/admingeo/County,East Midlands,http://data.ordnancesurvey.co.uk/id/7000000000041423,England,http://data.ordnancesurvey.co.uk/id/country/england,,,
osgb4000000015627699,http://data.ordnancesurvey.co.uk/id/4000000015627699,Cliff Lane,,,,transportNetwork,Named Road,497426,395687,9000,20000,496691,395403,498139,395934,DN21,http://data.ordnancesurvey.co.uk/id/postcodedistrict/DN21,,,,West Lindsey,http://data.ordnancesurvey.co.uk/id/7000000000043527,http://data.ordnancesurvey.co.uk/ontology/admingeo/District,Lincolnshire,http://data.ordnancesurvey.co.uk/id/7000000000005942,http://data.ordnancesurvey.co.uk/ontology/admingeo/County,East Midlands,http://data.ordnancesurvey.co.uk/id/7000000000041423,England,http://data.ordnancesurvey.co.uk/id/country/england,,,
osgb4000000015674507,http://data.ordnancesurvey.co.uk/id/4000000015674507,Orchard Close,,,,transportNetwork,Named Road,493228,398962,1000,20000,493176,398931,493270,398987,DN21,http://data.ordnancesurvey.co.uk/id/postcodedistrict/DN21,Kirton in Lindsey,http://data.ordnancesurvey.co.uk/id/4000000074574884,http://www.ordnancesurvey.co.uk/xml/codelists/localtype.xml#town,,,,North Lincolnshire,http://data.ordnancesurvey.co.uk/id/7000000000025623,http://data.ordnancesurvey.co.uk/ontology/admingeo/UnitaryAuthority,Yorkshire and the Humber,http://data.ordnancesurvey.co.uk/id/7000000000041430,England,http://data.ordnancesurvey.co.uk/id/country/england,,,
osgb5000005253443529,http://data.ordnancesurvey.co.uk/id/5000005253443529,Lindsey Drive,,,,transportNetwork,Named Road,482803,390672,1000,20000,482784,390647,482813,390698,DN21,http://data.ordnancesurvey.co.uk/id/postcodedistrict/DN21,Gainsborough,http://data.ordnancesurvey.co.uk/id/4000000074575425,http://www.ordnancesurvey.co.uk/xml/codelists/localtype.xml#town,West Lindsey,http://data.ordnancesurvey.co.uk/id/7000000000043527,http://data.ordnancesurvey.co.uk/ontology/admingeo/District,Lincolnshire,http://data.ordnancesurvey.co.uk/id/7000000000005942,http://data.ordnancesurvey.co.uk/ontology/admingeo/County,East Midlands,http://data.ordnancesurvey.co.uk/id/7000000000041423,England,http://data.ordnancesurvey.co.uk/id/country/england,,,
osgb4000000015657666,http://data.ordnancesurvey.co.uk/id/4000000015657666,Dunster Road,,,,transportNetwork,Named Road,482111,390916,1000,20000,482020,390907,482190,390917,DN21,http://data.ordnancesurvey.co.uk/id/postcodedistrict/DN21,Gainsborough,http://data.ordnancesurvey.co.uk/id/4000000074575425,http://www.ordnancesurvey.co.uk/xml/codelists/localtype.xml#town,West Lindsey,http://data.ordnancesurvey.co.uk/id/7000000000043527,http://data.ordnancesurvey.co.uk/ontology/admingeo/District,Lincolnshire,http://data.ordnancesurvey.co.uk/id/7000000000005942,http://data.ordnancesurvey.co.uk/ontology/admingeo/County,East Midlands,http://data.ordnancesurvey.co.uk/id/7000000000041423,England,http://data.ordnancesurvey.co.uk/id/country/england,,,
osgb4000000015642414,http://data.ordnancesurvey.co.uk/id/4000000015642414,Sandsfield Lane,,,,transportNetwork,Named Road,481900,389077,6000,20000,481790,388604,481997,389577,DN21,http://data.ordnancesurvey.co.uk/id/postcodedistrict/DN21,Gainsborough,http://data.ordnancesurvey.co.uk/id/4000000074575425,http://www.ordnancesurvey.co.uk/xml/codelists/localtype.xml#town,West Lindsey,http://data.ordnancesurvey.co.uk/id/7000000000043527,http://data.ordnancesurvey.co.uk/ontology/admingeo/District,Lincolnshire,http://data.ordnancesurvey.co.uk/id/7000000000005942,http://data.ordnancesurvey.co.uk/ontology/admingeo/County,East Midlands,http://data.ordnancesurvey.co.uk/id/7000000000041423,England,http://data.ordnancesurvey.co.uk/id/country/england,,,
osgb4000000015682473,http://data.ordnancesurvey.co.uk/id/4000000015682473,Church Lane,,,,transportNetwork,Named Road,487583,389736,1000,20000,487563,389708,487590,389781,DN21,http://data.ordnancesurvey.co.uk/id/postcodedistrict/DN21,Springthorpe,http://data.ordnancesurvey.co.uk/id/4000000074575141,http://www.ordnancesurvey.co.uk/xml/codelists/localtype.xml#village,West Lindsey,http://data.ordnancesurvey.co.uk/id/7000000000043527,http://data.ordnancesurvey.co.uk/ontology/admingeo/District,Lincolnshire,http://data.ordnancesurvey.co.uk/id/7000000000005942,http://data.ordnancesurvey.co.uk/ontology/admingeo/County,East Midlands,http://data.ordnancesurvey.co.uk/id/7000000000041423,England,http://data.ordnancesurvey.co.uk/id/country/england,,,
osgb4000000015674506,http://data.ordnancesurvey.co.uk/id/4000000015674506,Sylvester Street,,,,transportNetwork,Named Road,493809,398720,1000,20000,493806,398687,493812,398762,DN21,http://data.ordnancesurvey.co.uk/id/postcodedistrict/DN21,Kirton in Lindsey,http://data.ordnancesurvey.co.uk/id/4000000074574884,http://www.ordnancesurvey.co.uk/xml/codelists/localtype.xml#town,,,,North Lincolnshire,http://data.ordnancesurvey.co.uk/id/7000000000025623,http://data.ordnancesurvey.co.uk/ontology/admingeo/UnitaryAuthority,Yorkshire and the Humber,http://data.ordnancesurvey.co.uk/id/7000000000041430,England,http://data.ordnancesurvey.co.uk/id/country/england,,,
osgb5000005325921466,http://data.ordnancesurvey.co.uk/id/5000005325921466,Little Eastgate,,,,transportNetwork,Named Road,489178,399202,1000,20000,489166,399161,489211,399224,DN21,http://data.ordnancesurvey.co.uk/id/postcodedistrict/DN21,Scotton,http://data.ordnancesurvey.co.uk/id/4000000074575140,http://www.ordnancesurvey.co.uk/xml/codelists/localtype.xml#village,West Lindsey,http://data.ordnancesurvey.co.uk/id/7000000000043527,http://data.ordnancesurvey.co.uk/ontology/admingeo/District,Lincolnshire,http://data.ordnancesurvey.co.uk/id/7000000000005942,http://data.ordnancesurvey.co.uk/ontology/admingeo/County,East Midlands,http://data.ordnancesurvey.co.uk/id/7000000000041423,England,http://data.ordnancesurvey.co.uk/id/country/england,,,
0229a2ce-eb8c-4930-9485-23b0840fc166,http://data.ordnancesurvey.co.uk/id/0229a2ce-eb8c-4930-9485-23b0840fc166,Thorpe Lane,,,,transportNetwork,Section Of Named Road,490051,380249,3000,25000,490024,380023,490126,380473,LN1,http://data.ordnancesurvey.co.uk/id/postcodedistrict/LN1,Sturton by Stow,http://data.ordnancesurvey.co.uk/id/4000000074574600,http://www.ordnancesurvey.co.uk/xml/codelists/localtype.xml#village,West Lindsey,http://data.ordnancesurvey.co.uk/id/7000000000043527,http://data.ordnancesurvey.co.uk/ontology/admingeo/District,Lincolnshire,http://data.ordnancesurvey.co.uk/id/7000000000005942,http://data.ordnancesurvey.co.uk/ontology/admingeo/County,East Midlands,http://data.ordnancesurvey.co.uk/id/7000000000041423,England,http://data.ordnancesurvey.co.uk/id/country/england,osgb4000000015627684,,
osgb4000000015633798,http://data.ordnancesurvey.co.uk/id/4000000015633798,Blyton Road,,,,transportNetwork,Named Road,481587,391723,4000,20000,481285,391393,481938,391966,DN21,http://data.ordnancesurvey.co.uk/id/postcodedistrict/DN21,,,,West Lindsey,http://data.ordnancesurvey.co.uk/id/7000000000043527,http://data.ordnancesurvey.co.uk/ontology/admingeo/District,Lincolnshire,http://data.ordnancesurvey.co.uk/id/7000000000005942,http://data.ordnancesurvey.co.uk/ontology/admingeo/County,East Midlands,http://data.ordnancesurvey.co.uk/id/7000000000041423,England,http://data.ordnancesurvey.co.uk/id/country/england,,,
osgb4000000015642437,http://data.ordnancesurvey.co.uk/id/4000000015642437,Thurlby Road,,,,transportNetwork,Named Road,482554,389555,2000,20000,482389,389506,482708,389637,DN21,http://data.ordnancesurvey.co.uk/id/postcodedistrict/DN21,Gainsborough,http://data.ordnancesurvey.co.uk/id/4000000074575425,http://www.ordnancesurvey.co.uk/xml/codelists/localtype.xml#town,West Lindsey,http://data.ordnancesurvey.co.uk/id/7000000000043527,http://data.ordnancesurvey.co.uk/ontology/admingeo/District,Lincolnshire,http://data.ordnancesurvey.co.uk/id/7000000000005942,http://data.ordnancesurvey.co.uk/ontology/admingeo/County,East Midlands,http://data.ordnancesurvey.co.uk/id/7000000000041423,England,http://data.ordnancesurvey.co.uk/id/country/england,,,
osgb5000005121231544,http://data.ordnancesurvey.co.uk/id/5000005121231544,Old Stack Yard Lane,,,,transportNetwork,Named Road,487330,392967,1000,20000,487283,392936,487341,392981,DN21,http://data.ordnancesurvey.co.uk/id/postcodedistrict/DN21,Aisby,http://data.ordnancesurvey.co.uk/id/4000000074575144,http://www.ordnancesurvey.co.uk/xml/codelists/localtype.xml#hamlet,West Lindsey,http://data.ordnancesurvey.co.uk/id/7000000000043527,http://data.ordnancesurvey.co.uk/ontology/admingeo/District,Lincolnshire,http://data.ordnancesurvey.co.uk/id/7000000000005942,http://data.ordnancesurvey.co.uk/ontology/admingeo/County,East Midlands,http://data.ordnancesurvey.co.uk/id/7000000000041423,England,http://data.ordnancesurvey.co.uk/id/country/england,,,
osgb4000000015629886,http://data.ordnancesurvey.co.uk/id/4000000015629886,Norton Lane,,,,transportNetwork,Named Road,497504,391807,13000,20000,496565,391397,498512,392267,LN8,http://data.ordnancesurvey.co.uk/id/postcodedistrict/LN8,,,,West Lindsey,http://data.ordnancesurvey.co.uk/id/7000000000043527,http://data.ordnancesurvey.co.uk/ontology/admingeo/District,Lincolnshire,http://data.ordnancesurvey.co.uk/id/7000000000005942,http://data.ordnancesurvey.co.uk/ontology/admingeo/County,East Midlands,http://data.ordnancesurvey.co.uk/id/7000000000041423,England,http://data.ordnancesurvey.co.uk/id/country/england,,,
osgb4000000016000337,http://data.ordnancesurvey.co.uk/id/4000000016000337,Woodland Chase,,,,transportNetwork,Named Road,482152,390238,1000,20000,482079,390238,482207,390266,DN21,http://data.ordnancesurvey.co.uk/id/postcodedistrict/DN21,Gainsborough,http://data.ordnancesurvey.co.uk/id/4000000074575425,http://www.ordnancesurvey.co.uk/xml/codelists/localtype.xml#town,West Lindsey,http://data.ordnancesurvey.co.uk/id/7000000000043527,http://data.ordnancesurvey.co.uk/ontology/admingeo/District,Lincolnshire,http://data.ordnancesurvey.co.uk/id/7000000000005942,http://data.ordnancesurvey.co.uk/ontology/admingeo/County,East Midlands,http://data.ordnancesurvey.co.uk/id/7000000000041423,England,http://data.ordnancesurvey.co.uk/id/country/england,,,
osgb4000000015657650,http://data.ordnancesurvey.co.uk/id/4000000015657650,Northolme,,,,transportNetwork,Named Road,481668,390338,2000,20000,481497,390207,481779,390385,DN21,http://data.ordnancesurvey.co.uk/id/postcodedistrict/DN21,Gainsborough,http://data.ordnancesurvey.co.uk/id/4000000074575425,http://www.ordnancesurvey.co.uk/xml/codelists/localtype.xml#town,West Lindsey,http://data.ordnancesurvey.co.uk/id/7000000000043527,http://data.ordnancesurvey.co.uk/ontology/admingeo/District,Lincolnshire,http://data.ordnancesurvey.co.uk/id/7000000000005942,http://data.ordnancesurvey.co.uk/ontology/admingeo/County,East Midlands,http://data.ordnancesurvey.co.uk/id/7000000000041423,England,http://data.ordnancesurvey.co.uk/id/country/england,,,
osgb4000000026936297,http://data.ordnancesurvey.co.uk/id/4000000026936297,Mill Lane,,,,transportNetwork,Named Road,499831,387762,4000,20000,499555,387738,500113,387784,LN8,http://data.ordnancesurvey.co.uk/id/postcodedistrict/LN8,,,,West Lindsey,http://data.ordnancesurvey.co.uk/id/7000000000043527,http://data.ordnancesurvey.co.uk/ontology/admingeo/District,Lincolnshire,http://data.ordnancesurvey.co.uk/id/7000000000005942,http://data.ordnancesurvey.co.uk/ontology/admingeo/County,East Midlands,http://data.ordnancesurvey.co.uk/id/7000000000041423,England,http://data.ordnancesurvey.co.uk/id/country/england,,,
osgb4000000015674496,http://data.ordnancesurvey.co.uk/id/4000000015674496,Pinnings Lane,,,,transportNetwork,Named Road,498194,395958,1000,20000,498147,395928,498221,395977,DN21,http://data.ordnancesurvey.co.uk/id/postcodedistrict/DN21,Waddingham,http://data.ordnancesurvey.co.uk/id/4000000074574880,http://www.ordnancesurvey.co.uk/xml/codelists/localtype.xml#village,West Lindsey,http://data.ordnancesurvey.co.uk/id/7000000000043527,http://data.ordnancesurvey.co.uk/ontology/admingeo/District,Lincolnshire,http://data.ordnancesurvey.co.uk/id/7000000000005942,http://data.ordnancesurvey.co.uk/ontology/admingeo/County,East Midlands,http://data.ordnancesurvey.co.uk/id/7000000000041423,England,http://data.ordnancesurvey.co.uk/id/country/england,,,
osgb4000000015722651,http://data.ordnancesurvey.co.uk/id/4000000015722651,Ingham Lane,,,,transportNetwork,Named Road,496440,382938,8000,20000,495792,382874,497066,382993,LN1,http://data.ordnancesurvey.co.uk/id/postcodedistrict/LN1,,,,West Lindsey,http://data.ordnancesurvey.co.uk/id/7000000000043527,http://data.ordnancesurvey.co.uk/ontology/admingeo/District,Lincolnshire,http://data.ordnancesurvey.co.uk/id/7000000000005942,http://data.ordnancesurvey.co.uk/ontology/admingeo/County,East Midlands,http://data.ordnancesurvey.co.uk/id/7000000000041423,England,http://data.ordnancesurvey.co.uk/id/country/england,,,
osgb5000005246675344,http://data.ordnancesurvey.co.uk/id/5000005246675344,Wessex Way,,,,transportNetwork,Named Road,494949,382939,1000,20000,494879,382903,494971,383038,LN1,http://data.ordnancesurvey.co.uk/id/postcodedistrict/LN1,Ingham,http://data.ordnancesurvey.co.uk/id/4000000074574875,http://www.ordnancesurvey.co.uk/xml/codelists/localtype.xml#village,West Lindsey,http://data.ordnancesurvey.co.uk/id/7000000000043527,http://data.ordnancesurvey.co.uk/ontology/admingeo/District,Lincolnshire,http://data.ordnancesurvey.co.uk/id/7000000000005942,http://data.ordnancesurvey.co.uk/ontology/admingeo/County,East Midlands,http://data.ordnancesurvey.co.uk/id/7000000000041423,England,http://data.ordnancesurvey.co.uk/id/country/england,,,
osgb4000000015657685,http://data.ordnancesurvey.co.uk/id/4000000015657685,Cade Lane,,,,transportNetwork,Named Road,486760,387007,1000,20000,486728,386983,486815,387107,DN21,http://data.ordnancesurvey.co.uk/id/postcodedistrict/DN21,Upton,http://data.ordnancesurvey.co.uk/id/4000000074578003,http://www.ordnancesurvey.co.uk/xml/codelists/localtype.xml#village,West Lindsey,http://data.ordnancesurvey.co.uk/id/7000000000043527,http://data.ordnancesurvey.co.uk/ontology/admingeo/District,Lincolnshire,http://data.ordnancesurvey.co.uk/id/7000000000005942,http://data.ordnancesurvey.co.uk/ontology/admingeo/County,East Midlands,http://data.ordnancesurvey.co.uk/id/7000000000041423,England,http://data.ordnancesurvey.co.uk/id/country/england,,,
osgb4000000015823357,http://data.ordnancesurvey.co.uk/id/4000000015823357,Crowgarth Lane,,,,transportNetwork,Named Road,482787,386933,1000,20000,482702,386909,482802,386938,DN21,http://data.ordnancesurvey.co.uk/id/postcodedistrict/DN21,Lea,http://data.ordnancesurvey.co.uk/id/4000000074578253,http://www.ordnancesurvey.co.uk/xml/codelists/localtype.xml#village,West Lindsey,http://data.ordnancesurvey.co.uk/id/7000000000043527,http://data.ordnancesurvey.co.uk/ontology/admingeo/District,Lincolnshire,http://data.ordnancesurvey.co.uk/id/7000000000005942,http://data.ordnancesurvey.co.uk/ontology/admingeo/County,East Midlands,http://data.ordnancesurvey.co.uk/id/7000000000041423,England,http://data.ordnancesurvey.co.uk/id/country/england,,,
osgb4000000071069825,http://data.ordnancesurvey.co.uk/id/4000000071069825,Market Arcade,,,,transportNetwork,Named Road,481471,389732,1000,20000,481431,389708,481545,389747,DN21,http://data.ordnancesurvey.co.uk/id/postcodedistrict/DN21,Gainsborough,http://data.ordnancesurvey.co.uk/id/4000000074575425,http://www.ordnancesurvey.co.uk/xml/codelists/localtype.xml#town,West Lindsey,http://data.ordnancesurvey.co.uk/id/7000000000043527,http://data.ordnancesurvey.co.uk/ontology/admingeo/District,Lincolnshire,http://data.ordnancesurvey.co.uk/id/7000000000005942,http://data.ordnancesurvey.co.uk/ontology/admingeo/County,East Midlands,http://data.ordnancesurvey.co.uk/id/7000000000041423,England,http://data.ordnancesurvey.co.uk/id/country/england,,,
osgb4000000015673566,http://data.ordnancesurvey.co.uk/id/4000000015673566,Cleveland Street,,,,transportNetwork,Named Road,481812,389350,1000,20000,481761,389341,481831,389353,DN21,http://data.ordnancesurvey.co.uk/id/postcodedistrict/DN21,Gainsborough,http://data.ordnancesurvey.co.uk/id/4000000074575425,http://www.ordnancesurvey.co.uk/xml/codelists/localtype.xml#town,West Lindsey,http://data.ordnancesurvey.co.uk/id/7000000000043527,http://data.ordnancesurvey.co.uk/ontology/admingeo/District,Lincolnshire,http://data.ordnancesurvey.co.uk/id/7000000000005942,http://data.ordnancesurvey.co.uk/ontology/admingeo/County,East Midlands,http://data.ordnancesurvey.co.uk/id/7000000000041423,England,http://data.ordnancesurvey.co.uk/id/country/england,,,
osgb4000000015657677,http://data.ordnancesurvey.co.uk/id/4000000015657677,Cavendish Drive,,,,transportNetwork,Named Road,482946,386940,2000,20000,482809,386918,483087,386964,DN21,http://data.ordnancesurvey.co.uk/id/postcodedistrict/DN21,Lea,http://data.ordnancesurvey.co.uk/id/4000000074578253,http://www.ordnancesurvey.co.uk/xml/codelists/localtype.xml#village,West Lindsey,http://data.ordnancesurvey.co.uk/id/7000000000043527,http://data.ordnancesurvey.co.uk/ontology/admingeo/District,Lincolnshire,http://data.ordnancesurvey.co.uk/id/7000000000005942,http://data.ordnancesurvey.co.uk/ontology/admingeo/County,East Midlands,http://data.ordnancesurvey.co.uk/id/7000000000041423,England,http://data.ordnancesurvey.co.uk/id/country/england,,,
osgb4000000015657671,http://data.ordnancesurvey.co.uk/id/4000000015657671,Beckett Avenue,,,,transportNetwork,Named Road,482142,390617,1000,20000,482054,390548,482260,390683,DN21,http://data.ordnancesurvey.co.uk/id/postcodedistrict/DN21,Gainsborough,http://data.ordnancesurvey.co.uk/id/4000000074575425,http://www.ordnancesurvey.co.uk/xml/codelists/localtype.xml#town,West Lindsey,http://data.ordnancesurvey.co.uk/id/7000000000043527,http://data.ordnancesurvey.co.uk/ontology/admingeo/District,Lincolnshire,http://data.ordnancesurvey.co.uk/id/7000000000005942,http://data.ordnancesurvey.co.uk/ontology/admingeo/County,East Midlands,http://data.ordnancesurvey.co.uk/id/7000000000041423,England,http://data.ordnancesurvey.co.uk/id/country/england,,,
osgb4000000015633611,http://data.ordnancesurvey.co.uk/id/4000000015633611,Willingham Road,,,,transportNetwork,Named Road,487232,385434,4000,20000,487119,385162,487288,385746,DN21,http://data.ordnancesurvey.co.uk/id/postcodedistrict/DN21,,,,West Lindsey,http://data.ordnancesurvey.co.uk/id/7000000000043527,http://data.ordnancesurvey.co.uk/ontology/admingeo/District,Lincolnshire,http://data.ordnancesurvey.co.uk/id/7000000000005942,http://data.ordnancesurvey.co.uk/ontology/admingeo/County,East Midlands,http://data.ordnancesurvey.co.uk/id/7000000000041423,England,http://data.ordnancesurvey.co.uk/id/country/england,,,
osgb4000000015912854,http://data.ordnancesurvey.co.uk/id/4000000015912854,Kestrel Avenue,,,,transportNetwork,Named Road,482768,390366,1000,20000,482729,390353,482834,390396,DN21,http://data.ordnancesurvey.co.uk/id/postcodedistrict/DN21,Gainsborough,http://data.ordnancesurvey.co.uk/id/4000000074575425,http://www.ordnancesurvey.co.uk/xml/codelists/localtype.xml#town,West Lindsey,http://data.ordnancesurvey.co.uk/id/7000000000043527,http://data.ordnancesurvey.co.uk/ontology/admingeo/District,Lincolnshire,http://data.ordnancesurvey.co.uk/id/7000000000005942,http://data.ordnancesurvey.co.uk/ontology/admingeo/County,East Midlands,http://data.ordnancesurvey.co.uk/id/7000000000041423,England,http://data.ordnancesurvey.co.uk/id/country/england,,,
osgb4000000015629740,http://data.ordnancesurvey.co.uk/id/4000000015629740,Padmoor Lane,,,,transportNetwork,Named Road,485882,386562,13000,20000,484857,386234,486834,386814,DN21,http://data.ordnancesurvey.co.uk/id/postcodedistrict/DN21,,,,West Lindsey,http://data.ordnancesurvey.co.uk/id/7000000000043527,http://data.ordnancesurvey.co.uk/ontology/admingeo/District,Lincolnshire,http://data.ordnancesurvey.co.uk/id/7000000000005942,http://data.ordnancesurvey.co.uk/ontology/admingeo/County,East Midlands,http://data.ordnancesurvey.co.uk/id/7000000000041423,England,http://data.ordnancesurvey.co.uk/id/country/england,,,
osgb4000000015627686,http://data.ordnancesurvey.co.uk/id/4000000015627686,Fleets Lane,,,,transportNetwork,Named Road,489942,381415,11000,20000,489743,380576,490019,382260,LN1,http://data.ordnancesurvey.co.uk/id/postcodedistrict/LN1,,,,West Lindsey,http://data.ordnancesurvey.co.uk/id/7000000000043527,http://data.ordnancesurvey.co.uk/ontology/admingeo/District,Lincolnshire,http://data.ordnancesurvey.co.uk/id/7000000000005942,http://data.ordnancesurvey.co.uk/ontology/admingeo/County,East Midlands,http://data.ordnancesurvey.co.uk/id/7000000000041423,England,http://data.ordnancesurvey.co.uk/id/country/england,,,
0a35eb5d-49e2-4304-8c30-bca3cb103afb,http://data.ordnancesurvey.co.uk/id/0a35eb5d-49e2-4304-8c30-bca3cb103afb,Middle Street,,,,transportNetwork,Section Of Named Road,494905,388321,2000,25000,494772,388123,495030,388507,DN21,http://data.ordnancesurvey.co.uk/id/postcodedistrict/DN21,Glentworth,http://data.ordnancesurvey.co.uk/id/4000000074574337,http://www.ordnancesurvey.co.uk/xml/codelists/localtype.xml#village,West Lindsey,http://data.ordnancesurvey.co.uk/id/7000000000043527,http://data.ordnancesurvey.co.uk/ontology/admingeo/District,Lincolnshire,http://data.ordnancesurvey.co.uk/id/7000000000005942,http://data.ordnancesurvey.co.uk/ontology/admingeo/County,East Midlands,http://data.ordnancesurvey.co.uk/id/7000000000041423,England,http://data.ordnancesurvey.co.uk/id/country/england,osgb4000000015629885,,
osgb4000000015657655,http://data.ordnancesurvey.co.uk/id/4000000015657655,Edward Road,,,,transportNetwork,Named Road,481538,390500,1000,20000,481511,390385,481600,390553,DN21,http://data.ordnancesurvey.co.uk/id/postcodedistrict/DN21,Gainsborough,http://data.ordnancesurvey.co.uk/id/4000000074575425,http://www.ordnancesurvey.co.uk/xml/codelists/localtype.xml#town,West Lindsey,http://data.ordnancesurvey.co.uk/id/7000000000043527,http://data.ordnancesurvey.co.uk/ontology/admingeo/District,Lincolnshire,http://data.ordnancesurvey.co.uk/id/7000000000005942,http://data.ordnancesurvey.co.uk/ontology/admingeo/County,East Midlands,http://data.ordnancesurvey.co.uk/id/7000000000041423,England,http://data.ordnancesurvey.co.uk/id/country/england,,,
osgb4000000015658530,http://data.ordnancesurvey.co.uk/id/4000000015658530,Dawnhill Lane,,,,transportNetwork,Named Road,493113,391030,1000,20000,493100,390944,493131,391124,DN21,http://data.ordnancesurvey.co.uk/id/postcodedistrict/DN21,Hemswell,http://data.ordnancesurvey.co.uk/id/4000000074574603,http://www.ordnancesurvey.co.uk/xml/codelists/localtype.xml#village,West Lindsey,http://data.ordnancesurvey.co.uk/id/7000000000043527,http://data.ordnancesurvey.co.uk/ontology/admingeo/District,Lincolnshire,http://data.ordnancesurvey.co.uk/id/7000000000005942,http://data.ordnancesurvey.co.uk/ontology/admingeo/County,East Midlands,http://data.ordnancesurvey.co.uk/id/7000000000041423,England,http://data.ordnancesurvey.co.uk/id/country/england,,,
osgb4000000015674513,http://data.ordnancesurvey.co.uk/id/4000000015674513,Stainton Avenue,,,,transportNetwork,Named Road,498378,396261,1000,20000,498295,396231,498448,396271,DN21,http://data.ordnancesurvey.co.uk/id/postcodedistrict/DN21,Waddingham,http://data.ordnancesurvey.co.uk/id/4000000074574880,http://www.ordnancesurvey.co.uk/xml/codelists/localtype.xml#village,West Lindsey,http://data.ordnancesurvey.co.uk/id/7000000000043527,http://data.ordnancesurvey.co.uk/ontology/admingeo/District,Lincolnshire,http://data.ordnancesurvey.co.uk/id/7000000000005942,http://data.ordnancesurvey.co.uk/ontology/admingeo/County,East Midlands,http://data.ordnancesurvey.co.uk/id/7000000000041423,England,http://data.ordnancesurvey.co.uk/id/country/england,,,
osgb5000005328979541,http://data.ordnancesurvey.co.uk/id/5000005328979541,Shore Row,,,,transportNetwork,Named Road,480872,390323,2000,20000,480828,390191,480894,390461,DN21,http://data.ordnancesurvey.co.uk/id/postcodedistrict/DN21,Gainsborough,http://data.ordnancesurvey.co.uk/id/4000000074575425,http://www.ordnancesurvey.co.uk/xml/codelists/localtype.xml#town,West Lindsey,http://data.ordnancesurvey.co.uk/id/7000000000043527,http://data.ordnancesurvey.co.uk/ontology/admingeo/District,Lincolnshire,http://data.ordnancesurvey.co.uk/id/7000000000005942,http://data.ordnancesurvey.co.uk/ontology/admingeo/County,East Midlands,http://data.ordnancesurvey.co.uk/id/7000000000041423,England,http://data.ordnancesurvey.co.uk/id/country/england,,,
osgb4000000015627044,http://data.ordnancesurvey.co.uk/id/4000000015627044,Common Lane,,,,transportNetwork,Named Road,490339,388351,20000,43000,487026,386956,493583,389926,DN21,http://data.ordnancesurvey.co.uk/id/postcodedistrict/DN21,,,,West Lindsey,http://data.ordnancesurvey.co.uk/id/7000000000043527,http://data.ordnancesurvey.co.uk/ontology/admingeo/District,Lincolnshire,http://data.ordnancesurvey.co.uk/id/7000000000005942,http://data.ordnancesurvey.co.uk/ontology/admingeo/County,East Midlands,http://data.ordnancesurvey.co.uk/id/7000000000041423,England,http://data.ordnancesurvey.co.uk/id/country/england,,,
osgb4000000015709555,http://data.ordnancesurvey.co.uk/id/4000000015709555,Marshall Way,,,,transportNetwork,Named Road,483224,389416,2000,20000,483103,389224,483407,389591,DN21,http://data.ordnancesurvey.co.uk/id/postcodedistrict/DN21,Gainsborough,http://data.ordnancesurvey.co.uk/id/4000000074575425,http://www.ordnancesurvey.co.uk/xml/codelists/localtype.xml#town,West Lindsey,http://data.ordnancesurvey.co.uk/id/7000000000043527,http://data.ordnancesurvey.co.uk/ontology/admingeo/District,Lincolnshire,http://data.ordnancesurvey.co.uk/id/7000000000005942,http://data.ordnancesurvey.co.uk/ontology/admingeo/County,East Midlands,http://data.ordnancesurvey.co.uk/id/7000000000041423,England,http://data.ordnancesurvey.co.uk/id/country/england,,,
osgb4000000067708056,http://data.ordnancesurvey.co.uk/id/4000000067708056,Priory Close,,,,transportNetwork,Named Road,482700,389547,1000,20000,482657,389481,482777,389592,DN21,http://data.ordnancesurvey.co.uk/id/postcodedistrict/DN21,Gainsborough,http://data.ordnancesurvey.co.uk/id/4000000074575425,http://www.ordnancesurvey.co.uk/xml/codelists/localtype.xml#town,West Lindsey,http://data.ordnancesurvey.co.uk/id/7000000000043527,http://data.ordnancesurvey.co.uk/ontology/admingeo/District,Lincolnshire,http://data.ordnancesurvey.co.uk/id/7000000000005942,http://data.ordnancesurvey.co.uk/ontology/admingeo/County,East Midlands,http://data.ordnancesurvey.co.uk/id/7000000000041423,England,http://data.ordnancesurvey.co.uk/id/country/england,,,
osgb4000000010926110,http://data.ordnancesurvey.co.uk/id/4000000010926110,Station Road,,,,transportNetwork,Named Road,480365,399768,7000,20000,479829,399203,480931,400301,DN9,http://data.ordnancesurvey.co.uk/id/postcodedistrict/DN9,,,,,,,North Lincolnshire,http://data.ordnancesurvey.co.uk/id/7000000000025623,http://data.ordnancesurvey.co.uk/ontology/admingeo/UnitaryAuthority,Yorkshire and the Humber,http://data.ordnancesurvey.co.uk/id/7000000000041430,England,http://data.ordnancesurvey.co.uk/id/country/england,,,
osgb5000005277479637,http://data.ordnancesurvey.co.uk/id/5000005277479637,Maple Close,,,,transportNetwork,Named Road,493362,397968,1000,20000,493342,397929,493390,398006,DN21,http://data.ordnancesurvey.co.uk/id/postcodedistrict/DN21,Kirton in Lindsey,http://data.ordnancesurvey.co.uk/id/4000000074574884,http://www.ordnancesurvey.co.uk/xml/codelists/localtype.xml#town,,,,North Lincolnshire,http://data.ordnancesurvey.co.uk/id/7000000000025623,http://data.ordnancesurvey.co.uk/ontology/admingeo/UnitaryAuthority,Yorkshire and the Humber,http://data.ordnancesurvey.co.uk/id/7000000000041430,England,http://data.ordnancesurvey.co.uk/id/country/england,,,
osgb4000000015657620,http://data.ordnancesurvey.co.uk/id/4000000015657620,King Street,,,,transportNetwork,Named Road,481608,389164,1000,20000,481605,389104,481614,389191,DN21,http://data.ordnancesurvey.co.uk/id/postcodedistrict/DN21,Gainsborough,http://data.ordnancesurvey.co.uk/id/4000000074575425,http://www.ordnancesurvey.co.uk/xml/codelists/localtype.xml#town,West Lindsey,http://data.ordnancesurvey.co.uk/id/7000000000043527,http://data.ordnancesurvey.co.uk/ontology/admingeo/District,Lincolnshire,http://data.ordnancesurvey.co.uk/id/7000000000005942,http://data.ordnancesurvey.co.uk/ontology/admingeo/County,East Midlands,http://data.ordnancesurvey.co.uk/id/7000000000041423,England,http://data.ordnancesurvey.co.uk/id/country/england,,,
osgb5000005127816767,http://data.ordnancesurvey.co.uk/id/5000005127816767,Eagle Court,,,,transportNetwork,Named Road,493815,398393,1000,20000,493806,398393,493827,398403,DN21,http://data.ordnancesurvey.co.uk/id/postcodedistrict/DN21,Kirton in Lindsey,http://data.ordnancesurvey.co.uk/id/4000000074574884,http://www.ordnancesurvey.co.uk/xml/codelists/localtype.xml#town,,,,North Lincolnshire,http://data.ordnancesurvey.co.uk/id/7000000000025623,http://data.ordnancesurvey.co.uk/ontology/admingeo/UnitaryAuthority,Yorkshire and the Humber,http://data.ordnancesurvey.co.uk/id/7000000000041430,England,http://data.ordnancesurvey.co.uk/id/country/england,,,
osgb4000000015658495,http://data.ordnancesurvey.co.uk/id/4000000015658495,Eastfield,,,,transportNetwork,Named Road,489251,380366,1000,20000,489245,380280,489260,380451,LN1,http://data.ordnancesurvey.co.uk/id/postcodedistrict/LN1,Sturton by Stow,http://data.ordnancesurvey.co.uk/id/4000000074574600,http://www.ordnancesurvey.co.uk/xml/codelists/localtype.xml#village,West Lindsey,http://data.ordnancesurvey.co.uk/id/7000000000043527,http://data.ordnancesurvey.co.uk/ontology/admingeo/District,Lincolnshire,http://data.ordnancesurvey.co.uk/id/7000000000005942,http://data.ordnancesurvey.co.uk/ontology/admingeo/County,East Midlands,http://data.ordnancesurvey.co.uk/id/7000000000041423,England,http://data.ordnancesurvey.co.uk/id/country/england,,,
6e1b89d5-1a52-4746-b522-a32d03bc6076,http://data.ordnancesurvey.co.uk/id/6e1b89d5-1a52-4746-b522-a32d03bc6076,Laughton Road,,,,transportNetwork,Section Of Named Road,485714,395282,2000,25000,485713,395120,485723,395420,DN21,http://data.ordnancesurvey.co.uk/id/postcodedistrict/DN21,Blyton,http://data.ordnancesurvey.co.uk/id/4000000074575429,http://www.ordnancesurvey.co.uk/xml/codelists/localtype.xml#village,West Lindsey,http://data.ordnancesurvey.co.uk/id/7000000000043527,http://data.ordnancesurvey.co.uk/ontology/admingeo/District,Lincolnshire,http://data.ordnancesurvey.co.uk/id/7000000000005942,http://data.ordnancesurvey.co.uk/ontology/admingeo/County,East Midlands,http://data.ordnancesurvey.co.uk/id/7000000000041423,England,http://data.ordnancesurvey.co.uk/id/country/england,osgb4000000015683493,,
osgb4000000015658533,http://data.ordnancesurvey.co.uk/id/4000000015658533,Long Lane,,,,transportNetwork,Named Road,493210,392919,2000,20000,493203,392777,493241,393047,DN21,http://data.ordnancesurvey.co.uk/id/postcodedistrict/DN21,Willoughton,http://data.ordnancesurvey.co.uk/id/4000000074574604,http://www.ordnancesurvey.co.uk/xml/codelists/localtype.xml#village,West Lindsey,http://data.ordnancesurvey.co.uk/id/7000000000043527,http://data.ordnancesurvey.co.uk/ontology/admingeo/District,Lincolnshire,http://data.ordnancesurvey.co.uk/id/7000000000005942,http://data.ordnancesurvey.co.uk/ontology/admingeo/County,East Midlands,http://data.ordnancesurvey.co.uk/id/7000000000041423,England,http://data.ordnancesurvey.co.uk/id/country/england,,,
osgb4000000015629626,http://data.ordnancesurvey.co.uk/id/4000000015629626,Till Bridge Lane,,,,transportNetwork,Named Road,486455,381218,11000,20000,485653,380934,487301,381478,LN1,http://data.ordnancesurvey.co.uk/id/postcodedistrict/LN1,,,,West Lindsey,http://data.ordnancesurvey.co.uk/id/7000000000043527,http://data.ordnancesurvey.co.uk/ontology/admingeo/District,Lincolnshire,http://data.ordnancesurvey.co.uk/id/7000000000005942,http://data.ordnancesurvey.co.uk/ontology/admingeo/County,East Midlands,http://data.ordnancesurvey.co.uk/id/7000000000041423,England,http://data.ordnancesurvey.co.uk/id/country/england,,,
osgb4000000015634012,http://data.ordnancesurvey.co.uk/id/4000000015634012,Southmoor Lane,,,,transportNetwork,Named Road,499199,394558,4000,20000,499077,394191,499313,394865,DN21,http://data.ordnancesurvey.co.uk/id/postcodedistrict/DN21,,,,West Lindsey,http://data.ordnancesurvey.co.uk/id/7000000000043527,http://data.ordnancesurvey.co.uk/ontology/admingeo/District,Lincolnshire,http://data.ordnancesurvey.co.uk/id/7000000000005942,http://data.ordnancesurvey.co.uk/ontology/admingeo/County,East Midlands,http://data.ordnancesurvey.co.uk/id/7000000000041423,England,http://data.ordnancesurvey.co.uk/id/country/england,,,
osgb4000000015657614,http://data.ordnancesurvey.co.uk/id/4000000015657614,Wembley Street,,,,transportNetwork,Named Road,481557,389576,1000,20000,481472,389563,481642,389594,DN21,http://data.ordnancesurvey.co.uk/id/postcodedistrict/DN21,Gainsborough,http://data.ordnancesurvey.co.uk/id/4000000074575425,http://www.ordnancesurvey.co.uk/xml/codelists/localtype.xml#town,West Lindsey,http://data.ordnancesurvey.co.uk/id/7000000000043527,http://data.ordnancesurvey.co.uk/ontology/admingeo/District,Lincolnshire,http://data.ordnancesurvey.co.uk/id/7000000000005942,http://data.ordnancesurvey.co.uk/ontology/admingeo/County,East Midlands,http://data.ordnancesurvey.co.uk/id/7000000000041423,England,http://data.ordnancesurvey.co.uk/id/country/england,,,
osgb4000000015658529,http://data.ordnancesurvey.co.uk/id/4000000015658529,Maypole Street,,,,transportNetwork,Named Road,492936,391046,1000,20000,492931,390943,492955,391125,DN21,http://data.ordnancesurvey.co.uk/id/postcodedistrict/DN21,Hemswell,http://data.ordnancesurvey.co.uk/id/4000000074574603,http://www.ordnancesurvey.co.uk/xml/codelists/localtype.xml#village,West Lindsey,http://data.ordnancesurvey.co.uk/id/7000000000043527,http://data.ordnancesurvey.co.uk/ontology/admingeo/District,Lincolnshire,http://data.ordnancesurvey.co.uk/id/7000000000005942,http://data.ordnancesurvey.co.uk/ontology/admingeo/County,East Midlands,http://data.ordnancesurvey.co.uk/id/7000000000041423,England,http://data.ordnancesurvey.co.uk/id/country/england,,,
osgb4000000015709559,http://data.ordnancesurvey.co.uk/id/4000000015709559,Rectory Lane,,,,transportNetwork,Named Road,482921,386786,1000,20000,482847,386758,482981,386811,DN21,http://data.ordnancesurvey.co.uk/id/postcodedistrict/DN21,Lea,http://data.ordnancesurvey.co.uk/id/4000000074578253,http://www.ordnancesurvey.co.uk/xml/codelists/localtype.xml#village,West Lindsey,http://data.ordnancesurvey.co.uk/id/7000000000043527,http://data.ordnancesurvey.co.uk/ontology/admingeo/District,Lincolnshire,http://data.ordnancesurvey.co.uk/id/7000000000005942,http://data.ordnancesurvey.co.uk/ontology/admingeo/County,East Midlands,http://data.ordnancesurvey.co.uk/id/7000000000041423,England,http://data.ordnancesurvey.co.uk/id/country/england,,,
osgb5000005316009939,http://data.ordnancesurvey.co.uk/id/5000005316009939,The Maltings,,,,transportNetwork,Named Road,493122,399188,2000,20000,492973,399103,493283,399213,DN21,http://data.ordnancesurvey.co.uk/id/postcodedistrict/DN21,Kirton in Lindsey,http://data.ordnancesurvey.co.uk/id/4000000074574884,http://www.ordnancesurvey.co.uk/xml/codelists/localtype.xml#town,,,,North Lincolnshire,http://data.ordnancesurvey.co.uk/id/7000000000025623,http://data.ordnancesurvey.co.uk/ontology/admingeo/UnitaryAuthority,Yorkshire and the Humber,http://data.ordnancesurvey.co.uk/id/7000000000041430,England,http://data.ordnancesurvey.co.uk/id/country/england,,,
osgb4000000015629892,http://data.ordnancesurvey.co.uk/id/4000000015629892,Grayingham Road,,,,transportNetwork,Named Road,493558,397258,10000,20000,493403,396452,493580,398066,DN21,http://data.ordnancesurvey.co.uk/id/postcodedistrict/DN21,,,,,,,North Lincolnshire,http://data.ordnancesurvey.co.uk/id/7000000000025623,http://data.ordnancesurvey.co.uk/ontology/admingeo/UnitaryAuthority,Yorkshire and the Humber,http://data.ordnancesurvey.co.uk/id/7000000000041430,England,http://data.ordnancesurvey.co.uk/id/country/england,,,
1cb466ce-f429-4f29-a606-48b1d6e7a675,http://data.ordnancesurvey.co.uk/id/1cb466ce-f429-4f29-a606-48b1d6e7a675,Wells Lane,,,,transportNetwork,Section Of Named Road,481855,380312,1000,25000,481855,380312,481893,380313,DN22,http://data.ordnancesurvey.co.uk/id/postcodedistrict/DN22,,,,Bassetlaw,http://data.ordnancesurvey.co.uk/id/7000000000008122,http://data.ordnancesurvey.co.uk/ontology/admingeo/District,Nottinghamshire,http://data.ordnancesurvey.co.uk/id/7000000000008127,http://data.ordnancesurvey.co.uk/ontology/admingeo/County,East Midlands,http://data.ordnancesurvey.co.uk/id/7000000000041423,England,http://data.ordnancesurvey.co.uk/id/country/england,osgb5000005111218738,,
osgb4000000015633574,http://data.ordnancesurvey.co.uk/id/4000000015633574,Westbrecks Lane,,,,transportNetwork,Named Road,480144,380209,7000,20000,480088,379668,480173,380804,DN22,http://data.ordnancesurvey.co.uk/id/postcodedistrict/DN22,,,,Bassetlaw,http://data.ordnancesurvey.co.uk/id/7000000000008122,http://data.ordnancesurvey.co.uk/ontology/admingeo/District,Nottinghamshire,http://data.ordnancesurvey.co.uk/id/7000000000008127,http://data.ordnancesurvey.co.uk/ontology/admingeo/County,East Midlands,http://data.ordnancesurvey.co.uk/id/7000000000041423,England,http://data.ordnancesurvey.co.uk/id/country/england,,,
osgb5000005286210133,http://data.ordnancesurvey.co.uk/id/5000005286210133,Church Farm Mews,,,,transportNetwork,Named Road,494748,385809,1000,20000,494731,385788,494772,385821,DN21,http://data.ordnancesurvey.co.uk/id/postcodedistrict/DN21,Fillingham,http://data.ordnancesurvey.co.uk/id/4000000074574877,http://www.ordnancesurvey.co.uk/xml/codelists/localtype.xml#village,West Lindsey,http://data.ordnancesurvey.co.uk/id/7000000000043527,http://data.ordnancesurvey.co.uk/ontology/admingeo/District,Lincolnshire,http://data.ordnancesurvey.co.uk/id/7000000000005942,http://data.ordnancesurvey.co.uk/ontology/admingeo/County,East Midlands,http://data.ordnancesurvey.co.uk/id/7000000000041423,England,http://data.ordnancesurvey.co.uk/id/country/england,,,
osgb4000000015633997,http://data.ordnancesurvey.co.uk/id/4000000015633997,Tillbridge Road,,,,transportNetwork,Named Road,489522,380190,6000,20000,489032,380023,490024,380351,LN1,http://data.ordnancesurvey.co.uk/id/postcodedistrict/LN1,Sturton by Stow,http://data.ordnancesurvey.co.uk/id/4000000074574600,http://www.ordnancesurvey.co.uk/xml/codelists/localtype.xml#village,West Lindsey,http://data.ordnancesurvey.co.uk/id/7000000000043527,http://data.ordnancesurvey.co.uk/ontology/admingeo/District,Lincolnshire,http://data.ordnancesurvey.co.uk/id/7000000000005942,http://data.ordnancesurvey.co.uk/ontology/admingeo/County,East Midlands,http://data.ordnancesurvey.co.uk/id/7000000000041423,England,http://data.ordnancesurvey.co.uk/id/country/england,,,
osgb4000000015673568,http://data.ordnancesurvey.co.uk/id/4000000015673568,Britannia Terrace,,,,transportNetwork,Named Road,481791,389262,1000,20000,481774,389262,481791,389344,DN21,http://data.ordnancesurvey.co.uk/id/postcodedistrict/DN21,Gainsborough,http://data.ordnancesurvey.co.uk/id/4000000074575425,http://www.ordnancesurvey.co.uk/xml/codelists/localtype.xml#town,West Lindsey,http://data.ordnancesurvey.co.uk/id/7000000000043527,http://data.ordnancesurvey.co.uk/ontology/admingeo/District,Lincolnshire,http://data.ordnancesurvey.co.uk/id/7000000000005942,http://data.ordnancesurvey.co.uk/ontology/admingeo/County,East Midlands,http://data.ordnancesurvey.co.uk/id/7000000000041423,England,http://data.ordnancesurvey.co.uk/id/country/england,,,
osgb4000000015674488,http://data.ordnancesurvey.co.uk/id/4000000015674488,Hillside Road,,,,transportNetwork,Named Road,494701,388316,1000,20000,494667,388288,494714,388390,DN21,http://data.ordnancesurvey.co.uk/id/postcodedistrict/DN21,Glentworth,http://data.ordnancesurvey.co.uk/id/4000000074574337,http://www.ordnancesurvey.co.uk/xml/codelists/localtype.xml#village,West Lindsey,http://data.ordnancesurvey.co.uk/id/7000000000043527,http://data.ordnancesurvey.co.uk/ontology/admingeo/District,Lincolnshire,http://data.ordnancesurvey.co.uk/id/7000000000005942,http://data.ordnancesurvey.co.uk/ontology/admingeo/County,East Midlands,http://data.ordnancesurvey.co.uk/id/7000000000041423,England,http://data.ordnancesurvey.co.uk/id/country/england,,,
osgb4000000010931189,http://data.ordnancesurvey.co.uk/id/4000000010931189,High Street,,,,transportNetwork,Named Road,497219,399877,6000,20000,497072,399417,497353,400307,DN21,http://data.ordnancesurvey.co.uk/id/postcodedistrict/DN21,Redbourne,http://data.ordnancesurvey.co.uk/id/4000000074574881,http://www.ordnancesurvey.co.uk/xml/codelists/localtype.xml#village,,,,North Lincolnshire,http://data.ordnancesurvey.co.uk/id/7000000000025623,http://data.ordnancesurvey.co.uk/ontology/admingeo/UnitaryAuthority,Yorkshire and the Humber,http://data.ordnancesurvey.co.uk/id/7000000000041430,England,http://data.ordnancesurvey.co.uk/id/country/england,,,
osgb4000000016034375,http://data.ordnancesurvey.co.uk/id/4000000016034375,Adlington Mews,,,,transportNetwork,Named Road,482868,388675,1000,20000,482850,388640,482894,388680,DN21,http://data.ordnancesurvey.co.uk/id/postcodedistrict/DN21,Gainsborough,http://data.ordnancesurvey.co.uk/id/4000000074575425,http://www.ordnancesurvey.co.uk/xml/codelists/localtype.xml#town,West Lindsey,http://data.ordnancesurvey.co.uk/id/7000000000043527,http://data.ordnancesurvey.co.uk/ontology/admingeo/District,Lincolnshire,http://data.ordnancesurvey.co.uk/id/7000000000005942,http://data.ordnancesurvey.co.uk/ontology/admingeo/County,East Midlands,http://data.ordnancesurvey.co.uk/id/7000000000041423,England,http://data.ordnancesurvey.co.uk/id/country/england,,,
osgb4000000015845188,http://data.ordnancesurvey.co.uk/id/4000000015845188,Ridge View,,,,transportNetwork,Named Road,494581,385689,1000,20000,494546,385681,494613,385696,DN21,http://data.ordnancesurvey.co.uk/id/postcodedistrict/DN21,Fillingham,http://data.ordnancesurvey.co.uk/id/4000000074574877,http://www.ordnancesurvey.co.uk/xml/codelists/localtype.xml#village,West Lindsey,http://data.ordnancesurvey.co.uk/id/7000000000043527,http://data.ordnancesurvey.co.uk/ontology/admingeo/District,Lincolnshire,http://data.ordnancesurvey.co.uk/id/7000000000005942,http://data.ordnancesurvey.co.uk/ontology/admingeo/County,East Midlands,http://data.ordnancesurvey.co.uk/id/7000000000041423,England,http://data.ordnancesurvey.co.uk/id/country/england,,,
12cc0f1d-8e7d-4688-bbe6-825c7a859947,http://data.ordnancesurvey.co.uk/id/12cc0f1d-8e7d-4688-bbe6-825c7a859947,Willingham Road,,,,transportNetwork,Section Of Named Road,483913,382416,2000,25000,483825,382395,484080,382450,DN21,http://data.ordnancesurvey.co.uk/id/postcodedistrict/DN21,Marton,http://data.ordnancesurvey.co.uk/id/4000000074577537,http://www.ordnancesurvey.co.uk/xml/codelists/localtype.xml#village,West Lindsey,http://data.ordnancesurvey.co.uk/id/7000000000043527,http://data.ordnancesurvey.co.uk/ontology/admingeo/District,Lincolnshire,http://data.ordnancesurvey.co.uk/id/7000000000005942,http://data.ordnancesurvey.co.uk/ontology/admingeo/County,East Midlands,http://data.ordnancesurvey.co.uk/id/7000000000041423,England,http://data.ordnancesurvey.co.uk/id/country/england,osgb4000000015627582,,
9001360b-c085-48c5-9d5a-9068d96b413e,http://data.ordnancesurvey.co.uk/id/9001360b-c085-48c5-9d5a-9068d96b413e,Willingham Road,,,,transportNetwork,Section Of Named Road,494613,385696,1000,25000,494592,385592,494635,385799,DN21,http://data.ordnancesurvey.co.uk/id/postcodedistrict/DN21,Fillingham,http://data.ordnancesurvey.co.uk/id/4000000074574877,http://www.ordnancesurvey.co.uk/xml/codelists/localtype.xml#village,West Lindsey,http://data.ordnancesurvey.co.uk/id/7000000000043527,http://data.ordnancesurvey.co.uk/ontology/admingeo/District,Lincolnshire,http://data.ordnancesurvey.co.uk/id/7000000000005942,http://data.ordnancesurvey.co.uk/ontology/admingeo/County,East Midlands,http://data.ordnancesurvey.co.uk/id/7000000000041423,England,http://data.ordnancesurvey.co.uk/id/country/england,osgb4000000015627687,,
osgb4000000015709561,http://data.ordnancesurvey.co.uk/id/4000000015709561,The Crescent,,,,transportNetwork,Named Road,482784,386790,1000,20000,482703,386761,482843,386822,DN21,http://data.ordnancesurvey.co.uk/id/postcodedistrict/DN21,Lea,http://data.ordnancesurvey.co.uk/id/4000000074578253,http://www.ordnancesurvey.co.uk/xml/codelists/localtype.xml#village,West Lindsey,http://data.ordnancesurvey.co.uk/id/7000000000043527,http://data.ordnancesurvey.co.uk/ontology/admingeo/District,Lincolnshire,http://data.ordnancesurvey.co.uk/id/7000000000005942,http://data.ordnancesurvey.co.uk/ontology/admingeo/County,East Midlands,http://data.ordnancesurvey.co.uk/id/7000000000041423,England,http://data.ordnancesurvey.co.uk/id/country/england,,,
osgb4000000015682077,http://data.ordnancesurvey.co.uk/id/4000000015682077,Mowbray Street,,,,transportNetwork,Named Road,481179,390846,1000,20000,481114,390837,481184,390847,DN21,http://data.ordnancesurvey.co.uk/id/postcodedistrict/DN21,Gainsborough,http://data.ordnancesurvey.co.uk/id/4000000074575425,http://www.ordnancesurvey.co.uk/xml/codelists/localtype.xml#town,West Lindsey,http://data.ordnancesurvey.co.uk/id/7000000000043527,http://data.ordnancesurvey.co.uk/ontology/admingeo/District,Lincolnshire,http://data.ordnancesurvey.co.uk/id/7000000000005942,http://data.ordnancesurvey.co.uk/ontology/admingeo/County,East Midlands,http://data.ordnancesurvey.co.uk/id/7000000000041423,England,http://data.ordnancesurvey.co.uk/id/country/england,,,
5153ac12-ca14-452d-9d29-bbe6d9202c52,http://data.ordnancesurvey.co.uk/id/5153ac12-ca14-452d-9d29-bbe6d9202c52,Gainsborough Road,,,,transportNetwork,Section Of Named Road,484919,394356,4000,25000,484816,394028,484953,394667,DN21,http://data.ordnancesurvey.co.uk/id/postcodedistrict/DN21,Blyton,http://data.ordnancesurvey.co.uk/id/4000000074575429,http://www.ordnancesurvey.co.uk/xml/codelists/localtype.xml#village,West Lindsey,http://data.ordnancesurvey.co.uk/id/7000000000043527,http://data.ordnancesurvey.co.uk/ontology/admingeo/District,Lincolnshire,http://data.ordnancesurvey.co.uk/id/7000000000005942,http://data.ordnancesurvey.co.uk/ontology/admingeo/County,East Midlands,http://data.ordnancesurvey.co.uk/id/7000000000041423,England,http://data.ordnancesurvey.co.uk/id/country/england,osgb4000000015633808,,
osgb5000005231826639,http://data.ordnancesurvey.co.uk/id/5000005231826639,Occupation Lane,,,,transportNetwork,Named Road,495783,391064,10000,20000,494994,390960,496578,391180,DN21,http://data.ordnancesurvey.co.uk/id/postcodedistrict/DN21,,,,West Lindsey,http://data.ordnancesurvey.co.uk/id/7000000000043527,http://data.ordnancesurvey.co.uk/ontology/admingeo/District,Lincolnshire,http://data.ordnancesurvey.co.uk/id/7000000000005942,http://data.ordnancesurvey.co.uk/ontology/admingeo/County,East Midlands,http://data.ordnancesurvey.co.uk/id/7000000000041423,England,http://data.ordnancesurvey.co.uk/id/country/england,,,
osgb4000000015673546,http://data.ordnancesurvey.co.uk/id/4000000015673546,Lea Road West,,,,transportNetwork,Named Road,482026,388260,1000,20000,481985,388243,482048,388260,DN21,http://data.ordnancesurvey.co.uk/id/postcodedistrict/DN21,Gainsborough,http://data.ordnancesurvey.co.uk/id/4000000074575425,http://www.ordnancesurvey.co.uk/xml/codelists/localtype.xml#town,West Lindsey,http://data.ordnancesurvey.co.uk/id/7000000000043527,http://data.ordnancesurvey.co.uk/ontology/admingeo/District,Lincolnshire,http://data.ordnancesurvey.co.uk/id/7000000000005942,http://data.ordnancesurvey.co.uk/ontology/admingeo/County,East Midlands,http://data.ordnancesurvey.co.uk/id/7000000000041423,England,http://data.ordnancesurvey.co.uk/id/country/england,,,
osgb4000000015674491,http://data.ordnancesurvey.co.uk/id/4000000015674491,James Road,,,,transportNetwork,Named Road,495212,389952,1000,20000,495183,389901,495231,389963,DN21,http://data.ordnancesurvey.co.uk/id/postcodedistrict/DN21,Hemswell Cliff,http://data.ordnancesurvey.co.uk/id/4000000074574338,http://www.ordnancesurvey.co.uk/xml/codelists/localtype.xml#village,West Lindsey,http://data.ordnancesurvey.co.uk/id/7000000000043527,http://data.ordnancesurvey.co.uk/ontology/admingeo/District,Lincolnshire,http://data.ordnancesurvey.co.uk/id/7000000000005942,http://data.ordnancesurvey.co.uk/ontology/admingeo/County,East Midlands,http://data.ordnancesurvey.co.uk/id/7000000000041423,England,http://data.ordnancesurvey.co.uk/id/country/england,,,
osgb4000000015629888,http://data.ordnancesurvey.co.uk/id/4000000015629888,Cliff Road,,,,transportNetwork,Named Road,497385,394317,13000,20000,496411,394065,498449,394615,DN21,http://data.ordnancesurvey.co.uk/id/postcodedistrict/DN21,,,,West Lindsey,http://data.ordnancesurvey.co.uk/id/7000000000043527,http://data.ordnancesurvey.co.uk/ontology/admingeo/District,Lincolnshire,http://data.ordnancesurvey.co.uk/id/7000000000005942,http://data.ordnancesurvey.co.uk/ontology/admingeo/County,East Midlands,http://data.ordnancesurvey.co.uk/id/7000000000041423,England,http://data.ordnancesurvey.co.uk/id/country/england,,,
osgb5000005103937522,http://data.ordnancesurvey.co.uk/id/5000005103937522,Foxby Warren,,,,transportNetwork,Named Road,482146,388564,1000,20000,482129,388521,482157,388613,DN21,http://data.ordnancesurvey.co.uk/id/postcodedistrict/DN21,Gainsborough,http://data.ordnancesurvey.co.uk/id/4000000074575425,http://www.ordnancesurvey.co.uk/xml/codelists/localtype.xml#town,West Lindsey,http://data.ordnancesurvey.co.uk/id/7000000000043527,http://data.ordnancesurvey.co.uk/ontology/admingeo/District,Lincolnshire,http://data.ordnancesurvey.co.uk/id/7000000000005942,http://data.ordnancesurvey.co.uk/ontology/admingeo/County,East Midlands,http://data.ordnancesurvey.co.uk/id/7000000000041423,England,http://data.ordnancesurvey.co.uk/id/country/england,,,
aea6a525-e569-4275-a190-79a6cc2119b6,http://data.ordnancesurvey.co.uk/id/aea6a525-e569-4275-a190-79a6cc2119b6,Stow Park Road,,,,transportNetwork,Section Of Named Road,488116,381910,2000,25000,487977,381861,488254,381936,LN1,http://data.ordnancesurvey.co.uk/id/postcodedistrict/LN1,Stow,http://data.ordnancesurvey.co.uk/id/4000000074574878,http://www.ordnancesurvey.co.uk/xml/codelists/localtype.xml#village,West Lindsey,http://data.ordnancesurvey.co.uk/id/7000000000043527,http://data.ordnancesurvey.co.uk/ontology/admingeo/District,Lincolnshire,http://data.ordnancesurvey.co.uk/id/7000000000005942,http://data.ordnancesurvey.co.uk/ontology/admingeo/County,East Midlands,http://data.ordnancesurvey.co.uk/id/7000000000041423,England,http://data.ordnancesurvey.co.uk/id/country/england,osgb4000000015629875,,
osgb4000000015627690,http://data.ordnancesurvey.co.uk/id/4000000015627690,School Lane,,,,transportNetwork,Named Road,488519,389980,13000,20000,487457,389767,489462,390803,DN21,http://data.ordnancesurvey.co.uk/id/postcodedistrict/DN21,,,,West Lindsey,http://data.ordnancesurvey.co.uk/id/7000000000043527,http://data.ordnancesurvey.co.uk/ontology/admingeo/District,Lincolnshire,http://data.ordnancesurvey.co.uk/id/7000000000005942,http://data.ordnancesurvey.co.uk/ontology/admingeo/County,East Midlands,http://data.ordnancesurvey.co.uk/id/7000000000041423,England,http://data.ordnancesurvey.co.uk/id/country/england,,,
osgb4000000015642886,http://data.ordnancesurvey.co.uk/id/4000000015642886,Bratt Field Road,,,,transportNetwork,Named Road,487886,389239,3000,20000,487688,389165,488075,389302,DN21,http://data.ordnancesurvey.co.uk/id/postcodedistrict/DN21,Sturgate,http://data.ordnancesurvey.co.uk/id/4000000074574602,http://www.ordnancesurvey.co.uk/xml/codelists/localtype.xml#hamlet,West Lindsey,http://data.ordnancesurvey.co.uk/id/7000000000043527,http://data.ordnancesurvey.co.uk/ontology/admingeo/District,Lincolnshire,http://data.ordnancesurvey.co.uk/id/7000000000005942,http://data.ordnancesurvey.co.uk/ontology/admingeo/County,East Midlands,http://data.ordnancesurvey.co.uk/id/7000000000041423,England,http://data.ordnancesurvey.co.uk/id/country/england,,,
b893bafe-0a02-4470-96c9-d4a93a109198,http://data.ordnancesurvey.co.uk/id/b893bafe-0a02-4470-96c9-d4a93a109198,High Street,,,,transportNetwork,Section Of Named Road,486885,391023,3000,25000,486671,391013,487117,391078,DN21,http://data.ordnancesurvey.co.uk/id/postcodedistrict/DN21,Corringham,http://data.ordnancesurvey.co.uk/id/4000000074575143,http://www.ordnancesurvey.co.uk/xml/codelists/localtype.xml#village,West Lindsey,http://data.ordnancesurvey.co.uk/id/7000000000043527,http://data.ordnancesurvey.co.uk/ontology/admingeo/District,Lincolnshire,http://data.ordnancesurvey.co.uk/id/7000000000005942,http://data.ordnancesurvey.co.uk/ontology/admingeo/County,East Midlands,http://data.ordnancesurvey.co.uk/id/7000000000041423,England,http://data.ordnancesurvey.co.uk/id/country/england,osgb4000000015633806,,
744b6f3d-ff2b-4acf-bc1e-57a3869b6cd6,http://data.ordnancesurvey.co.uk/id/744b6f3d-ff2b-4acf-bc1e-57a3869b6cd6,Ingham Road,,,,transportNetwork,Section Of Named Road,488594,382054,5000,25000,488254,381949,488997,382126,LN1,http://data.ordnancesurvey.co.uk/id/postcodedistrict/LN1,Stow,http://data.ordnancesurvey.co.uk/id/4000000074574878,http://www.ordnancesurvey.co.uk/xml/codelists/localtype.xml#village,West Lindsey,http://data.ordnancesurvey.co.uk/id/7000000000043527,http://data.ordnancesurvey.co.uk/ontology/admingeo/District,Lincolnshire,http://data.ordnancesurvey.co.uk/id/7000000000005942,http://data.ordnancesurvey.co.uk/ontology/admingeo/County,East Midlands,http://data.ordnancesurvey.co.uk/id/7000000000041423,England,http://data.ordnancesurvey.co.uk/id/country/england,osgb4000000015629876,,
01df2d3b-6e4b-4a4b-9868-4c71d4b5a106,http://data.ordnancesurvey.co.uk/id/01df2d3b-6e4b-4a4b-9868-4c71d4b5a106,Grayingham Road,,,,transportNetwork,Section Of Named Road,493511,397940,2000,25000,493403,397757,493580,398066,DN21,http://data.ordnancesurvey.co.uk/id/postcodedistrict/DN21,Kirton in Lindsey,http://data.ordnancesurvey.co.uk/id/4000000074574884,http://www.ordnancesurvey.co.uk/xml/codelists/localtype.xml#town,,,,North Lincolnshire,http://data.ordnancesurvey.co.uk/id/7000000000025623,http://data.ordnancesurvey.co.uk/ontology/admingeo/UnitaryAuthority,Yorkshire and the Humber,http://data.ordnancesurvey.co.uk/id/7000000000041430,England,http://data.ordnancesurvey.co.uk/id/country/england,osgb4000000015629892,,
osgb4000000015674483,http://data.ordnancesurvey.co.uk/id/4000000015674483,Farriers Court Yard,,,,transportNetwork,Named Road,494756,383502,1000,20000,494746,383469,494766,383534,LN1,http://data.ordnancesurvey.co.uk/id/postcodedistrict/LN1,Ingham,http://data.ordnancesurvey.co.uk/id/4000000074574875,http://www.ordnancesurvey.co.uk/xml/codelists/localtype.xml#village,West Lindsey,http://data.ordnancesurvey.co.uk/id/7000000000043527,http://data.ordnancesurvey.co.uk/ontology/admingeo/District,Lincolnshire,http://data.ordnancesurvey.co.uk/id/7000000000005942,http://data.ordnancesurvey.co.uk/ontology/admingeo/County,East Midlands,http://data.ordnancesurvey.co.uk/id/7000000000041423,England,http://data.ordnancesurvey.co.uk/id/country/england,,,
osgb4000000015629622,http://data.ordnancesurvey.co.uk/id/4000000015629622,High Street,,,,transportNetwork,Named Road,484010,381704,9000,20000,483825,381005,484179,382395,DN21,http://data.ordnancesurvey.co.uk/id/postcodedistrict/DN21,Marton,http://data.ordnancesurvey.co.uk/id/4000000074577537,http://www.ordnancesurvey.co.uk/xml/codelists/localtype.xml#village,West Lindsey,http://data.ordnancesurvey.co.uk/id/7000000000043527,http://data.ordnancesurvey.co.uk/ontology/admingeo/District,Lincolnshire,http://data.ordnancesurvey.co.uk/id/7000000000005942,http://data.ordnancesurvey.co.uk/ontology/admingeo/County,East Midlands,http://data.ordnancesurvey.co.uk/id/7000000000041423,England,http://data.ordnancesurvey.co.uk/id/country/england,,,
osgb5000005295753237,http://data.ordnancesurvey.co.uk/id/5000005295753237,Bradshaw Way,,,,transportNetwork,Named Road,482360,389082,1000,20000,482334,389015,482421,389087,DN21,http://data.ordnancesurvey.co.uk/id/postcodedistrict/DN21,Gainsborough,http://data.ordnancesurvey.co.uk/id/4000000074575425,http://www.ordnancesurvey.co.uk/xml/codelists/localtype.xml#town,West Lindsey,http://data.ordnancesurvey.co.uk/id/7000000000043527,http://data.ordnancesurvey.co.uk/ontology/admingeo/District,Lincolnshire,http://data.ordnancesurvey.co.uk/id/7000000000005942,http://data.ordnancesurvey.co.uk/ontology/admingeo/County,East Midlands,http://data.ordnancesurvey.co.uk/id/7000000000041423,England,http://data.ordnancesurvey.co.uk/id/country/england,,,
osgb4000000015683490,http://data.ordnancesurvey.co.uk/id/4000000015683490,Blackthorn Close,,,,transportNetwork,Named Road,482563,390451,1000,20000,482556,390435,482601,390459,DN21,http://data.ordnancesurvey.co.uk/id/postcodedistrict/DN21,Gainsborough,http://data.ordnancesurvey.co.uk/id/4000000074575425,http://www.ordnancesurvey.co.uk/xml/codelists/localtype.xml#town,West Lindsey,http://data.ordnancesurvey.co.uk/id/7000000000043527,http://data.ordnancesurvey.co.uk/ontology/admingeo/District,Lincolnshire,http://data.ordnancesurvey.co.uk/id/7000000000005942,http://data.ordnancesurvey.co.uk/ontology/admingeo/County,East Midlands,http://data.ordnancesurvey.co.uk/id/7000000000041423,England,http://data.ordnancesurvey.co.uk/id/country/england,,,
osgb4000000015658562,http://data.ordnancesurvey.co.uk/id/4000000015658562,High Street,,,,transportNetwork,Named Road,493750,398657,1000,20000,493686,398564,493872,398699,DN21,http://data.ordnancesurvey.co.uk/id/postcodedistrict/DN21,Kirton in Lindsey,http://data.ordnancesurvey.co.uk/id/4000000074574884,http://www.ordnancesurvey.co.uk/xml/codelists/localtype.xml#town,,,,North Lincolnshire,http://data.ordnancesurvey.co.uk/id/7000000000025623,http://data.ordnancesurvey.co.uk/ontology/admingeo/UnitaryAuthority,Yorkshire and the Humber,http://data.ordnancesurvey.co.uk/id/7000000000041430,England,http://data.ordnancesurvey.co.uk/id/country/england,,,
2f6e0ff8-a472-4fe7-a9e1-82b177a8682d,http://data.ordnancesurvey.co.uk/id/2f6e0ff8-a472-4fe7-a9e1-82b177a8682d,Beggar's Lane,,,,transportNetwork,Section Of Named Road,487552,384712,1000,25000,487481,384618,487625,384812,DN21,http://data.ordnancesurvey.co.uk/id/postcodedistrict/DN21,Willingham by Stow,http://data.ordnancesurvey.co.uk/id/4000000074575139,http://www.ordnancesurvey.co.uk/xml/codelists/localtype.xml#village,West Lindsey,http://data.ordnancesurvey.co.uk/id/7000000000043527,http://data.ordnancesurvey.co.uk/ontology/admingeo/District,Lincolnshire,http://data.ordnancesurvey.co.uk/id/7000000000005942,http://data.ordnancesurvey.co.uk/ontology/admingeo/County,East Midlands,http://data.ordnancesurvey.co.uk/id/7000000000041423,England,http://data.ordnancesurvey.co.uk/id/country/england,osgb5000005303860075,,
b70da47c-455c-43a2-8d58-facdb710112c,http://data.ordnancesurvey.co.uk/id/b70da47c-455c-43a2-8d58-facdb710112c,B1206,,,,transportNetwork,Section Of Numbered Road,493807,398438,6000,25000,493326,397983,494247,398816,DN21,http://data.ordnancesurvey.co.uk/id/postcodedistrict/DN21,Kirton in Lindsey,http://data.ordnancesurvey.co.uk/id/4000000074574884,http://www.ordnancesurvey.co.uk/xml/codelists/localtype.xml#town,,,,North Lincolnshire,http://data.ordnancesurvey.co.uk/id/7000000000025623,http://data.ordnancesurvey.co.uk/ontology/admingeo/UnitaryAuthority,Yorkshire and the Humber,http://data.ordnancesurvey.co.uk/id/7000000000041430,England,http://data.ordnancesurvey.co.uk/id/country/england,osgb4000000026518090,,
osgb4000000015657669,http://data.ordnancesurvey.co.uk/id/4000000015657669,Laburnum Avenue,,,,transportNetwork,Named Road,482000,390570,1000,20000,481945,390551,482060,390585,DN21,http://data.ordnancesurvey.co.uk/id/postcodedistrict/DN21,Gainsborough,http://data.ordnancesurvey.co.uk/id/4000000074575425,http://www.ordnancesurvey.co.uk/xml/codelists/localtype.xml#town,West Lindsey,http://data.ordnancesurvey.co.uk/id/7000000000043527,http://data.ordnancesurvey.co.uk/ontology/admingeo/District,Lincolnshire,http://data.ordnancesurvey.co.uk/id/7000000000005942,http://data.ordnancesurvey.co.uk/ontology/admingeo/County,East Midlands,http://data.ordnancesurvey.co.uk/id/7000000000041423,England,http://data.ordnancesurvey.co.uk/id/country/england,,,
osgb4000000015673571,http://data.ordnancesurvey.co.uk/id/4000000015673571,George Street,,,,transportNetwork,Named Road,480848,390500,1000,20000,480840,390461,480854,390568,DN21,http://data.ordnancesurvey.co.uk/id/postcodedistrict/DN21,Gainsborough,http://data.ordnancesurvey.co.uk/id/4000000074575425,http://www.ordnancesurvey.co.uk/xml/codelists/localtype.xml#town,West Lindsey,http://data.ordnancesurvey.co.uk/id/7000000000043527,http://data.ordnancesurvey.co.uk/ontology/admingeo/District,Lincolnshire,http://data.ordnancesurvey.co.uk/id/7000000000005942,http://data.ordnancesurvey.co.uk/ontology/admingeo/County,East Midlands,http://data.ordnancesurvey.co.uk/id/7000000000041423,England,http://data.ordnancesurvey.co.uk/id/country/england,,,
osgb4000000015642885,http://data.ordnancesurvey.co.uk/id/4000000015642885,Church Hill,,,,transportNetwork,Named Road,495044,383493,1000,20000,494942,383473,495142,383527,LN1,http://data.ordnancesurvey.co.uk/id/postcodedistrict/LN1,Ingham,http://data.ordnancesurvey.co.uk/id/4000000074574875,http://www.ordnancesurvey.co.uk/xml/codelists/localtype.xml#village,West Lindsey,http://data.ordnancesurvey.co.uk/id/7000000000043527,http://data.ordnancesurvey.co.uk/ontology/admingeo/District,Lincolnshire,http://data.ordnancesurvey.co.uk/id/7000000000005942,http://data.ordnancesurvey.co.uk/ontology/admingeo/County,East Midlands,http://data.ordnancesurvey.co.uk/id/7000000000041423,England,http://data.ordnancesurvey.co.uk/id/country/england,,,
osgb4000000015642433,http://data.ordnancesurvey.co.uk/id/4000000015642433,High Street,,,,transportNetwork,Named Road,487331,385885,2000,20000,487239,385744,487505,386079,DN21,http://data.ordnancesurvey.co.uk/id/postcodedistrict/DN21,Kexby,http://data.ordnancesurvey.co.uk/id/4000000074577769,http://www.ordnancesurvey.co.uk/xml/codelists/localtype.xml#village,West Lindsey,http://data.ordnancesurvey.co.uk/id/7000000000043527,http://data.ordnancesurvey.co.uk/ontology/admingeo/District,Lincolnshire,http://data.ordnancesurvey.co.uk/id/7000000000005942,http://data.ordnancesurvey.co.uk/ontology/admingeo/County,East Midlands,http://data.ordnancesurvey.co.uk/id/7000000000041423,England,http://data.ordnancesurvey.co.uk/id/country/england,,,
osgb4000000015685016,http://data.ordnancesurvey.co.uk/id/4000000015685016,B1433,,,,transportNetwork,Numbered Road,482623,390490,15000,250000,481497,390002,483770,390564,DN21,http://data.ordnancesurvey.co.uk/id/postcodedistrict/DN21,Gainsborough,http://data.ordnancesurvey.co.uk/id/4000000074575425,http://www.ordnancesurvey.co.uk/xml/codelists/localtype.xml#town,West Lindsey,http://data.ordnancesurvey.co.uk/id/7000000000043527,http://data.ordnancesurvey.co.uk/ontology/admingeo/District,Lincolnshire,http://data.ordnancesurvey.co.uk/id/7000000000005942,http://data.ordnancesurvey.co.uk/ontology/admingeo/County,East Midlands,http://data.ordnancesurvey.co.uk/id/7000000000041423,England,http://data.ordnancesurvey.co.uk/id/country/england,,,
osgb4000000015657602,http://data.ordnancesurvey.co.uk/id/4000000015657602,Causeway Lane,,,,transportNetwork,Named Road,482249,387490,1000,20000,482153,387445,482363,387529,DN21,http://data.ordnancesurvey.co.uk/id/postcodedistrict/DN21,Lea,http://data.ordnancesurvey.co.uk/id/4000000074578253,http://www.ordnancesurvey.co.uk/xml/codelists/localtype.xml#village,West Lindsey,http://data.ordnancesurvey.co.uk/id/7000000000043527,http://data.ordnancesurvey.co.uk/ontology/admingeo/District,Lincolnshire,http://data.ordnancesurvey.co.uk/id/7000000000005942,http://data.ordnancesurvey.co.uk/ontology/admingeo/County,East Midlands,http://data.ordnancesurvey.co.uk/id/7000000000041423,England,http://data.ordnancesurvey.co.uk/id/country/england,,,
osgb4000000015627700,http://data.ordnancesurvey.co.uk/id/4000000015627700,Kirton Road,,,,transportNetwork,Named Road,497295,396525,13000,20000,496266,396183,498295,396662,DN21,http://data.ordnancesurvey.co.uk/id/postcodedistrict/DN21,,,,West Lindsey,http://data.ordnancesurvey.co.uk/id/7000000000043527,http://data.ordnancesurvey.co.uk/ontology/admingeo/District,Lincolnshire,http://data.ordnancesurvey.co.uk/id/7000000000005942,http://data.ordnancesurvey.co.uk/ontology/admingeo/County,East Midlands,http://data.ordnancesurvey.co.uk/id/7000000000041423,England,http://data.ordnancesurvey.co.uk/id/country/england,,,
osgb4000000015897749,http://data.ordnancesurvey.co.uk/id/4000000015897749,Millstone Way,,,,transportNetwork,Named Road,498616,396260,1000,20000,498610,396200,498656,396322,DN21,http://data.ordnancesurvey.co.uk/id/postcodedistrict/DN21,Waddingham,http://data.ordnancesurvey.co.uk/id/4000000074574880,http://www.ordnancesurvey.co.uk/xml/codelists/localtype.xml#village,West Lindsey,http://data.ordnancesurvey.co.uk/id/7000000000043527,http://data.ordnancesurvey.co.uk/ontology/admingeo/District,Lincolnshire,http://data.ordnancesurvey.co.uk/id/7000000000005942,http://data.ordnancesurvey.co.uk/ontology/admingeo/County,East Midlands,http://data.ordnancesurvey.co.uk/id/7000000000041423,England,http://data.ordnancesurvey.co.uk/id/country/england,,,
osgb4000000015673610,http://data.ordnancesurvey.co.uk/id/4000000015673610,Tealby Close,,,,transportNetwork,Named Road,483045,388981,1000,20000,483013,388962,483087,388992,DN21,http://data.ordnancesurvey.co.uk/id/postcodedistrict/DN21,Gainsborough,http://data.ordnancesurvey.co.uk/id/4000000074575425,http://www.ordnancesurvey.co.uk/xml/codelists/localtype.xml#town,West Lindsey,http://data.ordnancesurvey.co.uk/id/7000000000043527,http://data.ordnancesurvey.co.uk/ontology/admingeo/District,Lincolnshire,http://data.ordnancesurvey.co.uk/id/7000000000005942,http://data.ordnancesurvey.co.uk/ontology/admingeo/County,East Midlands,http://data.ordnancesurvey.co.uk/id/7000000000041423,England,http://data.ordnancesurvey.co.uk/id/country/england,,,
osgb4000000067707219,http://data.ordnancesurvey.co.uk/id/4000000067707219,The Walk,,,,transportNetwork,Named Road,482508,389459,1000,20000,482466,389432,482527,389506,DN21,http://data.ordnancesurvey.co.uk/id/postcodedistrict/DN21,Gainsborough,http://data.ordnancesurvey.co.uk/id/4000000074575425,http://www.ordnancesurvey.co.uk/xml/codelists/localtype.xml#town,West Lindsey,http://data.ordnancesurvey.co.uk/id/7000000000043527,http://data.ordnancesurvey.co.uk/ontology/admingeo/District,Lincolnshire,http://data.ordnancesurvey.co.uk/id/7000000000005942,http://data.ordnancesurvey.co.uk/ontology/admingeo/County,East Midlands,http://data.ordnancesurvey.co.uk/id/7000000000041423,England,http://data.ordnancesurvey.co.uk/id/country/england,,,
osgb4000000015673602,http://data.ordnancesurvey.co.uk/id/4000000015673602,Avenue A,,,,transportNetwork,Named Road,486952,386657,1000,20000,486924,386624,486987,386671,DN21,http://data.ordnancesurvey.co.uk/id/postcodedistrict/DN21,Upton,http://data.ordnancesurvey.co.uk/id/4000000074578003,http://www.ordnancesurvey.co.uk/xml/codelists/localtype.xml#village,West Lindsey,http://data.ordnancesurvey.co.uk/id/7000000000043527,http://data.ordnancesurvey.co.uk/ontology/admingeo/District,Lincolnshire,http://data.ordnancesurvey.co.uk/id/7000000000005942,http://data.ordnancesurvey.co.uk/ontology/admingeo/County,East Midlands,http://data.ordnancesurvey.co.uk/id/7000000000041423,England,http://data.ordnancesurvey.co.uk/id/country/england,,,
osgb4000000015627631,http://data.ordnancesurvey.co.uk/id/4000000015627631,Laughton Road,,,,transportNetwork,Named Road,482574,395384,20000,29000,481100,393152,484300,397622,DN21,http://data.ordnancesurvey.co.uk/id/postcodedistrict/DN21,,,,West Lindsey,http://data.ordnancesurvey.co.uk/id/7000000000043527,http://data.ordnancesurvey.co.uk/ontology/admingeo/District,Lincolnshire,http://data.ordnancesurvey.co.uk/id/7000000000005942,http://data.ordnancesurvey.co.uk/ontology/admingeo/County,East Midlands,http://data.ordnancesurvey.co.uk/id/7000000000041423,England,http://data.ordnancesurvey.co.uk/id/country/england,,,
osgb4000000015642430,http://data.ordnancesurvey.co.uk/id/4000000015642430,Hawthorn Avenue,,,,transportNetwork,Named Road,481831,390430,2000,20000,481799,390288,481892,390630,DN21,http://data.ordnancesurvey.co.uk/id/postcodedistrict/DN21,Gainsborough,http://data.ordnancesurvey.co.uk/id/4000000074575425,http://www.ordnancesurvey.co.uk/xml/codelists/localtype.xml#town,West Lindsey,http://data.ordnancesurvey.co.uk/id/7000000000043527,http://data.ordnancesurvey.co.uk/ontology/admingeo/District,Lincolnshire,http://data.ordnancesurvey.co.uk/id/7000000000005942,http://data.ordnancesurvey.co.uk/ontology/admingeo/County,East Midlands,http://data.ordnancesurvey.co.uk/id/7000000000041423,England,http://data.ordnancesurvey.co.uk/id/country/england,,,
osgb5000005295753241,http://data.ordnancesurvey.co.uk/id/5000005295753241,St Georges Close,,,,transportNetwork,Named Road,482245,389028,1000,20000,482245,389006,482247,389028,DN21,http://data.ordnancesurvey.co.uk/id/postcodedistrict/DN21,Gainsborough,http://data.ordnancesurvey.co.uk/id/4000000074575425,http://www.ordnancesurvey.co.uk/xml/codelists/localtype.xml#town,West Lindsey,http://data.ordnancesurvey.co.uk/id/7000000000043527,http://data.ordnancesurvey.co.uk/ontology/admingeo/District,Lincolnshire,http://data.ordnancesurvey.co.uk/id/7000000000005942,http://data.ordnancesurvey.co.uk/ontology/admingeo/County,East Midlands,http://data.ordnancesurvey.co.uk/id/7000000000041423,England,http://data.ordnancesurvey.co.uk/id/country/england,,,
osgb4000000015911862,http://data.ordnancesurvey.co.uk/id/4000000015911862,Grange Lane,,,,transportNetwork,Named Road,498362,392443,1000,20000,498298,392435,498411,392485,LN8,http://data.ordnancesurvey.co.uk/id/postcodedistrict/LN8,Bishop Norton,http://data.ordnancesurvey.co.uk/id/4000000074574339,http://www.ordnancesurvey.co.uk/xml/codelists/localtype.xml#village,West Lindsey,http://data.ordnancesurvey.co.uk/id/7000000000043527,http://data.ordnancesurvey.co.uk/ontology/admingeo/District,Lincolnshire,http://data.ordnancesurvey.co.uk/id/7000000000005942,http://data.ordnancesurvey.co.uk/ontology/admingeo/County,East Midlands,http://data.ordnancesurvey.co.uk/id/7000000000041423,England,http://data.ordnancesurvey.co.uk/id/country/england,,,
osgb4000000015627632,http://data.ordnancesurvey.co.uk/id/4000000015627632,Blyton Road,,,,transportNetwork,Named Road,485278,396493,10000,20000,484836,395825,485747,397365,DN21,http://data.ordnancesurvey.co.uk/id/postcodedistrict/DN21,,,,West Lindsey,http://data.ordnancesurvey.co.uk/id/7000000000043527,http://data.ordnancesurvey.co.uk/ontology/admingeo/District,Lincolnshire,http://data.ordnancesurvey.co.uk/id/7000000000005942,http://data.ordnancesurvey.co.uk/ontology/admingeo/County,East Midlands,http://data.ordnancesurvey.co.uk/id/7000000000041423,England,http://data.ordnancesurvey.co.uk/id/country/england,,,
18541885-5790-4781-9713-47687436d776,http://data.ordnancesurvey.co.uk/id/18541885-5790-4781-9713-47687436d776,Spital Lane,,,,transportNetwork,Section Of Named Road,496651,389928,1000,25000,496628,389909,496658,389934,LN8,http://data.ordnancesurvey.co.uk/id/postcodedistrict/LN8,Spital in the Street,http://data.ordnancesurvey.co.uk/id/4000000074333386,http://www.ordnancesurvey.co.uk/xml/codelists/localtype.xml#hamlet,West Lindsey,http://data.ordnancesurvey.co.uk/id/7000000000043527,http://data.ordnancesurvey.co.uk/ontology/admingeo/District,Lincolnshire,http://data.ordnancesurvey.co.uk/id/7000000000005942,http://data.ordnancesurvey.co.uk/ontology/admingeo/County,East Midlands,http://data.ordnancesurvey.co.uk/id/7000000000041423,England,http://data.ordnancesurvey.co.uk/id/country/england,osgb4000000015642897,,
osgb4000000015725604,http://data.ordnancesurvey.co.uk/id/4000000015725604,Old Chapel Court,,,,transportNetwork,Named Road,498153,396113,1000,20000,498142,396091,498168,396123,DN21,http://data.ordnancesurvey.co.uk/id/postcodedistrict/DN21,Waddingham,http://data.ordnancesurvey.co.uk/id/4000000074574880,http://www.ordnancesurvey.co.uk/xml/codelists/localtype.xml#village,West Lindsey,http://data.ordnancesurvey.co.uk/id/7000000000043527,http://data.ordnancesurvey.co.uk/ontology/admingeo/District,Lincolnshire,http://data.ordnancesurvey.co.uk/id/7000000000005942,http://data.ordnancesurvey.co.uk/ontology/admingeo/County,East Midlands,http://data.ordnancesurvey.co.uk/id/7000000000041423,England,http://data.ordnancesurvey.co.uk/id/country/england,,,
fa898a09-fdb9-4a28-b159-c4cee23933c6,http://data.ordnancesurvey.co.uk/id/fa898a09-fdb9-4a28-b159-c4cee23933c6,Littleborough Lane,,,,transportNetwork,Section Of Named Road,483868,382068,2000,25000,483699,382033,483976,382120,DN21,http://data.ordnancesurvey.co.uk/id/postcodedistrict/DN21,Marton,http://data.ordnancesurvey.co.uk/id/4000000074577537,http://www.ordnancesurvey.co.uk/xml/codelists/localtype.xml#village,West Lindsey,http://data.ordnancesurvey.co.uk/id/7000000000043527,http://data.ordnancesurvey.co.uk/ontology/admingeo/District,Lincolnshire,http://data.ordnancesurvey.co.uk/id/7000000000005942,http://data.ordnancesurvey.co.uk/ontology/admingeo/County,East Midlands,http://data.ordnancesurvey.co.uk/id/7000000000041423,England,http://data.ordnancesurvey.co.uk/id/country/england,osgb4000000015629623,,
osgb4000000015633782,http://data.ordnancesurvey.co.uk/id/4000000015633782,Trinity Street,,,,transportNetwork,Named Road,481699,389485,4000,20000,481692,389141,481736,389773,DN21,http://data.ordnancesurvey.co.uk/id/postcodedistrict/DN21,Gainsborough,http://data.ordnancesurvey.co.uk/id/4000000074575425,http://www.ordnancesurvey.co.uk/xml/codelists/localtype.xml#town,West Lindsey,http://data.ordnancesurvey.co.uk/id/7000000000043527,http://data.ordnancesurvey.co.uk/ontology/admingeo/District,Lincolnshire,http://data.ordnancesurvey.co.uk/id/7000000000005942,http://data.ordnancesurvey.co.uk/ontology/admingeo/County,East Midlands,http://data.ordnancesurvey.co.uk/id/7000000000041423,England,http://data.ordnancesurvey.co.uk/id/country/england,,,
osgb4000000015658523,http://data.ordnancesurvey.co.uk/id/4000000015658523,Louisberg Road,,,,transportNetwork,Named Road,494902,389766,1000,20000,494835,389747,495001,389782,DN21,http://data.ordnancesurvey.co.uk/id/postcodedistrict/DN21,Hemswell Cliff,http://data.ordnancesurvey.co.uk/id/4000000074574338,http://www.ordnancesurvey.co.uk/xml/codelists/localtype.xml#village,West Lindsey,http://data.ordnancesurvey.co.uk/id/7000000000043527,http://data.ordnancesurvey.co.uk/ontology/admingeo/District,Lincolnshire,http://data.ordnancesurvey.co.uk/id/7000000000005942,http://data.ordnancesurvey.co.uk/ontology/admingeo/County,East Midlands,http://data.ordnancesurvey.co.uk/id/7000000000041423,England,http://data.ordnancesurvey.co.uk/id/country/england,,,
osgb5000005292429771,http://data.ordnancesurvey.co.uk/id/5000005292429771,Milfield Close,,,,transportNetwork,Named Road,482392,390958,1000,20000,482342,390921,482431,390979,DN21,http://data.ordnancesurvey.co.uk/id/postcodedistrict/DN21,Gainsborough,http://data.ordnancesurvey.co.uk/id/4000000074575425,http://www.ordnancesurvey.co.uk/xml/codelists/localtype.xml#town,West Lindsey,http://data.ordnancesurvey.co.uk/id/7000000000043527,http://data.ordnancesurvey.co.uk/ontology/admingeo/District,Lincolnshire,http://data.ordnancesurvey.co.uk/id/7000000000005942,http://data.ordnancesurvey.co.uk/ontology/admingeo/County,East Midlands,http://data.ordnancesurvey.co.uk/id/7000000000041423,England,http://data.ordnancesurvey.co.uk/id/country/england,,,
osgb4000000015642896,http://data.ordnancesurvey.co.uk/id/4000000015642896,Canberra Crescent,,,,transportNetwork,Named Road,495838,389543,2000,20000,495726,389463,495962,389581,DN21,http://data.ordnancesurvey.co.uk/id/postcodedistrict/DN21,Hemswell Cliff,http://data.ordnancesurvey.co.uk/id/4000000074574338,http://www.ordnancesurvey.co.uk/xml/codelists/localtype.xml#village,West Lindsey,http://data.ordnancesurvey.co.uk/id/7000000000043527,http://data.ordnancesurvey.co.uk/ontology/admingeo/District,Lincolnshire,http://data.ordnancesurvey.co.uk/id/7000000000005942,http://data.ordnancesurvey.co.uk/ontology/admingeo/County,East Midlands,http://data.ordnancesurvey.co.uk/id/7000000000041423,England,http://data.ordnancesurvey.co.uk/id/country/england,,,
osgb4000000015629744,http://data.ordnancesurvey.co.uk/id/4000000015629744,Ropery Road,,,,transportNetwork,Named Road,481016,390693,10000,20000,480856,389889,481299,391501,DN21,http://data.ordnancesurvey.co.uk/id/postcodedistrict/DN21,Gainsborough,http://data.ordnancesurvey.co.uk/id/4000000074575425,http://www.ordnancesurvey.co.uk/xml/codelists/localtype.xml#town,West Lindsey,http://data.ordnancesurvey.co.uk/id/7000000000043527,http://data.ordnancesurvey.co.uk/ontology/admingeo/District,Lincolnshire,http://data.ordnancesurvey.co.uk/id/7000000000005942,http://data.ordnancesurvey.co.uk/ontology/admingeo/County,East Midlands,http://data.ordnancesurvey.co.uk/id/7000000000041423,England,http://data.ordnancesurvey.co.uk/id/country/england,,,
osgb4000000015673598,http://data.ordnancesurvey.co.uk/id/4000000015673598,Park Close,,,,transportNetwork,Named Road,482822,386517,1000,20000,482809,386434,482863,386590,DN21,http://data.ordnancesurvey.co.uk/id/postcodedistrict/DN21,Lea,http://data.ordnancesurvey.co.uk/id/4000000074578253,http://www.ordnancesurvey.co.uk/xml/codelists/localtype.xml#village,West Lindsey,http://data.ordnancesurvey.co.uk/id/7000000000043527,http://data.ordnancesurvey.co.uk/ontology/admingeo/District,Lincolnshire,http://data.ordnancesurvey.co.uk/id/7000000000005942,http://data.ordnancesurvey.co.uk/ontology/admingeo/County,East Midlands,http://data.ordnancesurvey.co.uk/id/7000000000041423,England,http://data.ordnancesurvey.co.uk/id/country/england,,,
osgb4000000015682083,http://data.ordnancesurvey.co.uk/id/4000000015682083,Fairfax Close,,,,transportNetwork,Named Road,482776,388690,1000,20000,482757,388689,482814,388693,DN21,http://data.ordnancesurvey.co.uk/id/postcodedistrict/DN21,Gainsborough,http://data.ordnancesurvey.co.uk/id/4000000074575425,http://www.ordnancesurvey.co.uk/xml/codelists/localtype.xml#town,West Lindsey,http://data.ordnancesurvey.co.uk/id/7000000000043527,http://data.ordnancesurvey.co.uk/ontology/admingeo/District,Lincolnshire,http://data.ordnancesurvey.co.uk/id/7000000000005942,http://data.ordnancesurvey.co.uk/ontology/admingeo/County,East Midlands,http://data.ordnancesurvey.co.uk/id/7000000000041423,England,http://data.ordnancesurvey.co.uk/id/country/england,,,
osgb4000000015682468,http://data.ordnancesurvey.co.uk/id/4000000015682468,Kisgate,,,,transportNetwork,Named Road,489177,380376,1000,20000,489171,380349,489186,380391,LN1,http://data.ordnancesurvey.co.uk/id/postcodedistrict/LN1,Sturton by Stow,http://data.ordnancesurvey.co.uk/id/4000000074574600,http://www.ordnancesurvey.co.uk/xml/codelists/localtype.xml#village,West Lindsey,http://data.ordnancesurvey.co.uk/id/7000000000043527,http://data.ordnancesurvey.co.uk/ontology/admingeo/District,Lincolnshire,http://data.ordnancesurvey.co.uk/id/7000000000005942,http://data.ordnancesurvey.co.uk/ontology/admingeo/County,East Midlands,http://data.ordnancesurvey.co.uk/id/7000000000041423,England,http://data.ordnancesurvey.co.uk/id/country/england,,,
osgb5000005114874787,http://data.ordnancesurvey.co.uk/id/5000005114874787,Birkdale Square,,,,transportNetwork,Named Road,482211,391012,1000,20000,482201,390976,482213,391033,DN21,http://data.ordnancesurvey.co.uk/id/postcodedistrict/DN21,Gainsborough,http://data.ordnancesurvey.co.uk/id/4000000074575425,http://www.ordnancesurvey.co.uk/xml/codelists/localtype.xml#town,West Lindsey,http://data.ordnancesurvey.co.uk/id/7000000000043527,http://data.ordnancesurvey.co.uk/ontology/admingeo/District,Lincolnshire,http://data.ordnancesurvey.co.uk/id/7000000000005942,http://data.ordnancesurvey.co.uk/ontology/admingeo/County,East Midlands,http://data.ordnancesurvey.co.uk/id/7000000000041423,England,http://data.ordnancesurvey.co.uk/id/country/england,,,
osgb4000000067707223,http://data.ordnancesurvey.co.uk/id/4000000067707223,Bradley's Walk,,,,transportNetwork,Named Road,481563,390090,1000,20000,481563,390090,481613,390109,DN21,http://data.ordnancesurvey.co.uk/id/postcodedistrict/DN21,Gainsborough,http://data.ordnancesurvey.co.uk/id/4000000074575425,http://www.ordnancesurvey.co.uk/xml/codelists/localtype.xml#town,West Lindsey,http://data.ordnancesurvey.co.uk/id/7000000000043527,http://data.ordnancesurvey.co.uk/ontology/admingeo/District,Lincolnshire,http://data.ordnancesurvey.co.uk/id/7000000000005942,http://data.ordnancesurvey.co.uk/ontology/admingeo/County,East Midlands,http://data.ordnancesurvey.co.uk/id/7000000000041423,England,http://data.ordnancesurvey.co.uk/id/country/england,,,
ed8d624b-2e75-4e49-ba5e-f22effb2a851,http://data.ordnancesurvey.co.uk/id/ed8d624b-2e75-4e49-ba5e-f22effb2a851,Carr Lane,,,,transportNetwork,Section Of Named Road,498629,392542,1000,25000,498563,392529,498685,392550,LN8,http://data.ordnancesurvey.co.uk/id/postcodedistrict/LN8,Bishop Norton,http://data.ordnancesurvey.co.uk/id/4000000074574339,http://www.ordnancesurvey.co.uk/xml/codelists/localtype.xml#village,West Lindsey,http://data.ordnancesurvey.co.uk/id/7000000000043527,http://data.ordnancesurvey.co.uk/ontology/admingeo/District,Lincolnshire,http://data.ordnancesurvey.co.uk/id/7000000000005942,http://data.ordnancesurvey.co.uk/ontology/admingeo/County,East Midlands,http://data.ordnancesurvey.co.uk/id/7000000000041423,England,http://data.ordnancesurvey.co.uk/id/country/england,osgb4000000026932004,,
osgb4000000015681812,http://data.ordnancesurvey.co.uk/id/4000000015681812,The Old Courtyard,,,,transportNetwork,Named Road,484016,382000,1000,20000,484016,381957,484018,382000,DN21,http://data.ordnancesurvey.co.uk/id/postcodedistrict/DN21,Marton,http://data.ordnancesurvey.co.uk/id/4000000074577537,http://www.ordnancesurvey.co.uk/xml/codelists/localtype.xml#village,West Lindsey,http://data.ordnancesurvey.co.uk/id/7000000000043527,http://data.ordnancesurvey.co.uk/ontology/admingeo/District,Lincolnshire,http://data.ordnancesurvey.co.uk/id/7000000000005942,http://data.ordnancesurvey.co.uk/ontology/admingeo/County,East Midlands,http://data.ordnancesurvey.co.uk/id/7000000000041423,England,http://data.ordnancesurvey.co.uk/id/country/england,,,
osgb4000000015991754,http://data.ordnancesurvey.co.uk/id/4000000015991754,Archer Court,,,,transportNetwork,Named Road,498319,392600,1000,20000,498312,392576,498331,392619,LN8,http://data.ordnancesurvey.co.uk/id/postcodedistrict/LN8,Bishop Norton,http://data.ordnancesurvey.co.uk/id/4000000074574339,http://www.ordnancesurvey.co.uk/xml/codelists/localtype.xml#village,West Lindsey,http://data.ordnancesurvey.co.uk/id/7000000000043527,http://data.ordnancesurvey.co.uk/ontology/admingeo/District,Lincolnshire,http://data.ordnancesurvey.co.uk/id/7000000000005942,http://data.ordnancesurvey.co.uk/ontology/admingeo/County,East Midlands,http://data.ordnancesurvey.co.uk/id/7000000000041423,England,http://data.ordnancesurvey.co.uk/id/country/england,,,
osgb4000000015642888,http://data.ordnancesurvey.co.uk/id/4000000015642888,Church Street,,,,transportNetwork,Named Road,494530,388026,2000,20000,494515,387841,494617,388202,DN21,http://data.ordnancesurvey.co.uk/id/postcodedistrict/DN21,Glentworth,http://data.ordnancesurvey.co.uk/id/4000000074574337,http://www.ordnancesurvey.co.uk/xml/codelists/localtype.xml#village,West Lindsey,http://data.ordnancesurvey.co.uk/id/7000000000043527,http://data.ordnancesurvey.co.uk/ontology/admingeo/District,Lincolnshire,http://data.ordnancesurvey.co.uk/id/7000000000005942,http://data.ordnancesurvey.co.uk/ontology/admingeo/County,East Midlands,http://data.ordnancesurvey.co.uk/id/7000000000041423,England,http://data.ordnancesurvey.co.uk/id/country/england,,,
osgb4000000015657662,http://data.ordnancesurvey.co.uk/id/4000000015657662,Gainas Avenue,,,,transportNetwork,Named Road,481476,390720,1000,20000,481377,390701,481558,390735,DN21,http://data.ordnancesurvey.co.uk/id/postcodedistrict/DN21,Gainsborough,http://data.ordnancesurvey.co.uk/id/4000000074575425,http://www.ordnancesurvey.co.uk/xml/codelists/localtype.xml#town,West Lindsey,http://data.ordnancesurvey.co.uk/id/7000000000043527,http://data.ordnancesurvey.co.uk/ontology/admingeo/District,Lincolnshire,http://data.ordnancesurvey.co.uk/id/7000000000005942,http://data.ordnancesurvey.co.uk/ontology/admingeo/County,East Midlands,http://data.ordnancesurvey.co.uk/id/7000000000041423,England,http://data.ordnancesurvey.co.uk/id/country/england,,,
osgb4000000015657663,http://data.ordnancesurvey.co.uk/id/4000000015657663,Spital Hill,,,,transportNetwork,Named Road,482000,390404,3000,20000,481813,390165,482263,390504,DN21,http://data.ordnancesurvey.co.uk/id/postcodedistrict/DN21,Gainsborough,http://data.ordnancesurvey.co.uk/id/4000000074575425,http://www.ordnancesurvey.co.uk/xml/codelists/localtype.xml#town,West Lindsey,http://data.ordnancesurvey.co.uk/id/7000000000043527,http://data.ordnancesurvey.co.uk/ontology/admingeo/District,Lincolnshire,http://data.ordnancesurvey.co.uk/id/7000000000005942,http://data.ordnancesurvey.co.uk/ontology/admingeo/County,East Midlands,http://data.ordnancesurvey.co.uk/id/7000000000041423,England,http://data.ordnancesurvey.co.uk/id/country/england,,,
osgb4000000015823259,http://data.ordnancesurvey.co.uk/id/4000000015823259,West End Road,,,,transportNetwork,Named Road,484559,397554,1000,20000,484539,397470,484636,397580,DN21,http://data.ordnancesurvey.co.uk/id/postcodedistrict/DN21,Laughton,http://data.ordnancesurvey.co.uk/id/4000000074575722,http://www.ordnancesurvey.co.uk/xml/codelists/localtype.xml#village,West Lindsey,http://data.ordnancesurvey.co.uk/id/7000000000043527,http://data.ordnancesurvey.co.uk/ontology/admingeo/District,Lincolnshire,http://data.ordnancesurvey.co.uk/id/7000000000005942,http://data.ordnancesurvey.co.uk/ontology/admingeo/County,East Midlands,http://data.ordnancesurvey.co.uk/id/7000000000041423,England,http://data.ordnancesurvey.co.uk/id/country/england,,,
osgb4000000026931638,http://data.ordnancesurvey.co.uk/id/4000000026931638,Saxby Cliff Road,,,,transportNetwork,Named Road,498932,385926,20000,26000,496929,385330,500996,386536,LN8,http://data.ordnancesurvey.co.uk/id/postcodedistrict/LN8,,,,West Lindsey,http://data.ordnancesurvey.co.uk/id/7000000000043527,http://data.ordnancesurvey.co.uk/ontology/admingeo/District,Lincolnshire,http://data.ordnancesurvey.co.uk/id/7000000000005942,http://data.ordnancesurvey.co.uk/ontology/admingeo/County,East Midlands,http://data.ordnancesurvey.co.uk/id/7000000000041423,England,http://data.ordnancesurvey.co.uk/id/country/england,,,
osgb4000000067707212,http://data.ordnancesurvey.co.uk/id/4000000067707212,Holme Walk,,,,transportNetwork,Named Road,482991,390052,1000,20000,482981,389982,483004,390108,DN21,http://data.ordnancesurvey.co.uk/id/postcodedistrict/DN21,Gainsborough,http://data.ordnancesurvey.co.uk/id/4000000074575425,http://www.ordnancesurvey.co.uk/xml/codelists/localtype.xml#town,West Lindsey,http://data.ordnancesurvey.co.uk/id/7000000000043527,http://data.ordnancesurvey.co.uk/ontology/admingeo/District,Lincolnshire,http://data.ordnancesurvey.co.uk/id/7000000000005942,http://data.ordnancesurvey.co.uk/ontology/admingeo/County,East Midlands,http://data.ordnancesurvey.co.uk/id/7000000000041423,England,http://data.ordnancesurvey.co.uk/id/country/england,,,
osgb4000000071069838,http://data.ordnancesurvey.co.uk/id/4000000071069838,Flag Alley,,,,transportNetwork,Named Road,481468,389890,1000,20000,481467,389872,481495,389918,DN21,http://data.ordnancesurvey.co.uk/id/postcodedistrict/DN21,Gainsborough,http://data.ordnancesurvey.co.uk/id/4000000074575425,http://www.ordnancesurvey.co.uk/xml/codelists/localtype.xml#town,West Lindsey,http://data.ordnancesurvey.co.uk/id/7000000000043527,http://data.ordnancesurvey.co.uk/ontology/admingeo/District,Lincolnshire,http://data.ordnancesurvey.co.uk/id/7000000000005942,http://data.ordnancesurvey.co.uk/ontology/admingeo/County,East Midlands,http://data.ordnancesurvey.co.uk/id/7000000000041423,England,http://data.ordnancesurvey.co.uk/id/country/england,,,
osgb4000000015627684,http://data.ordnancesurvey.co.uk/id/4000000015627684,Thorpe Lane,,,,transportNetwork,Named Road,492220,380648,20000,31000,490024,380023,494851,380776,LN1,http://data.ordnancesurvey.co.uk/id/postcodedistrict/LN1,,,,West Lindsey,http://data.ordnancesurvey.co.uk/id/7000000000043527,http://data.ordnancesurvey.co.uk/ontology/admingeo/District,Lincolnshire,http://data.ordnancesurvey.co.uk/id/7000000000005942,http://data.ordnancesurvey.co.uk/ontology/admingeo/County,East Midlands,http://data.ordnancesurvey.co.uk/id/7000000000041423,England,http://data.ordnancesurvey.co.uk/id/country/england,,,
d8a0fad3-8861-4413-b5ca-b4f932f2aa0a,http://data.ordnancesurvey.co.uk/id/d8a0fad3-8861-4413-b5ca-b4f932f2aa0a,High Street,,,,transportNetwork,Section Of Named Road,497274,399989,4000,25000,497082,399689,497353,400307,DN21,http://data.ordnancesurvey.co.uk/id/postcodedistrict/DN21,Redbourne,http://data.ordnancesurvey.co.uk/id/4000000074574881,http://www.ordnancesurvey.co.uk/xml/codelists/localtype.xml#village,,,,North Lincolnshire,http://data.ordnancesurvey.co.uk/id/7000000000025623,http://data.ordnancesurvey.co.uk/ontology/admingeo/UnitaryAuthority,Yorkshire and the Humber,http://data.ordnancesurvey.co.uk/id/7000000000041430,England,http://data.ordnancesurvey.co.uk/id/country/england,osgb4000000010931189,,
osgb4000000015673553,http://data.ordnancesurvey.co.uk/id/4000000015673553,Wintern Court,,,,transportNetwork,Named Road,481685,388675,1000,20000,481659,388623,481737,388725,DN21,http://data.ordnancesurvey.co.uk/id/postcodedistrict/DN21,Gainsborough,http://data.ordnancesurvey.co.uk/id/4000000074575425,http://www.ordnancesurvey.co.uk/xml/codelists/localtype.xml#town,West Lindsey,http://data.ordnancesurvey.co.uk/id/7000000000043527,http://data.ordnancesurvey.co.uk/ontology/admingeo/District,Lincolnshire,http://data.ordnancesurvey.co.uk/id/7000000000005942,http://data.ordnancesurvey.co.uk/ontology/admingeo/County,East Midlands,http://data.ordnancesurvey.co.uk/id/7000000000041423,England,http://data.ordnancesurvey.co.uk/id/country/england,,,
96640c10-202b-43d5-9794-fcf1da6c07e4,http://data.ordnancesurvey.co.uk/id/96640c10-202b-43d5-9794-fcf1da6c07e4,Church Road,,,,transportNetwork,Section Of Named Road,485139,397222,4000,25000,484837,397193,485458,397383,DN21,http://data.ordnancesurvey.co.uk/id/postcodedistrict/DN21,Laughton,http://data.ordnancesurvey.co.uk/id/4000000074575722,http://www.ordnancesurvey.co.uk/xml/codelists/localtype.xml#village,West Lindsey,http://data.ordnancesurvey.co.uk/id/7000000000043527,http://data.ordnancesurvey.co.uk/ontology/admingeo/District,Lincolnshire,http://data.ordnancesurvey.co.uk/id/7000000000005942,http://data.ordnancesurvey.co.uk/ontology/admingeo/County,East Midlands,http://data.ordnancesurvey.co.uk/id/7000000000041423,England,http://data.ordnancesurvey.co.uk/id/country/england,osgb4000000015629770,,
osgb4000000071069874,http://data.ordnancesurvey.co.uk/id/4000000071069874,Pump Alley,,,,transportNetwork,Named Road,480963,391611,1000,20000,480962,391507,480987,391630,DN21,http://data.ordnancesurvey.co.uk/id/postcodedistrict/DN21,Gainsborough,http://data.ordnancesurvey.co.uk/id/4000000074575425,http://www.ordnancesurvey.co.uk/xml/codelists/localtype.xml#town,West Lindsey,http://data.ordnancesurvey.co.uk/id/7000000000043527,http://data.ordnancesurvey.co.uk/ontology/admingeo/District,Lincolnshire,http://data.ordnancesurvey.co.uk/id/7000000000005942,http://data.ordnancesurvey.co.uk/ontology/admingeo/County,East Midlands,http://data.ordnancesurvey.co.uk/id/7000000000041423,England,http://data.ordnancesurvey.co.uk/id/country/england,,,
osgb4000000015658536,http://data.ordnancesurvey.co.uk/id/4000000015658536,Eastfields,,,,transportNetwork,Named Road,498535,392597,1000,20000,498429,392529,498563,392639,LN8,http://data.ordnancesurvey.co.uk/id/postcodedistrict/LN8,Bishop Norton,http://data.ordnancesurvey.co.uk/id/4000000074574339,http://www.ordnancesurvey.co.uk/xml/codelists/localtype.xml#village,West Lindsey,http://data.ordnancesurvey.co.uk/id/7000000000043527,http://data.ordnancesurvey.co.uk/ontology/admingeo/District,Lincolnshire,http://data.ordnancesurvey.co.uk/id/7000000000005942,http://data.ordnancesurvey.co.uk/ontology/admingeo/County,East Midlands,http://data.ordnancesurvey.co.uk/id/7000000000041423,England,http://data.ordnancesurvey.co.uk/id/country/england,,,
osgb4000000015999412,http://data.ordnancesurvey.co.uk/id/4000000015999412,Pilgrims Way,,,,transportNetwork,Named Road,482944,388696,1000,20000,482872,388679,482994,388784,DN21,http://data.ordnancesurvey.co.uk/id/postcodedistrict/DN21,Gainsborough,http://data.ordnancesurvey.co.uk/id/4000000074575425,http://www.ordnancesurvey.co.uk/xml/codelists/localtype.xml#town,West Lindsey,http://data.ordnancesurvey.co.uk/id/7000000000043527,http://data.ordnancesurvey.co.uk/ontology/admingeo/District,Lincolnshire,http://data.ordnancesurvey.co.uk/id/7000000000005942,http://data.ordnancesurvey.co.uk/ontology/admingeo/County,East Midlands,http://data.ordnancesurvey.co.uk/id/7000000000041423,England,http://data.ordnancesurvey.co.uk/id/country/england,,,
osgb4000000015801561,http://data.ordnancesurvey.co.uk/id/4000000015801561,Ermine Street,,,,transportNetwork,Named Road,496098,399626,6000,20000,496057,399181,496141,400146,DN21,http://data.ordnancesurvey.co.uk/id/postcodedistrict/DN21,,,,,,,North Lincolnshire,http://data.ordnancesurvey.co.uk/id/7000000000025623,http://data.ordnancesurvey.co.uk/ontology/admingeo/UnitaryAuthority,Yorkshire and the Humber,http://data.ordnancesurvey.co.uk/id/7000000000041430,England,http://data.ordnancesurvey.co.uk/id/country/england,,,
osgb4000000015642883,http://data.ordnancesurvey.co.uk/id/4000000015642883,West End,,,,transportNetwork,Named Road,494397,383586,1000,20000,494292,383538,494509,383611,LN1,http://data.ordnancesurvey.co.uk/id/postcodedistrict/LN1,Ingham,http://data.ordnancesurvey.co.uk/id/4000000074574875,http://www.ordnancesurvey.co.uk/xml/codelists/localtype.xml#village,West Lindsey,http://data.ordnancesurvey.co.uk/id/7000000000043527,http://data.ordnancesurvey.co.uk/ontology/admingeo/District,Lincolnshire,http://data.ordnancesurvey.co.uk/id/7000000000005942,http://data.ordnancesurvey.co.uk/ontology/admingeo/County,East Midlands,http://data.ordnancesurvey.co.uk/id/7000000000041423,England,http://data.ordnancesurvey.co.uk/id/country/england,,,
ff382a0c-7268-48f0-baa1-196fed9aeb05,http://data.ordnancesurvey.co.uk/id/ff382a0c-7268-48f0-baa1-196fed9aeb05,Main Street,,,,transportNetwork,Section Of Named Road,499712,382464,5000,25000,499329,382321,500069,382625,LN2,http://data.ordnancesurvey.co.uk/id/postcodedistrict/LN2,Hackthorn,http://data.ordnancesurvey.co.uk/id/4000000074574879,http://www.ordnancesurvey.co.uk/xml/codelists/localtype.xml#village,West Lindsey,http://data.ordnancesurvey.co.uk/id/7000000000043527,http://data.ordnancesurvey.co.uk/ontology/admingeo/District,Lincolnshire,http://data.ordnancesurvey.co.uk/id/7000000000005942,http://data.ordnancesurvey.co.uk/ontology/admingeo/County,East Midlands,http://data.ordnancesurvey.co.uk/id/7000000000041423,England,http://data.ordnancesurvey.co.uk/id/country/england,osgb4000000026934385,,
osgb4000000015642881,http://data.ordnancesurvey.co.uk/id/4000000015642881,Hopgardens,,,,transportNetwork,Named Road,487766,384688,1000,20000,487746,384599,487781,384788,DN21,http://data.ordnancesurvey.co.uk/id/postcodedistrict/DN21,Willingham by Stow,http://data.ordnancesurvey.co.uk/id/4000000074575139,http://www.ordnancesurvey.co.uk/xml/codelists/localtype.xml#village,West Lindsey,http://data.ordnancesurvey.co.uk/id/7000000000043527,http://data.ordnancesurvey.co.uk/ontology/admingeo/District,Lincolnshire,http://data.ordnancesurvey.co.uk/id/7000000000005942,http://data.ordnancesurvey.co.uk/ontology/admingeo/County,East Midlands,http://data.ordnancesurvey.co.uk/id/7000000000041423,England,http://data.ordnancesurvey.co.uk/id/country/england,,,
osgb4000000015657611,http://data.ordnancesurvey.co.uk/id/4000000015657611,Gordon Street,,,,transportNetwork,Named Road,481823,388901,1000,20000,481812,388800,481837,388984,DN21,http://data.ordnancesurvey.co.uk/id/postcodedistrict/DN21,Gainsborough,http://data.ordnancesurvey.co.uk/id/4000000074575425,http://www.ordnancesurvey.co.uk/xml/codelists/localtype.xml#town,West Lindsey,http://data.ordnancesurvey.co.uk/id/7000000000043527,http://data.ordnancesurvey.co.uk/ontology/admingeo/District,Lincolnshire,http://data.ordnancesurvey.co.uk/id/7000000000005942,http://data.ordnancesurvey.co.uk/ontology/admingeo/County,East Midlands,http://data.ordnancesurvey.co.uk/id/7000000000041423,England,http://data.ordnancesurvey.co.uk/id/country/england,,,
osgb4000000015657645,http://data.ordnancesurvey.co.uk/id/4000000015657645,Fawcett Street,,,,transportNetwork,Named Road,481349,390126,1000,20000,481346,390053,481351,390221,DN21,http://data.ordnancesurvey.co.uk/id/postcodedistrict/DN21,Gainsborough,http://data.ordnancesurvey.co.uk/id/4000000074575425,http://www.ordnancesurvey.co.uk/xml/codelists/localtype.xml#town,West Lindsey,http://data.ordnancesurvey.co.uk/id/7000000000043527,http://data.ordnancesurvey.co.uk/ontology/admingeo/District,Lincolnshire,http://data.ordnancesurvey.co.uk/id/7000000000005942,http://data.ordnancesurvey.co.uk/ontology/admingeo/County,East Midlands,http://data.ordnancesurvey.co.uk/id/7000000000041423,England,http://data.ordnancesurvey.co.uk/id/country/england,,,
osgb4000000015657694,http://data.ordnancesurvey.co.uk/id/4000000015657694,Cherry Tree Road,,,,transportNetwork,Named Road,482488,390000,2000,20000,482480,389927,482492,390169,DN21,http://data.ordnancesurvey.co.uk/id/postcodedistrict/DN21,Gainsborough,http://data.ordnancesurvey.co.uk/id/4000000074575425,http://www.ordnancesurvey.co.uk/xml/codelists/localtype.xml#town,West Lindsey,http://data.ordnancesurvey.co.uk/id/7000000000043527,http://data.ordnancesurvey.co.uk/ontology/admingeo/District,Lincolnshire,http://data.ordnancesurvey.co.uk/id/7000000000005942,http://data.ordnancesurvey.co.uk/ontology/admingeo/County,East Midlands,http://data.ordnancesurvey.co.uk/id/7000000000041423,England,http://data.ordnancesurvey.co.uk/id/country/england,,,
osgb4000000015642411,http://data.ordnancesurvey.co.uk/id/4000000015642411,Ashcroft Road,,,,transportNetwork,Named Road,481710,388929,2000,20000,481638,388793,481726,389124,DN21,http://data.ordnancesurvey.co.uk/id/postcodedistrict/DN21,Gainsborough,http://data.ordnancesurvey.co.uk/id/4000000074575425,http://www.ordnancesurvey.co.uk/xml/codelists/localtype.xml#town,West Lindsey,http://data.ordnancesurvey.co.uk/id/7000000000043527,http://data.ordnancesurvey.co.uk/ontology/admingeo/District,Lincolnshire,http://data.ordnancesurvey.co.uk/id/7000000000005942,http://data.ordnancesurvey.co.uk/ontology/admingeo/County,East Midlands,http://data.ordnancesurvey.co.uk/id/7000000000041423,England,http://data.ordnancesurvey.co.uk/id/country/england,,,
osgb4000000015657616,http://data.ordnancesurvey.co.uk/id/4000000015657616,Linden Terrace,,,,transportNetwork,Named Road,481687,389334,1000,20000,481594,389321,481717,389339,DN21,http://data.ordnancesurvey.co.uk/id/postcodedistrict/DN21,Gainsborough,http://data.ordnancesurvey.co.uk/id/4000000074575425,http://www.ordnancesurvey.co.uk/xml/codelists/localtype.xml#town,West Lindsey,http://data.ordnancesurvey.co.uk/id/7000000000043527,http://data.ordnancesurvey.co.uk/ontology/admingeo/District,Lincolnshire,http://data.ordnancesurvey.co.uk/id/7000000000005942,http://data.ordnancesurvey.co.uk/ontology/admingeo/County,East Midlands,http://data.ordnancesurvey.co.uk/id/7000000000041423,England,http://data.ordnancesurvey.co.uk/id/country/england,,,
osgb4000000015657632,http://data.ordnancesurvey.co.uk/id/4000000015657632,Asquith Street,,,,transportNetwork,Named Road,480975,390500,1000,20000,480951,390477,480979,390687,DN21,http://data.ordnancesurvey.co.uk/id/postcodedistrict/DN21,Gainsborough,http://data.ordnancesurvey.co.uk/id/4000000074575425,http://www.ordnancesurvey.co.uk/xml/codelists/localtype.xml#town,West Lindsey,http://data.ordnancesurvey.co.uk/id/7000000000043527,http://data.ordnancesurvey.co.uk/ontology/admingeo/District,Lincolnshire,http://data.ordnancesurvey.co.uk/id/7000000000005942,http://data.ordnancesurvey.co.uk/ontology/admingeo/County,East Midlands,http://data.ordnancesurvey.co.uk/id/7000000000041423,England,http://data.ordnancesurvey.co.uk/id/country/england,,,
e0be72ce-6f32-4abf-b41e-0c93af0b7c91,http://data.ordnancesurvey.co.uk/id/e0be72ce-6f32-4abf-b41e-0c93af0b7c91,Carr Lane,,,,transportNetwork,Section Of Named Road,480883,397770,1000,25000,480797,397768,480955,397782,DN21,http://data.ordnancesurvey.co.uk/id/postcodedistrict/DN21,Wildsworth,http://data.ordnancesurvey.co.uk/id/4000000074576002,http://www.ordnancesurvey.co.uk/xml/codelists/localtype.xml#hamlet,West Lindsey,http://data.ordnancesurvey.co.uk/id/7000000000043527,http://data.ordnancesurvey.co.uk/ontology/admingeo/District,Lincolnshire,http://data.ordnancesurvey.co.uk/id/7000000000005942,http://data.ordnancesurvey.co.uk/ontology/admingeo/County,East Midlands,http://data.ordnancesurvey.co.uk/id/7000000000041423,England,http://data.ordnancesurvey.co.uk/id/country/england,osgb4000000015627633,,
osgb4000000016019576,http://data.ordnancesurvey.co.uk/id/4000000016019576,School Lane,,,,transportNetwork,Named Road,495390,380934,7000,20000,494888,380934,495895,381034,LN1,http://data.ordnancesurvey.co.uk/id/postcodedistrict/LN1,,,,West Lindsey,http://data.ordnancesurvey.co.uk/id/7000000000043527,http://data.ordnancesurvey.co.uk/ontology/admingeo/District,Lincolnshire,http://data.ordnancesurvey.co.uk/id/7000000000005942,http://data.ordnancesurvey.co.uk/ontology/admingeo/County,East Midlands,http://data.ordnancesurvey.co.uk/id/7000000000041423,England,http://data.ordnancesurvey.co.uk/id/country/england,,,
osgb5000005256123507,http://data.ordnancesurvey.co.uk/id/5000005256123507,Beechcroft Drive,,,,transportNetwork,Named Road,493387,399208,1000,20000,493287,399142,493476,399238,DN21,http://data.ordnancesurvey.co.uk/id/postcodedistrict/DN21,Kirton in Lindsey,http://data.ordnancesurvey.co.uk/id/4000000074574884,http://www.ordnancesurvey.co.uk/xml/codelists/localtype.xml#town,,,,North Lincolnshire,http://data.ordnancesurvey.co.uk/id/7000000000025623,http://data.ordnancesurvey.co.uk/ontology/admingeo/UnitaryAuthority,Yorkshire and the Humber,http://data.ordnancesurvey.co.uk/id/7000000000041430,England,http://data.ordnancesurvey.co.uk/id/country/england,,,
osgb4000000015682074,http://data.ordnancesurvey.co.uk/id/4000000015682074,New Street,,,,transportNetwork,Named Road,481500,390185,1000,20000,481468,390182,481507,390186,DN21,http://data.ordnancesurvey.co.uk/id/postcodedistrict/DN21,Gainsborough,http://data.ordnancesurvey.co.uk/id/4000000074575425,http://www.ordnancesurvey.co.uk/xml/codelists/localtype.xml#town,West Lindsey,http://data.ordnancesurvey.co.uk/id/7000000000043527,http://data.ordnancesurvey.co.uk/ontology/admingeo/District,Lincolnshire,http://data.ordnancesurvey.co.uk/id/7000000000005942,http://data.ordnancesurvey.co.uk/ontology/admingeo/County,East Midlands,http://data.ordnancesurvey.co.uk/id/7000000000041423,England,http://data.ordnancesurvey.co.uk/id/country/england,,,
osgb4000000015629616,http://data.ordnancesurvey.co.uk/id/4000000015629616,Littleborough Road,,,,transportNetwork,Named Road,480456,383484,13000,20000,479442,383069,481470,383937,DN22,http://data.ordnancesurvey.co.uk/id/postcodedistrict/DN22,,,,Bassetlaw,http://data.ordnancesurvey.co.uk/id/7000000000008122,http://data.ordnancesurvey.co.uk/ontology/admingeo/District,Nottinghamshire,http://data.ordnancesurvey.co.uk/id/7000000000008127,http://data.ordnancesurvey.co.uk/ontology/admingeo/County,East Midlands,http://data.ordnancesurvey.co.uk/id/7000000000041423,England,http://data.ordnancesurvey.co.uk/id/country/england,,,
osgb5000005250080463,http://data.ordnancesurvey.co.uk/id/5000005250080463,Wharton Close,,,,transportNetwork,Named Road,483229,388801,1000,20000,483170,388746,483307,388830,DN21,http://data.ordnancesurvey.co.uk/id/postcodedistrict/DN21,Gainsborough,http://data.ordnancesurvey.co.uk/id/4000000074575425,http://www.ordnancesurvey.co.uk/xml/codelists/localtype.xml#town,West Lindsey,http://data.ordnancesurvey.co.uk/id/7000000000043527,http://data.ordnancesurvey.co.uk/ontology/admingeo/District,Lincolnshire,http://data.ordnancesurvey.co.uk/id/7000000000005942,http://data.ordnancesurvey.co.uk/ontology/admingeo/County,East Midlands,http://data.ordnancesurvey.co.uk/id/7000000000041423,England,http://data.ordnancesurvey.co.uk/id/country/england,,,
osgb4000000015627630,http://data.ordnancesurvey.co.uk/id/4000000015627630,South Street,,,,transportNetwork,Named Road,481425,399335,9000,20000,480773,398556,481506,399907,DN9,http://data.ordnancesurvey.co.uk/id/postcodedistrict/DN9,Owston Ferry,http://data.ordnancesurvey.co.uk/id/4000000074575724,http://www.ordnancesurvey.co.uk/xml/codelists/localtype.xml#village,,,,North Lincolnshire,http://data.ordnancesurvey.co.uk/id/7000000000025623,http://data.ordnancesurvey.co.uk/ontology/admingeo/UnitaryAuthority,Yorkshire and the Humber,http://data.ordnancesurvey.co.uk/id/7000000000041430,England,http://data.ordnancesurvey.co.uk/id/country/england,,,
657a97ed-8248-409d-aa3e-323009bc66ff,http://data.ordnancesurvey.co.uk/id/657a97ed-8248-409d-aa3e-323009bc66ff,The Belt Road,,,,transportNetwork,Section Of Named Road,482849,391045,9000,25000,482057,390560,483398,391273,DN21,http://data.ordnancesurvey.co.uk/id/postcodedistrict/DN21,Gainsborough,http://data.ordnancesurvey.co.uk/id/4000000074575425,http://www.ordnancesurvey.co.uk/xml/codelists/localtype.xml#town,West Lindsey,http://data.ordnancesurvey.co.uk/id/7000000000043527,http://data.ordnancesurvey.co.uk/ontology/admingeo/District,Lincolnshire,http://data.ordnancesurvey.co.uk/id/7000000000005942,http://data.ordnancesurvey.co.uk/ontology/admingeo/County,East Midlands,http://data.ordnancesurvey.co.uk/id/7000000000041423,England,http://data.ordnancesurvey.co.uk/id/country/england,osgb4000000015629749,,
osgb4000000015642909,http://data.ordnancesurvey.co.uk/id/4000000015642909,Dunstan Hill,,,,transportNetwork,Named Road,493635,398333,2000,20000,493427,398271,493807,398438,DN21,http://data.ordnancesurvey.co.uk/id/postcodedistrict/DN21,Kirton in Lindsey,http://data.ordnancesurvey.co.uk/id/4000000074574884,http://www.ordnancesurvey.co.uk/xml/codelists/localtype.xml#town,,,,North Lincolnshire,http://data.ordnancesurvey.co.uk/id/7000000000025623,http://data.ordnancesurvey.co.uk/ontology/admingeo/UnitaryAuthority,Yorkshire and the Humber,http://data.ordnancesurvey.co.uk/id/7000000000041430,England,http://data.ordnancesurvey.co.uk/id/country/england,,,
osgb4000000015627691,http://data.ordnancesurvey.co.uk/id/4000000015627691,Kexby Road,,,,transportNetwork,Named Road,492519,387168,20000,29000,490300,386819,494787,387922,DN21,http://data.ordnancesurvey.co.uk/id/postcodedistrict/DN21,,,,West Lindsey,http://data.ordnancesurvey.co.uk/id/7000000000043527,http://data.ordnancesurvey.co.uk/ontology/admingeo/District,Lincolnshire,http://data.ordnancesurvey.co.uk/id/7000000000005942,http://data.ordnancesurvey.co.uk/ontology/admingeo/County,East Midlands,http://data.ordnancesurvey.co.uk/id/7000000000041423,England,http://data.ordnancesurvey.co.uk/id/country/england,,,
osgb4000000015642426,http://data.ordnancesurvey.co.uk/id/4000000015642426,North Marsh Road,,,,transportNetwork,Named Road,481123,390901,2000,20000,480992,390880,481288,390925,DN21,http://data.ordnancesurvey.co.uk/id/postcodedistrict/DN21,Gainsborough,http://data.ordnancesurvey.co.uk/id/4000000074575425,http://www.ordnancesurvey.co.uk/xml/codelists/localtype.xml#town,West Lindsey,http://data.ordnancesurvey.co.uk/id/7000000000043527,http://data.ordnancesurvey.co.uk/ontology/admingeo/District,Lincolnshire,http://data.ordnancesurvey.co.uk/id/7000000000005942,http://data.ordnancesurvey.co.uk/ontology/admingeo/County,East Midlands,http://data.ordnancesurvey.co.uk/id/7000000000041423,England,http://data.ordnancesurvey.co.uk/id/country/england,,,
osgb5000005158700881,http://data.ordnancesurvey.co.uk/id/5000005158700881,Bob Rainsworth Way,,,,transportNetwork,Named Road,482728,390668,2000,20000,482660,390488,482785,390849,DN21,http://data.ordnancesurvey.co.uk/id/postcodedistrict/DN21,Gainsborough,http://data.ordnancesurvey.co.uk/id/4000000074575425,http://www.ordnancesurvey.co.uk/xml/codelists/localtype.xml#town,West Lindsey,http://data.ordnancesurvey.co.uk/id/7000000000043527,http://data.ordnancesurvey.co.uk/ontology/admingeo/District,Lincolnshire,http://data.ordnancesurvey.co.uk/id/7000000000005942,http://data.ordnancesurvey.co.uk/ontology/admingeo/County,East Midlands,http://data.ordnancesurvey.co.uk/id/7000000000041423,England,http://data.ordnancesurvey.co.uk/id/country/england,,,
osgb4000000015709558,http://data.ordnancesurvey.co.uk/id/4000000015709558,Spring Gardens,,,,transportNetwork,Named Road,481750,389935,1000,20000,481646,389917,481847,389948,DN21,http://data.ordnancesurvey.co.uk/id/postcodedistrict/DN21,Gainsborough,http://data.ordnancesurvey.co.uk/id/4000000074575425,http://www.ordnancesurvey.co.uk/xml/codelists/localtype.xml#town,West Lindsey,http://data.ordnancesurvey.co.uk/id/7000000000043527,http://data.ordnancesurvey.co.uk/ontology/admingeo/District,Lincolnshire,http://data.ordnancesurvey.co.uk/id/7000000000005942,http://data.ordnancesurvey.co.uk/ontology/admingeo/County,East Midlands,http://data.ordnancesurvey.co.uk/id/7000000000041423,England,http://data.ordnancesurvey.co.uk/id/country/england,,,
osgb4000000015642438,http://data.ordnancesurvey.co.uk/id/4000000015642438,Sandars Road,,,,transportNetwork,Named Road,483422,389177,4000,20000,483172,389028,483755,389336,DN21,http://data.ordnancesurvey.co.uk/id/postcodedistrict/DN21,Gainsborough,http://data.ordnancesurvey.co.uk/id/4000000074575425,http://www.ordnancesurvey.co.uk/xml/codelists/localtype.xml#town,West Lindsey,http://data.ordnancesurvey.co.uk/id/7000000000043527,http://data.ordnancesurvey.co.uk/ontology/admingeo/District,Lincolnshire,http://data.ordnancesurvey.co.uk/id/7000000000005942,http://data.ordnancesurvey.co.uk/ontology/admingeo/County,East Midlands,http://data.ordnancesurvey.co.uk/id/7000000000041423,England,http://data.ordnancesurvey.co.uk/id/country/england,,,
osgb4000000015674495,http://data.ordnancesurvey.co.uk/id/4000000015674495,Silver Street,,,,transportNetwork,Named Road,498206,396035,1000,20000,498163,395977,498222,396086,DN21,http://data.ordnancesurvey.co.uk/id/postcodedistrict/DN21,Waddingham,http://data.ordnancesurvey.co.uk/id/4000000074574880,http://www.ordnancesurvey.co.uk/xml/codelists/localtype.xml#village,West Lindsey,http://data.ordnancesurvey.co.uk/id/7000000000043527,http://data.ordnancesurvey.co.uk/ontology/admingeo/District,Lincolnshire,http://data.ordnancesurvey.co.uk/id/7000000000005942,http://data.ordnancesurvey.co.uk/ontology/admingeo/County,East Midlands,http://data.ordnancesurvey.co.uk/id/7000000000041423,England,http://data.ordnancesurvey.co.uk/id/country/england,,,
d50464d4-ca43-419b-bfd7-137eb93b853c,http://data.ordnancesurvey.co.uk/id/d50464d4-ca43-419b-bfd7-137eb93b853c,Blyton Road,,,,transportNetwork,Section Of Named Road,484837,397265,1000,25000,484836,397150,484856,397365,DN21,http://data.ordnancesurvey.co.uk/id/postcodedistrict/DN21,Laughton,http://data.ordnancesurvey.co.uk/id/4000000074575722,http://www.ordnancesurvey.co.uk/xml/codelists/localtype.xml#village,West Lindsey,http://data.ordnancesurvey.co.uk/id/7000000000043527,http://data.ordnancesurvey.co.uk/ontology/admingeo/District,Lincolnshire,http://data.ordnancesurvey.co.uk/id/7000000000005942,http://data.ordnancesurvey.co.uk/ontology/admingeo/County,East Midlands,http://data.ordnancesurvey.co.uk/id/7000000000041423,England,http://data.ordnancesurvey.co.uk/id/country/england,osgb4000000015627632,,
osgb4000000015642412,http://data.ordnancesurvey.co.uk/id/4000000015642412,Bridge Street,,,,transportNetwork,Named Road,481487,389427,4000,20000,481407,389097,481534,389744,DN21,http://data.ordnancesurvey.co.uk/id/postcodedistrict/DN21,Gainsborough,http://data.ordnancesurvey.co.uk/id/4000000074575425,http://www.ordnancesurvey.co.uk/xml/codelists/localtype.xml#town,West Lindsey,http://data.ordnancesurvey.co.uk/id/7000000000043527,http://data.ordnancesurvey.co.uk/ontology/admingeo/District,Lincolnshire,http://data.ordnancesurvey.co.uk/id/7000000000005942,http://data.ordnancesurvey.co.uk/ontology/admingeo/County,East Midlands,http://data.ordnancesurvey.co.uk/id/7000000000041423,England,http://data.ordnancesurvey.co.uk/id/country/england,,,
osgb4000000015674462,http://data.ordnancesurvey.co.uk/id/4000000015674462,Saint Hugh's Terrace,,,,transportNetwork,Named Road,488967,380479,1000,20000,488871,380476,488999,380504,LN1,http://data.ordnancesurvey.co.uk/id/postcodedistrict/LN1,Sturton by Stow,http://data.ordnancesurvey.co.uk/id/4000000074574600,http://www.ordnancesurvey.co.uk/xml/codelists/localtype.xml#village,West Lindsey,http://data.ordnancesurvey.co.uk/id/7000000000043527,http://data.ordnancesurvey.co.uk/ontology/admingeo/District,Lincolnshire,http://data.ordnancesurvey.co.uk/id/7000000000005942,http://data.ordnancesurvey.co.uk/ontology/admingeo/County,East Midlands,http://data.ordnancesurvey.co.uk/id/7000000000041423,England,http://data.ordnancesurvey.co.uk/id/country/england,,,
osgb4000000015942589,http://data.ordnancesurvey.co.uk/id/4000000015942589,Millers Close,,,,transportNetwork,Named Road,493594,399013,1000,20000,493552,399002,493656,399051,DN21,http://data.ordnancesurvey.co.uk/id/postcodedistrict/DN21,Kirton in Lindsey,http://data.ordnancesurvey.co.uk/id/4000000074574884,http://www.ordnancesurvey.co.uk/xml/codelists/localtype.xml#town,,,,North Lincolnshire,http://data.ordnancesurvey.co.uk/id/7000000000025623,http://data.ordnancesurvey.co.uk/ontology/admingeo/UnitaryAuthority,Yorkshire and the Humber,http://data.ordnancesurvey.co.uk/id/7000000000041430,England,http://data.ordnancesurvey.co.uk/id/country/england,,,
osgb4000000015657703,http://data.ordnancesurvey.co.uk/id/4000000015657703,Richmond Road,,,,transportNetwork,Named Road,482896,389860,1000,20000,482785,389859,482901,389876,DN21,http://data.ordnancesurvey.co.uk/id/postcodedistrict/DN21,Gainsborough,http://data.ordnancesurvey.co.uk/id/4000000074575425,http://www.ordnancesurvey.co.uk/xml/codelists/localtype.xml#town,West Lindsey,http://data.ordnancesurvey.co.uk/id/7000000000043527,http://data.ordnancesurvey.co.uk/ontology/admingeo/District,Lincolnshire,http://data.ordnancesurvey.co.uk/id/7000000000005942,http://data.ordnancesurvey.co.uk/ontology/admingeo/County,East Midlands,http://data.ordnancesurvey.co.uk/id/7000000000041423,England,http://data.ordnancesurvey.co.uk/id/country/england,,,
osgb4000000015642078,http://data.ordnancesurvey.co.uk/id/4000000015642078,Knaith Hall Lane,,,,transportNetwork,Named Road,482054,384321,4000,20000,481839,384249,482388,384438,DN21,http://data.ordnancesurvey.co.uk/id/postcodedistrict/DN21,,,,Bassetlaw,http://data.ordnancesurvey.co.uk/id/7000000000008122,http://data.ordnancesurvey.co.uk/ontology/admingeo/District,Nottinghamshire,http://data.ordnancesurvey.co.uk/id/7000000000008127,http://data.ordnancesurvey.co.uk/ontology/admingeo/County,East Midlands,http://data.ordnancesurvey.co.uk/id/7000000000041423,England,http://data.ordnancesurvey.co.uk/id/country/england,,,
osgb5000005252557824,http://data.ordnancesurvey.co.uk/id/5000005252557824,Edlington Court,,,,transportNetwork,Named Road,483136,389252,1000,20000,483124,389226,483179,389258,DN21,http://data.ordnancesurvey.co.uk/id/postcodedistrict/DN21,Gainsborough,http://data.ordnancesurvey.co.uk/id/4000000074575425,http://www.ordnancesurvey.co.uk/xml/codelists/localtype.xml#town,West Lindsey,http://data.ordnancesurvey.co.uk/id/7000000000043527,http://data.ordnancesurvey.co.uk/ontology/admingeo/District,Lincolnshire,http://data.ordnancesurvey.co.uk/id/7000000000005942,http://data.ordnancesurvey.co.uk/ontology/admingeo/County,East Midlands,http://data.ordnancesurvey.co.uk/id/7000000000041423,England,http://data.ordnancesurvey.co.uk/id/country/england,,,
b08959f5-aa89-4e53-bde0-702bcf0f8946,http://data.ordnancesurvey.co.uk/id/b08959f5-aa89-4e53-bde0-702bcf0f8946,Middle Street,,,,transportNetwork,Section Of Named Road,495746,383345,4000,25000,495717,383008,495779,383658,LN1,http://data.ordnancesurvey.co.uk/id/postcodedistrict/LN1,Ingham Cliff,http://data.ordnancesurvey.co.uk/id/4000000074574874,http://www.ordnancesurvey.co.uk/xml/codelists/localtype.xml#hamlet,West Lindsey,http://data.ordnancesurvey.co.uk/id/7000000000043527,http://data.ordnancesurvey.co.uk/ontology/admingeo/District,Lincolnshire,http://data.ordnancesurvey.co.uk/id/7000000000005942,http://data.ordnancesurvey.co.uk/ontology/admingeo/County,East Midlands,http://data.ordnancesurvey.co.uk/id/7000000000041423,England,http://data.ordnancesurvey.co.uk/id/country/england,osgb4000000015629885,,
osgb4000000015657634,http://data.ordnancesurvey.co.uk/id/4000000015657634,Mercer Road,,,,transportNetwork,Named Road,480950,390687,1000,20000,480860,390675,481016,390694,DN21,http://data.ordnancesurvey.co.uk/id/postcodedistrict/DN21,Gainsborough,http://data.ordnancesurvey.co.uk/id/4000000074575425,http://www.ordnancesurvey.co.uk/xml/codelists/localtype.xml#town,West Lindsey,http://data.ordnancesurvey.co.uk/id/7000000000043527,http://data.ordnancesurvey.co.uk/ontology/admingeo/District,Lincolnshire,http://data.ordnancesurvey.co.uk/id/7000000000005942,http://data.ordnancesurvey.co.uk/ontology/admingeo/County,East Midlands,http://data.ordnancesurvey.co.uk/id/7000000000041423,England,http://data.ordnancesurvey.co.uk/id/country/england,,,
osgb4000000015629876,http://data.ordnancesurvey.co.uk/id/4000000015629876,Ingham Road,,,,transportNetwork,Named Road,489314,382182,14000,20000,488254,381949,490408,382379,LN1,http://data.ordnancesurvey.co.uk/id/postcodedistrict/LN1,,,,West Lindsey,http://data.ordnancesurvey.co.uk/id/7000000000043527,http://data.ordnancesurvey.co.uk/ontology/admingeo/District,Lincolnshire,http://data.ordnancesurvey.co.uk/id/7000000000005942,http://data.ordnancesurvey.co.uk/ontology/admingeo/County,East Midlands,http://data.ordnancesurvey.co.uk/id/7000000000041423,England,http://data.ordnancesurvey.co.uk/id/country/england,,,
80900def-e764-4171-9ac9-94ab59efa1bc,http://data.ordnancesurvey.co.uk/id/80900def-e764-4171-9ac9-94ab59efa1bc,Thorpe Lane,,,,transportNetwork,Section Of Named Road,494723,380738,2000,25000,494592,380702,494851,380757,LN1,http://data.ordnancesurvey.co.uk/id/postcodedistrict/LN1,Brattleby,http://data.ordnancesurvey.co.uk/id/4000000074574334,http://www.ordnancesurvey.co.uk/xml/codelists/localtype.xml#village,West Lindsey,http://data.ordnancesurvey.co.uk/id/7000000000043527,http://data.ordnancesurvey.co.uk/ontology/admingeo/District,Lincolnshire,http://data.ordnancesurvey.co.uk/id/7000000000005942,http://data.ordnancesurvey.co.uk/ontology/admingeo/County,East Midlands,http://data.ordnancesurvey.co.uk/id/7000000000041423,England,http://data.ordnancesurvey.co.uk/id/country/england,osgb4000000015627684,,
osgb4000000015634003,http://data.ordnancesurvey.co.uk/id/4000000015634003,Stone Pit Lane,,,,transportNetwork,Named Road,488494,384123,6000,20000,488310,383670,488642,384667,DN21,http://data.ordnancesurvey.co.uk/id/postcodedistrict/DN21,,,,West Lindsey,http://data.ordnancesurvey.co.uk/id/7000000000043527,http://data.ordnancesurvey.co.uk/ontology/admingeo/District,Lincolnshire,http://data.ordnancesurvey.co.uk/id/7000000000005942,http://data.ordnancesurvey.co.uk/ontology/admingeo/County,East Midlands,http://data.ordnancesurvey.co.uk/id/7000000000041423,England,http://data.ordnancesurvey.co.uk/id/country/england,,,
a8f12b3f-988c-4911-8d74-bccc2781f58d,http://data.ordnancesurvey.co.uk/id/a8f12b3f-988c-4911-8d74-bccc2781f58d,Marton Road,,,,transportNetwork,Section Of Named Road,487314,384235,3000,25000,487196,384014,487323,384497,DN21,http://data.ordnancesurvey.co.uk/id/postcodedistrict/DN21,Willingham by Stow,http://data.ordnancesurvey.co.uk/id/4000000074575139,http://www.ordnancesurvey.co.uk/xml/codelists/localtype.xml#village,West Lindsey,http://data.ordnancesurvey.co.uk/id/7000000000043527,http://data.ordnancesurvey.co.uk/ontology/admingeo/District,Lincolnshire,http://data.ordnancesurvey.co.uk/id/7000000000005942,http://data.ordnancesurvey.co.uk/ontology/admingeo/County,East Midlands,http://data.ordnancesurvey.co.uk/id/7000000000041423,England,http://data.ordnancesurvey.co.uk/id/country/england,osgb4000000015629627,,
osgb4000000015658544,http://data.ordnancesurvey.co.uk/id/4000000015658544,Dunstan Villas,,,,transportNetwork,Named Road,493666,398244,1000,20000,493601,398165,493712,398314,DN21,http://data.ordnancesurvey.co.uk/id/postcodedistrict/DN21,Kirton in Lindsey,http://data.ordnancesurvey.co.uk/id/4000000074574884,http://www.ordnancesurvey.co.uk/xml/codelists/localtype.xml#town,,,,North Lincolnshire,http://data.ordnancesurvey.co.uk/id/7000000000025623,http://data.ordnancesurvey.co.uk/ontology/admingeo/UnitaryAuthority,Yorkshire and the Humber,http://data.ordnancesurvey.co.uk/id/7000000000041430,England,http://data.ordnancesurvey.co.uk/id/country/england,,,
osgb4000000015633610,http://data.ordnancesurvey.co.uk/id/4000000015633610,Gainsborough Road,,,,transportNetwork,Named Road,487212,384840,4000,20000,487212,384497,487277,385162,DN21,http://data.ordnancesurvey.co.uk/id/postcodedistrict/DN21,Willingham by Stow,http://data.ordnancesurvey.co.uk/id/4000000074575139,http://www.ordnancesurvey.co.uk/xml/codelists/localtype.xml#village,West Lindsey,http://data.ordnancesurvey.co.uk/id/7000000000043527,http://data.ordnancesurvey.co.uk/ontology/admingeo/District,Lincolnshire,http://data.ordnancesurvey.co.uk/id/7000000000005942,http://data.ordnancesurvey.co.uk/ontology/admingeo/County,East Midlands,http://data.ordnancesurvey.co.uk/id/7000000000041423,England,http://data.ordnancesurvey.co.uk/id/country/england,,,
osgb4000000015682098,http://data.ordnancesurvey.co.uk/id/4000000015682098,Grange Park,,,,transportNetwork,Named Road,480808,392107,1000,20000,480772,392089,480827,392117,DN21,http://data.ordnancesurvey.co.uk/id/postcodedistrict/DN21,Gainsborough,http://data.ordnancesurvey.co.uk/id/4000000074575425,http://www.ordnancesurvey.co.uk/xml/codelists/localtype.xml#town,West Lindsey,http://data.ordnancesurvey.co.uk/id/7000000000043527,http://data.ordnancesurvey.co.uk/ontology/admingeo/District,Lincolnshire,http://data.ordnancesurvey.co.uk/id/7000000000005942,http://data.ordnancesurvey.co.uk/ontology/admingeo/County,East Midlands,http://data.ordnancesurvey.co.uk/id/7000000000041423,England,http://data.ordnancesurvey.co.uk/id/country/england,,,
osgb4000000015633605,http://data.ordnancesurvey.co.uk/id/4000000015633605,Middle Lane,,,,transportNetwork,Named Road,481738,384439,3000,20000,481681,384249,481839,384698,DN21,http://data.ordnancesurvey.co.uk/id/postcodedistrict/DN21,,,,Bassetlaw,http://data.ordnancesurvey.co.uk/id/7000000000008122,http://data.ordnancesurvey.co.uk/ontology/admingeo/District,Nottinghamshire,http://data.ordnancesurvey.co.uk/id/7000000000008127,http://data.ordnancesurvey.co.uk/ontology/admingeo/County,East Midlands,http://data.ordnancesurvey.co.uk/id/7000000000041423,England,http://data.ordnancesurvey.co.uk/id/country/england,,,
osgb4000000015633592,http://data.ordnancesurvey.co.uk/id/4000000015633592,Craikbank Lane,,,,transportNetwork,Named Road,480662,381834,4000,20000,480369,381705,480970,381873,DN22,http://data.ordnancesurvey.co.uk/id/postcodedistrict/DN22,,,,Bassetlaw,http://data.ordnancesurvey.co.uk/id/7000000000008122,http://data.ordnancesurvey.co.uk/ontology/admingeo/District,Nottinghamshire,http://data.ordnancesurvey.co.uk/id/7000000000008127,http://data.ordnancesurvey.co.uk/ontology/admingeo/County,East Midlands,http://data.ordnancesurvey.co.uk/id/7000000000041423,England,http://data.ordnancesurvey.co.uk/id/country/england,,,
94314860-0330-4220-9744-04c7e8c0a547,http://data.ordnancesurvey.co.uk/id/94314860-0330-4220-9744-04c7e8c0a547,Gainsborough Road,,,,transportNetwork,Section Of Named Road,482348,387563,1000,25000,482348,387536,482360,387563,DN21,http://data.ordnancesurvey.co.uk/id/postcodedistrict/DN21,Gainsborough,http://data.ordnancesurvey.co.uk/id/4000000074575425,http://www.ordnancesurvey.co.uk/xml/codelists/localtype.xml#town,West Lindsey,http://data.ordnancesurvey.co.uk/id/7000000000043527,http://data.ordnancesurvey.co.uk/ontology/admingeo/District,Lincolnshire,http://data.ordnancesurvey.co.uk/id/7000000000005942,http://data.ordnancesurvey.co.uk/ontology/admingeo/County,East Midlands,http://data.ordnancesurvey.co.uk/id/7000000000041423,England,http://data.ordnancesurvey.co.uk/id/country/england,osgb4000000015633607,,
osgb4000000015642434,http://data.ordnancesurvey.co.uk/id/4000000015642434,Church Road,,,,transportNetwork,Named Road,486937,386719,2000,20000,486838,386604,487059,386907,DN21,http://data.ordnancesurvey.co.uk/id/postcodedistrict/DN21,Upton,http://data.ordnancesurvey.co.uk/id/4000000074578003,http://www.ordnancesurvey.co.uk/xml/codelists/localtype.xml#village,West Lindsey,http://data.ordnancesurvey.co.uk/id/7000000000043527,http://data.ordnancesurvey.co.uk/ontology/admingeo/District,Lincolnshire,http://data.ordnancesurvey.co.uk/id/7000000000005942,http://data.ordnancesurvey.co.uk/ontology/admingeo/County,East Midlands,http://data.ordnancesurvey.co.uk/id/7000000000041423,England,http://data.ordnancesurvey.co.uk/id/country/england,,,
osgb4000000015657656,http://data.ordnancesurvey.co.uk/id/4000000015657656,Alfred Street,,,,transportNetwork,Named Road,481230,390500,1000,20000,481230,390330,481252,390510,DN21,http://data.ordnancesurvey.co.uk/id/postcodedistrict/DN21,Gainsborough,http://data.ordnancesurvey.co.uk/id/4000000074575425,http://www.ordnancesurvey.co.uk/xml/codelists/localtype.xml#town,West Lindsey,http://data.ordnancesurvey.co.uk/id/7000000000043527,http://data.ordnancesurvey.co.uk/ontology/admingeo/District,Lincolnshire,http://data.ordnancesurvey.co.uk/id/7000000000005942,http://data.ordnancesurvey.co.uk/ontology/admingeo/County,East Midlands,http://data.ordnancesurvey.co.uk/id/7000000000041423,England,http://data.ordnancesurvey.co.uk/id/country/england,,,
67decbe6-03ac-4e9e-a105-64b300e5aec9,http://data.ordnancesurvey.co.uk/id/67decbe6-03ac-4e9e-a105-64b300e5aec9,Mill Mere Road,,,,transportNetwork,Section Of Named Road,487043,391579,1000,25000,486933,391577,487138,391589,DN21,http://data.ordnancesurvey.co.uk/id/postcodedistrict/DN21,Corringham,http://data.ordnancesurvey.co.uk/id/4000000074575143,http://www.ordnancesurvey.co.uk/xml/codelists/localtype.xml#village,West Lindsey,http://data.ordnancesurvey.co.uk/id/7000000000043527,http://data.ordnancesurvey.co.uk/ontology/admingeo/District,Lincolnshire,http://data.ordnancesurvey.co.uk/id/7000000000005942,http://data.ordnancesurvey.co.uk/ontology/admingeo/County,East Midlands,http://data.ordnancesurvey.co.uk/id/7000000000041423,England,http://data.ordnancesurvey.co.uk/id/country/england,osgb4000000015633807,,
osgb5000005194805044,http://data.ordnancesurvey.co.uk/id/5000005194805044,Jubilee Crescent,,,,transportNetwork,Named Road,481809,390150,1000,20000,481778,390101,481813,390207,DN21,http://data.ordnancesurvey.co.uk/id/postcodedistrict/DN21,Gainsborough,http://data.ordnancesurvey.co.uk/id/4000000074575425,http://www.ordnancesurvey.co.uk/xml/codelists/localtype.xml#town,West Lindsey,http://data.ordnancesurvey.co.uk/id/7000000000043527,http://data.ordnancesurvey.co.uk/ontology/admingeo/District,Lincolnshire,http://data.ordnancesurvey.co.uk/id/7000000000005942,http://data.ordnancesurvey.co.uk/ontology/admingeo/County,East Midlands,http://data.ordnancesurvey.co.uk/id/7000000000041423,England,http://data.ordnancesurvey.co.uk/id/country/england,,,
osgb4000000015629749,http://data.ordnancesurvey.co.uk/id/4000000015629749,The Belt Road,,,,transportNetwork,Named Road,482849,391045,9000,20000,482057,390560,483398,391273,DN21,http://data.ordnancesurvey.co.uk/id/postcodedistrict/DN21,Gainsborough,http://data.ordnancesurvey.co.uk/id/4000000074575425,http://www.ordnancesurvey.co.uk/xml/codelists/localtype.xml#town,West Lindsey,http://data.ordnancesurvey.co.uk/id/7000000000043527,http://data.ordnancesurvey.co.uk/ontology/admingeo/District,Lincolnshire,http://data.ordnancesurvey.co.uk/id/7000000000005942,http://data.ordnancesurvey.co.uk/ontology/admingeo/County,East Midlands,http://data.ordnancesurvey.co.uk/id/7000000000041423,England,http://data.ordnancesurvey.co.uk/id/country/england,,,
osgb4000000015629879,http://data.ordnancesurvey.co.uk/id/4000000015629879,South Lane,,,,transportNetwork,Named Road,489858,384280,10000,20000,489699,383516,489974,385026,DN21,http://data.ordnancesurvey.co.uk/id/postcodedistrict/DN21,,,,West Lindsey,http://data.ordnancesurvey.co.uk/id/7000000000043527,http://data.ordnancesurvey.co.uk/ontology/admingeo/District,Lincolnshire,http://data.ordnancesurvey.co.uk/id/7000000000005942,http://data.ordnancesurvey.co.uk/ontology/admingeo/County,East Midlands,http://data.ordnancesurvey.co.uk/id/7000000000041423,England,http://data.ordnancesurvey.co.uk/id/country/england,,,
osgb4000000015682086,http://data.ordnancesurvey.co.uk/id/4000000015682086,Linwood Close,,,,transportNetwork,Named Road,482941,389149,1000,20000,482933,389136,482955,389172,DN21,http://data.ordnancesurvey.co.uk/id/postcodedistrict/DN21,Gainsborough,http://data.ordnancesurvey.co.uk/id/4000000074575425,http://www.ordnancesurvey.co.uk/xml/codelists/localtype.xml#town,West Lindsey,http://data.ordnancesurvey.co.uk/id/7000000000043527,http://data.ordnancesurvey.co.uk/ontology/admingeo/District,Lincolnshire,http://data.ordnancesurvey.co.uk/id/7000000000005942,http://data.ordnancesurvey.co.uk/ontology/admingeo/County,East Midlands,http://data.ordnancesurvey.co.uk/id/7000000000041423,England,http://data.ordnancesurvey.co.uk/id/country/england,,,
osgb4000000015657617,http://data.ordnancesurvey.co.uk/id/4000000015657617,Tooley Street,,,,transportNetwork,Named Road,481589,389500,1000,20000,481485,389493,481699,389511,DN21,http://data.ordnancesurvey.co.uk/id/postcodedistrict/DN21,Gainsborough,http://data.ordnancesurvey.co.uk/id/4000000074575425,http://www.ordnancesurvey.co.uk/xml/codelists/localtype.xml#town,West Lindsey,http://data.ordnancesurvey.co.uk/id/7000000000043527,http://data.ordnancesurvey.co.uk/ontology/admingeo/District,Lincolnshire,http://data.ordnancesurvey.co.uk/id/7000000000005942,http://data.ordnancesurvey.co.uk/ontology/admingeo/County,East Midlands,http://data.ordnancesurvey.co.uk/id/7000000000041423,England,http://data.ordnancesurvey.co.uk/id/country/england,,,
osgb5000005232052616,http://data.ordnancesurvey.co.uk/id/5000005232052616,Horse Pasture Lane,,,,transportNetwork,Named Road,482338,380376,5000,20000,481892,380366,482732,380382,DN22,http://data.ordnancesurvey.co.uk/id/postcodedistrict/DN22,,,,Bassetlaw,http://data.ordnancesurvey.co.uk/id/7000000000008122,http://data.ordnancesurvey.co.uk/ontology/admingeo/District,Nottinghamshire,http://data.ordnancesurvey.co.uk/id/7000000000008127,http://data.ordnancesurvey.co.uk/ontology/admingeo/County,East Midlands,http://data.ordnancesurvey.co.uk/id/7000000000041423,England,http://data.ordnancesurvey.co.uk/id/country/england,,,
bc89f43b-a5c5-457e-b6e7-8a5d555eed3b,http://data.ordnancesurvey.co.uk/id/bc89f43b-a5c5-457e-b6e7-8a5d555eed3b,Coachroad Hill,,,,transportNetwork,Section Of Named Road,494332,388464,1000,25000,494320,388459,494425,388538,DN21,http://data.ordnancesurvey.co.uk/id/postcodedistrict/DN21,Glentworth,http://data.ordnancesurvey.co.uk/id/4000000074574337,http://www.ordnancesurvey.co.uk/xml/codelists/localtype.xml#village,West Lindsey,http://data.ordnancesurvey.co.uk/id/7000000000043527,http://data.ordnancesurvey.co.uk/ontology/admingeo/District,Lincolnshire,http://data.ordnancesurvey.co.uk/id/7000000000005942,http://data.ordnancesurvey.co.uk/ontology/admingeo/County,East Midlands,http://data.ordnancesurvey.co.uk/id/7000000000041423,England,http://data.ordnancesurvey.co.uk/id/country/england,osgb4000000015642890,,
osgb4000000015674473,http://data.ordnancesurvey.co.uk/id/4000000015674473,St Mary's Crescent,,,,transportNetwork,Named Road,488423,381912,1000,20000,488383,381871,488439,381937,LN1,http://data.ordnancesurvey.co.uk/id/postcodedistrict/LN1,Stow,http://data.ordnancesurvey.co.uk/id/4000000074574878,http://www.ordnancesurvey.co.uk/xml/codelists/localtype.xml#village,West Lindsey,http://data.ordnancesurvey.co.uk/id/7000000000043527,http://data.ordnancesurvey.co.uk/ontology/admingeo/District,Lincolnshire,http://data.ordnancesurvey.co.uk/id/7000000000005942,http://data.ordnancesurvey.co.uk/ontology/admingeo/County,East Midlands,http://data.ordnancesurvey.co.uk/id/7000000000041423,England,http://data.ordnancesurvey.co.uk/id/country/england,,,
osgb4000000015634004,http://data.ordnancesurvey.co.uk/id/4000000015634004,Cot Garth Lane,,,,transportNetwork,Named Road,488000,384277,5000,20000,487615,384170,488413,384355,DN21,http://data.ordnancesurvey.co.uk/id/postcodedistrict/DN21,Willingham by Stow,http://data.ordnancesurvey.co.uk/id/4000000074575139,http://www.ordnancesurvey.co.uk/xml/codelists/localtype.xml#village,West Lindsey,http://data.ordnancesurvey.co.uk/id/7000000000043527,http://data.ordnancesurvey.co.uk/ontology/admingeo/District,Lincolnshire,http://data.ordnancesurvey.co.uk/id/7000000000005942,http://data.ordnancesurvey.co.uk/ontology/admingeo/County,East Midlands,http://data.ordnancesurvey.co.uk/id/7000000000041423,England,http://data.ordnancesurvey.co.uk/id/country/england,,,
osgb4000000074691015,http://data.ordnancesurvey.co.uk/id/4000000074691015,Norbury Hills,,,,landcover,Woodland Or Forest,483221,385530,5000,400000,482823,385281,483563,385781,DN21,http://data.ordnancesurvey.co.uk/id/postcodedistrict/DN21,,,,West Lindsey,http://data.ordnancesurvey.co.uk/id/7000000000043527,http://data.ordnancesurvey.co.uk/ontology/admingeo/District,Lincolnshire,http://data.ordnancesurvey.co.uk/id/7000000000005942,http://data.ordnancesurvey.co.uk/ontology/admingeo/County,East Midlands,http://data.ordnancesurvey.co.uk/id/7000000000041423,England,http://data.ordnancesurvey.co.uk/id/country/england,,,
osgb4000000074708700,http://data.ordnancesurvey.co.uk/id/4000000074708700,Cammeringham Low Covert,,,,landcover,Woodland Or Forest,492516,381825,2000,400000,492265,381575,492765,382075,LN1,http://data.ordnancesurvey.co.uk/id/postcodedistrict/LN1,,,,West Lindsey,http://data.ordnancesurvey.co.uk/id/7000000000043527,http://data.ordnancesurvey.co.uk/ontology/admingeo/District,Lincolnshire,http://data.ordnancesurvey.co.uk/id/7000000000005942,http://data.ordnancesurvey.co.uk/ontology/admingeo/County,East Midlands,http://data.ordnancesurvey.co.uk/id/7000000000041423,England,http://data.ordnancesurvey.co.uk/id/country/england,,,
osgb4000000074792633,http://data.ordnancesurvey.co.uk/id/4000000074792633,The Lake,,,,hydrography,Inland Water,494142,385898,5000,500000,493876,385649,494667,386149,DN21,http://data.ordnancesurvey.co.uk/id/postcodedistrict/DN21,,,,West Lindsey,http://data.ordnancesurvey.co.uk/id/7000000000043527,http://data.ordnancesurvey.co.uk/ontology/admingeo/District,Lincolnshire,http://data.ordnancesurvey.co.uk/id/7000000000005942,http://data.ordnancesurvey.co.uk/ontology/admingeo/County,East Midlands,http://data.ordnancesurvey.co.uk/id/7000000000041423,England,http://data.ordnancesurvey.co.uk/id/country/england,,,
osgb4000000074686213,http://data.ordnancesurvey.co.uk/id/4000000074686213,Lea Wood,,,,landcover,Woodland Or Forest,483818,387787,6000,400000,483317,387537,484170,388037,DN21,http://data.ordnancesurvey.co.uk/id/postcodedistrict/DN21,,,,West Lindsey,http://data.ordnancesurvey.co.uk/id/7000000000043527,http://data.ordnancesurvey.co.uk/ontology/admingeo/District,Lincolnshire,http://data.ordnancesurvey.co.uk/id/7000000000005942,http://data.ordnancesurvey.co.uk/ontology/admingeo/County,East Midlands,http://data.ordnancesurvey.co.uk/id/7000000000041423,England,http://data.ordnancesurvey.co.uk/id/country/england,,,
osgb4000000074711959,http://data.ordnancesurvey.co.uk/id/4000000074711959,Low Wood,,,,landcover,Woodland Or Forest,489070,387239,2000,400000,488838,386989,489338,387489,DN21,http://data.ordnancesurvey.co.uk/id/postcodedistrict/DN21,,,,West Lindsey,http://data.ordnancesurvey.co.uk/id/7000000000043527,http://data.ordnancesurvey.co.uk/ontology/admingeo/District,Lincolnshire,http://data.ordnancesurvey.co.uk/id/7000000000005942,http://data.ordnancesurvey.co.uk/ontology/admingeo/County,East Midlands,http://data.ordnancesurvey.co.uk/id/7000000000041423,England,http://data.ordnancesurvey.co.uk/id/country/england,,,
osgb4000000074707883,http://data.ordnancesurvey.co.uk/id/4000000074707883,Amber Wood,,,,landcover,Woodland Or Forest,485738,393924,1000,400000,485486,393674,485986,394174,DN21,http://data.ordnancesurvey.co.uk/id/postcodedistrict/DN21,,,,West Lindsey,http://data.ordnancesurvey.co.uk/id/7000000000043527,http://data.ordnancesurvey.co.uk/ontology/admingeo/District,Lincolnshire,http://data.ordnancesurvey.co.uk/id/7000000000005942,http://data.ordnancesurvey.co.uk/ontology/admingeo/County,East Midlands,http://data.ordnancesurvey.co.uk/id/7000000000041423,England,http://data.ordnancesurvey.co.uk/id/country/england,,,
osgb4000000074707875,http://data.ordnancesurvey.co.uk/id/4000000074707875,North Plantation,,,,landcover,Woodland Or Forest,498786,382553,2000,400000,498543,382303,499043,382803,LN2,http://data.ordnancesurvey.co.uk/id/postcodedistrict/LN2,,,,West Lindsey,http://data.ordnancesurvey.co.uk/id/7000000000043527,http://data.ordnancesurvey.co.uk/ontology/admingeo/District,Lincolnshire,http://data.ordnancesurvey.co.uk/id/7000000000005942,http://data.ordnancesurvey.co.uk/ontology/admingeo/County,East Midlands,http://data.ordnancesurvey.co.uk/id/7000000000041423,England,http://data.ordnancesurvey.co.uk/id/country/england,,,
osgb4000000074765153,http://data.ordnancesurvey.co.uk/id/4000000074765153,Morton Point,,,,landform,Other Landform,480350,391367,3000,15000,480097,391136,480602,391636,DN21,http://data.ordnancesurvey.co.uk/id/postcodedistrict/DN21,,,,Bassetlaw,http://data.ordnancesurvey.co.uk/id/7000000000008122,http://data.ordnancesurvey.co.uk/ontology/admingeo/District,Nottinghamshire,http://data.ordnancesurvey.co.uk/id/7000000000008127,http://data.ordnancesurvey.co.uk/ontology/admingeo/County,East Midlands,http://data.ordnancesurvey.co.uk/id/7000000000041423,England,http://data.ordnancesurvey.co.uk/id/country/england,,,
osgb4000000074707467,http://data.ordnancesurvey.co.uk/id/4000000074707467,South Spinney,,,,landcover,Woodland Or Forest,492541,381119,1000,400000,492291,380881,492791,381381,LN1,http://data.ordnancesurvey.co.uk/id/postcodedistrict/LN1,,,,West Lindsey,http://data.ordnancesurvey.co.uk/id/7000000000043527,http://data.ordnancesurvey.co.uk/ontology/admingeo/District,Lincolnshire,http://data.ordnancesurvey.co.uk/id/7000000000005942,http://data.ordnancesurvey.co.uk/ontology/admingeo/County,East Midlands,http://data.ordnancesurvey.co.uk/id/7000000000041423,England,http://data.ordnancesurvey.co.uk/id/country/england,,,
osgb4000000074810864,http://data.ordnancesurvey.co.uk/id/4000000074810864,Redbourne Park Old Park,,,,landcover,Other Landcover,497985,399339,8000,800000,497584,398965,498387,400188,DN21,http://data.ordnancesurvey.co.uk/id/postcodedistrict/DN21,,,,,,,North Lincolnshire,http://data.ordnancesurvey.co.uk/id/7000000000025623,http://data.ordnancesurvey.co.uk/ontology/admingeo/UnitaryAuthority,Yorkshire and the Humber,http://data.ordnancesurvey.co.uk/id/7000000000041430,England,http://data.ordnancesurvey.co.uk/id/country/england,,,
osgb4000000015642911,http://data.ordnancesurvey.co.uk/id/4000000015642911,Queen Street,,,,transportNetwork,Named Road,493626,398656,2000,20000,493451,398508,493815,398818,DN21,http://data.ordnancesurvey.co.uk/id/postcodedistrict/DN21,Kirton in Lindsey,http://data.ordnancesurvey.co.uk/id/4000000074574884,http://www.ordnancesurvey.co.uk/xml/codelists/localtype.xml#town,,,,North Lincolnshire,http://data.ordnancesurvey.co.uk/id/7000000000025623,http://data.ordnancesurvey.co.uk/ontology/admingeo/UnitaryAuthority,Yorkshire and the Humber,http://data.ordnancesurvey.co.uk/id/7000000000041430,England,http://data.ordnancesurvey.co.uk/id/country/england,,,
osgb4000000015657646,http://data.ordnancesurvey.co.uk/id/4000000015657646,Bayard Street,,,,transportNetwork,Named Road,481318,390344,1000,20000,481252,390330,481417,390367,DN21,http://data.ordnancesurvey.co.uk/id/postcodedistrict/DN21,Gainsborough,http://data.ordnancesurvey.co.uk/id/4000000074575425,http://www.ordnancesurvey.co.uk/xml/codelists/localtype.xml#town,West Lindsey,http://data.ordnancesurvey.co.uk/id/7000000000043527,http://data.ordnancesurvey.co.uk/ontology/admingeo/District,Lincolnshire,http://data.ordnancesurvey.co.uk/id/7000000000005942,http://data.ordnancesurvey.co.uk/ontology/admingeo/County,East Midlands,http://data.ordnancesurvey.co.uk/id/7000000000041423,England,http://data.ordnancesurvey.co.uk/id/country/england,,,
b830545e-0ac2-4dd8-834c-95c18144dcfd,http://data.ordnancesurvey.co.uk/id/b830545e-0ac2-4dd8-834c-95c18144dcfd,A159,,,,transportNetwork,Section Of Numbered Road,481502,390284,15000,25000,481264,389141,481736,391400,DN21,http://data.ordnancesurvey.co.uk/id/postcodedistrict/DN21,Gainsborough,http://data.ordnancesurvey.co.uk/id/4000000074575425,http://www.ordnancesurvey.co.uk/xml/codelists/localtype.xml#town,West Lindsey,http://data.ordnancesurvey.co.uk/id/7000000000043527,http://data.ordnancesurvey.co.uk/ontology/admingeo/District,Lincolnshire,http://data.ordnancesurvey.co.uk/id/7000000000005942,http://data.ordnancesurvey.co.uk/ontology/admingeo/County,East Midlands,http://data.ordnancesurvey.co.uk/id/7000000000041423,England,http://data.ordnancesurvey.co.uk/id/country/england,osgb4000000011107679,,
osgb4000000015674494,http://data.ordnancesurvey.co.uk/id/4000000015674494,Church Lane,,,,transportNetwork,Named Road,498602,394746,1000,20000,498576,394683,498623,394818,DN21,http://data.ordnancesurvey.co.uk/id/postcodedistrict/DN21,Snitterby,http://data.ordnancesurvey.co.uk/id/4000000074574606,http://www.ordnancesurvey.co.uk/xml/codelists/localtype.xml#village,West Lindsey,http://data.ordnancesurvey.co.uk/id/7000000000043527,http://data.ordnancesurvey.co.uk/ontology/admingeo/District,Lincolnshire,http://data.ordnancesurvey.co.uk/id/7000000000005942,http://data.ordnancesurvey.co.uk/ontology/admingeo/County,East Midlands,http://data.ordnancesurvey.co.uk/id/7000000000041423,England,http://data.ordnancesurvey.co.uk/id/country/england,,,
osgb4000000015657649,http://data.ordnancesurvey.co.uk/id/4000000015657649,Silver Street,,,,transportNetwork,Named Road,481434,389794,1000,20000,481407,389744,481473,389838,DN21,http://data.ordnancesurvey.co.uk/id/postcodedistrict/DN21,Gainsborough,http://data.ordnancesurvey.co.uk/id/4000000074575425,http://www.ordnancesurvey.co.uk/xml/codelists/localtype.xml#town,West Lindsey,http://data.ordnancesurvey.co.uk/id/7000000000043527,http://data.ordnancesurvey.co.uk/ontology/admingeo/District,Lincolnshire,http://data.ordnancesurvey.co.uk/id/7000000000005942,http://data.ordnancesurvey.co.uk/ontology/admingeo/County,East Midlands,http://data.ordnancesurvey.co.uk/id/7000000000041423,England,http://data.ordnancesurvey.co.uk/id/country/england,,,
osgb4000000015633996,http://data.ordnancesurvey.co.uk/id/4000000015633996,West Syke Lane,,,,transportNetwork,Named Road,487774,380106,4000,20000,487436,380006,488110,380213,LN1,http://data.ordnancesurvey.co.uk/id/postcodedistrict/LN1,,,,West Lindsey,http://data.ordnancesurvey.co.uk/id/7000000000043527,http://data.ordnancesurvey.co.uk/ontology/admingeo/District,Lincolnshire,http://data.ordnancesurvey.co.uk/id/7000000000005942,http://data.ordnancesurvey.co.uk/ontology/admingeo/County,East Midlands,http://data.ordnancesurvey.co.uk/id/7000000000041423,England,http://data.ordnancesurvey.co.uk/id/country/england,,,
osgb4000000015682103,http://data.ordnancesurvey.co.uk/id/4000000015682103,Scarborough Road,,,,transportNetwork,Named Road,484897,394671,1000,20000,484873,394664,484916,394671,DN21,http://data.ordnancesurvey.co.uk/id/postcodedistrict/DN21,Blyton,http://data.ordnancesurvey.co.uk/id/4000000074575429,http://www.ordnancesurvey.co.uk/xml/codelists/localtype.xml#village,West Lindsey,http://data.ordnancesurvey.co.uk/id/7000000000043527,http://data.ordnancesurvey.co.uk/ontology/admingeo/District,Lincolnshire,http://data.ordnancesurvey.co.uk/id/7000000000005942,http://data.ordnancesurvey.co.uk/ontology/admingeo/County,East Midlands,http://data.ordnancesurvey.co.uk/id/7000000000041423,England,http://data.ordnancesurvey.co.uk/id/country/england,,,
1c46a258-9c88-4475-b738-eb4a22b03f60,http://data.ordnancesurvey.co.uk/id/1c46a258-9c88-4475-b738-eb4a22b03f60,Thorndike Way,,,,transportNetwork,Section Of Named Road,483070,389574,13000,25000,481723,389134,483764,390432,DN21,http://data.ordnancesurvey.co.uk/id/postcodedistrict/DN21,Gainsborough,http://data.ordnancesurvey.co.uk/id/4000000074575425,http://www.ordnancesurvey.co.uk/xml/codelists/localtype.xml#town,West Lindsey,http://data.ordnancesurvey.co.uk/id/7000000000043527,http://data.ordnancesurvey.co.uk/ontology/admingeo/District,Lincolnshire,http://data.ordnancesurvey.co.uk/id/7000000000005942,http://data.ordnancesurvey.co.uk/ontology/admingeo/County,East Midlands,http://data.ordnancesurvey.co.uk/id/7000000000041423,England,http://data.ordnancesurvey.co.uk/id/country/england,osgb4000000015627616,,
osgb4000000015683547,http://data.ordnancesurvey.co.uk/id/4000000015683547,Larners Fields,,,,transportNetwork,Named Road,488776,380368,1000,20000,488755,380320,488796,380435,LN1,http://data.ordnancesurvey.co.uk/id/postcodedistrict/LN1,Sturton by Stow,http://data.ordnancesurvey.co.uk/id/4000000074574600,http://www.ordnancesurvey.co.uk/xml/codelists/localtype.xml#village,West Lindsey,http://data.ordnancesurvey.co.uk/id/7000000000043527,http://data.ordnancesurvey.co.uk/ontology/admingeo/District,Lincolnshire,http://data.ordnancesurvey.co.uk/id/7000000000005942,http://data.ordnancesurvey.co.uk/ontology/admingeo/County,East Midlands,http://data.ordnancesurvey.co.uk/id/7000000000041423,England,http://data.ordnancesurvey.co.uk/id/country/england,,,
2f9f60a6-5893-4d59-982b-eec87b296fc8,http://data.ordnancesurvey.co.uk/id/2f9f60a6-5893-4d59-982b-eec87b296fc8,Scotter Road,,,,transportNetwork,Section Of Named Road,488784,399418,2000,25000,488739,399251,488814,399582,DN21,http://data.ordnancesurvey.co.uk/id/postcodedistrict/DN21,Scotton,http://data.ordnancesurvey.co.uk/id/4000000074575140,http://www.ordnancesurvey.co.uk/xml/codelists/localtype.xml#village,West Lindsey,http://data.ordnancesurvey.co.uk/id/7000000000043527,http://data.ordnancesurvey.co.uk/ontology/admingeo/District,Lincolnshire,http://data.ordnancesurvey.co.uk/id/7000000000005942,http://data.ordnancesurvey.co.uk/ontology/admingeo/County,East Midlands,http://data.ordnancesurvey.co.uk/id/7000000000041423,England,http://data.ordnancesurvey.co.uk/id/country/england,osgb4000000010927545,,
osgb5000005335033470,http://data.ordnancesurvey.co.uk/id/5000005335033470,Newlands Court,,,,transportNetwork,Named Road,482356,390071,1000,20000,482356,390070,482383,390072,DN21,http://data.ordnancesurvey.co.uk/id/postcodedistrict/DN21,Gainsborough,http://data.ordnancesurvey.co.uk/id/4000000074575425,http://www.ordnancesurvey.co.uk/xml/codelists/localtype.xml#town,West Lindsey,http://data.ordnancesurvey.co.uk/id/7000000000043527,http://data.ordnancesurvey.co.uk/ontology/admingeo/District,Lincolnshire,http://data.ordnancesurvey.co.uk/id/7000000000005942,http://data.ordnancesurvey.co.uk/ontology/admingeo/County,East Midlands,http://data.ordnancesurvey.co.uk/id/7000000000041423,England,http://data.ordnancesurvey.co.uk/id/country/england,,,
osgb4000000015629624,http://data.ordnancesurvey.co.uk/id/4000000015629624,Stow Park Road,,,,transportNetwork,Named Road,484830,381750,11000,20000,483979,381478,485653,382020,DN21,http://data.ordnancesurvey.co.uk/id/postcodedistrict/DN21,,,,West Lindsey,http://data.ordnancesurvey.co.uk/id/7000000000043527,http://data.ordnancesurvey.co.uk/ontology/admingeo/District,Lincolnshire,http://data.ordnancesurvey.co.uk/id/7000000000005942,http://data.ordnancesurvey.co.uk/ontology/admingeo/County,East Midlands,http://data.ordnancesurvey.co.uk/id/7000000000041423,England,http://data.ordnancesurvey.co.uk/id/country/england,,,
osgb5000005341897407,http://data.ordnancesurvey.co.uk/id/5000005341897407,Huntingfield Drive,,,,transportNetwork,Named Road,489540,397078,1000,20000,489500,397070,489574,397092,DN21,http://data.ordnancesurvey.co.uk/id/postcodedistrict/DN21,Northorpe,http://data.ordnancesurvey.co.uk/id/4000000074574885,http://www.ordnancesurvey.co.uk/xml/codelists/localtype.xml#village,West Lindsey,http://data.ordnancesurvey.co.uk/id/7000000000043527,http://data.ordnancesurvey.co.uk/ontology/admingeo/District,Lincolnshire,http://data.ordnancesurvey.co.uk/id/7000000000005942,http://data.ordnancesurvey.co.uk/ontology/admingeo/County,East Midlands,http://data.ordnancesurvey.co.uk/id/7000000000041423,England,http://data.ordnancesurvey.co.uk/id/country/england,,,
osgb4000000015682079,http://data.ordnancesurvey.co.uk/id/4000000015682079,Henley Court,,,,transportNetwork,Named Road,481169,390722,1000,20000,481133,390706,481195,390746,DN21,http://data.ordnancesurvey.co.uk/id/postcodedistrict/DN21,Gainsborough,http://data.ordnancesurvey.co.uk/id/4000000074575425,http://www.ordnancesurvey.co.uk/xml/codelists/localtype.xml#town,West Lindsey,http://data.ordnancesurvey.co.uk/id/7000000000043527,http://data.ordnancesurvey.co.uk/ontology/admingeo/District,Lincolnshire,http://data.ordnancesurvey.co.uk/id/7000000000005942,http://data.ordnancesurvey.co.uk/ontology/admingeo/County,East Midlands,http://data.ordnancesurvey.co.uk/id/7000000000041423,England,http://data.ordnancesurvey.co.uk/id/country/england,,,
0196d9fa-a535-4471-bc88-257666d1c8a7,http://data.ordnancesurvey.co.uk/id/0196d9fa-a535-4471-bc88-257666d1c8a7,Kirton Road,,,,transportNetwork,Section Of Named Road,485938,395094,3000,25000,485718,395089,486141,395135,DN21,http://data.ordnancesurvey.co.uk/id/postcodedistrict/DN21,Blyton,http://data.ordnancesurvey.co.uk/id/4000000074575429,http://www.ordnancesurvey.co.uk/xml/codelists/localtype.xml#village,West Lindsey,http://data.ordnancesurvey.co.uk/id/7000000000043527,http://data.ordnancesurvey.co.uk/ontology/admingeo/District,Lincolnshire,http://data.ordnancesurvey.co.uk/id/7000000000005942,http://data.ordnancesurvey.co.uk/ontology/admingeo/County,East Midlands,http://data.ordnancesurvey.co.uk/id/7000000000041423,England,http://data.ordnancesurvey.co.uk/id/country/england,osgb4000000015627694,,
b296be78-b02a-47a3-9609-c07baf7f2b26,http://data.ordnancesurvey.co.uk/id/b296be78-b02a-47a3-9609-c07baf7f2b26,Walkerith Road,,,,transportNetwork,Section Of Named Road,480605,392225,5000,25000,480180,391670,480851,392479,DN21,http://data.ordnancesurvey.co.uk/id/postcodedistrict/DN21,Gainsborough,http://data.ordnancesurvey.co.uk/id/4000000074575425,http://www.ordnancesurvey.co.uk/xml/codelists/localtype.xml#town,West Lindsey,http://data.ordnancesurvey.co.uk/id/7000000000043527,http://data.ordnancesurvey.co.uk/ontology/admingeo/District,Lincolnshire,http://data.ordnancesurvey.co.uk/id/7000000000005942,http://data.ordnancesurvey.co.uk/ontology/admingeo/County,East Midlands,http://data.ordnancesurvey.co.uk/id/7000000000041423,England,http://data.ordnancesurvey.co.uk/id/country/england,osgb4000000015629746,,
osgb4000000074746389,http://data.ordnancesurvey.co.uk/id/4000000074746389,Bunker's Hill Warren,,,,landcover,Other Landcover,484396,380721,1000,1300000,484146,380459,484646,380959,DN21,http://data.ordnancesurvey.co.uk/id/postcodedistrict/DN21,,,,West Lindsey,http://data.ordnancesurvey.co.uk/id/7000000000043527,http://data.ordnancesurvey.co.uk/ontology/admingeo/District,Lincolnshire,http://data.ordnancesurvey.co.uk/id/7000000000005942,http://data.ordnancesurvey.co.uk/ontology/admingeo/County,East Midlands,http://data.ordnancesurvey.co.uk/id/7000000000041423,England,http://data.ordnancesurvey.co.uk/id/country/england,,,
osgb4000000074822472,http://data.ordnancesurvey.co.uk/id/4000000074822472,Long Nursery,,,,landcover,Woodland Or Forest,484409,383947,1000,400000,484166,383698,484666,384198,DN21,http://data.ordnancesurvey.co.uk/id/postcodedistrict/DN21,,,,West Lindsey,http://data.ordnancesurvey.co.uk/id/7000000000043527,http://data.ordnancesurvey.co.uk/ontology/admingeo/District,Lincolnshire,http://data.ordnancesurvey.co.uk/id/7000000000005942,http://data.ordnancesurvey.co.uk/ontology/admingeo/County,East Midlands,http://data.ordnancesurvey.co.uk/id/7000000000041423,England,http://data.ordnancesurvey.co.uk/id/country/england,,,
osgb4000000074711192,http://data.ordnancesurvey.co.uk/id/4000000074711192,Jubilee Plantation,,,,landcover,Woodland Or Forest,483878,384499,3000,400000,483644,384249,484144,384749,DN21,http://data.ordnancesurvey.co.uk/id/postcodedistrict/DN21,,,,West Lindsey,http://data.ordnancesurvey.co.uk/id/7000000000043527,http://data.ordnancesurvey.co.uk/ontology/admingeo/District,Lincolnshire,http://data.ordnancesurvey.co.uk/id/7000000000005942,http://data.ordnancesurvey.co.uk/ontology/admingeo/County,East Midlands,http://data.ordnancesurvey.co.uk/id/7000000000041423,England,http://data.ordnancesurvey.co.uk/id/country/england,,,
osgb4000000074707469,http://data.ordnancesurvey.co.uk/id/4000000074707469,The Belt,,,,landcover,Woodland Or Forest,482832,391093,7000,400000,482065,390841,483205,391344,DN21,http://data.ordnancesurvey.co.uk/id/postcodedistrict/DN21,,,,West Lindsey,http://data.ordnancesurvey.co.uk/id/7000000000043527,http://data.ordnancesurvey.co.uk/ontology/admingeo/District,Lincolnshire,http://data.ordnancesurvey.co.uk/id/7000000000005942,http://data.ordnancesurvey.co.uk/ontology/admingeo/County,East Midlands,http://data.ordnancesurvey.co.uk/id/7000000000041423,England,http://data.ordnancesurvey.co.uk/id/country/england,,,
osgb4000000074686216,http://data.ordnancesurvey.co.uk/id/4000000074686216,White's Wood,,,,landcover,Woodland Or Forest,483701,389898,5000,400000,483451,389563,483951,390258,DN21,http://data.ordnancesurvey.co.uk/id/postcodedistrict/DN21,,,,West Lindsey,http://data.ordnancesurvey.co.uk/id/7000000000043527,http://data.ordnancesurvey.co.uk/ontology/admingeo/District,Lincolnshire,http://data.ordnancesurvey.co.uk/id/7000000000005942,http://data.ordnancesurvey.co.uk/ontology/admingeo/County,East Midlands,http://data.ordnancesurvey.co.uk/id/7000000000041423,England,http://data.ordnancesurvey.co.uk/id/country/england,,,
osgb4000000074706650,http://data.ordnancesurvey.co.uk/id/4000000074706650,Caistor's Wood,,,,landcover,Woodland Or Forest,484926,387564,4000,400000,484647,387314,485208,387814,DN21,http://data.ordnancesurvey.co.uk/id/postcodedistrict/DN21,,,,West Lindsey,http://data.ordnancesurvey.co.uk/id/7000000000043527,http://data.ordnancesurvey.co.uk/ontology/admingeo/District,Lincolnshire,http://data.ordnancesurvey.co.uk/id/7000000000005942,http://data.ordnancesurvey.co.uk/ontology/admingeo/County,East Midlands,http://data.ordnancesurvey.co.uk/id/7000000000041423,England,http://data.ordnancesurvey.co.uk/id/country/england,,,
osgb4000000074707062,http://data.ordnancesurvey.co.uk/id/4000000074707062,Warren Wood,,,,landcover,Woodland Or Forest,482586,388001,6000,400000,482188,387627,482983,388492,DN21,http://data.ordnancesurvey.co.uk/id/postcodedistrict/DN21,,,,West Lindsey,http://data.ordnancesurvey.co.uk/id/7000000000043527,http://data.ordnancesurvey.co.uk/ontology/admingeo/District,Lincolnshire,http://data.ordnancesurvey.co.uk/id/7000000000005942,http://data.ordnancesurvey.co.uk/ontology/admingeo/County,East Midlands,http://data.ordnancesurvey.co.uk/id/7000000000041423,England,http://data.ordnancesurvey.co.uk/id/country/england,,,
osgb4000000074765423,http://data.ordnancesurvey.co.uk/id/4000000074765423,Harpswell Hill,,,,landform,Hill Or Mountain,493626,389933,1000,300000,493376,389683,493876,390183,DN21,http://data.ordnancesurvey.co.uk/id/postcodedistrict/DN21,,,,West Lindsey,http://data.ordnancesurvey.co.uk/id/7000000000043527,http://data.ordnancesurvey.co.uk/ontology/admingeo/District,Lincolnshire,http://data.ordnancesurvey.co.uk/id/7000000000005942,http://data.ordnancesurvey.co.uk/ontology/admingeo/County,East Midlands,http://data.ordnancesurvey.co.uk/id/7000000000041423,England,http://data.ordnancesurvey.co.uk/id/country/england,,,
osgb4000000074691013,http://data.ordnancesurvey.co.uk/id/4000000074691013,The Plantation,,,,landcover,Woodland Or Forest,482928,383446,1000,400000,482678,383195,483178,383695,DN21,http://data.ordnancesurvey.co.uk/id/postcodedistrict/DN21,,,,West Lindsey,http://data.ordnancesurvey.co.uk/id/7000000000043527,http://data.ordnancesurvey.co.uk/ontology/admingeo/District,Lincolnshire,http://data.ordnancesurvey.co.uk/id/7000000000005942,http://data.ordnancesurvey.co.uk/ontology/admingeo/County,East Midlands,http://data.ordnancesurvey.co.uk/id/7000000000041423,England,http://data.ordnancesurvey.co.uk/id/country/england,,,
osgb4000000074820415,http://data.ordnancesurvey.co.uk/id/4000000074820415,Fox Covert,,,,landcover,Woodland Or Forest,483635,384244,3000,400000,483300,383994,483800,384494,DN21,http://data.ordnancesurvey.co.uk/id/postcodedistrict/DN21,,,,West Lindsey,http://data.ordnancesurvey.co.uk/id/7000000000043527,http://data.ordnancesurvey.co.uk/ontology/admingeo/District,Lincolnshire,http://data.ordnancesurvey.co.uk/id/7000000000005942,http://data.ordnancesurvey.co.uk/ontology/admingeo/County,East Midlands,http://data.ordnancesurvey.co.uk/id/7000000000041423,England,http://data.ordnancesurvey.co.uk/id/country/england,,,
osgb4000000074704983,http://data.ordnancesurvey.co.uk/id/4000000074704983,Fenton Gorse,,,,landcover,Woodland Or Forest,480987,383093,2000,400000,480737,382844,481237,383344,DN22,http://data.ordnancesurvey.co.uk/id/postcodedistrict/DN22,,,,Bassetlaw,http://data.ordnancesurvey.co.uk/id/7000000000008122,http://data.ordnancesurvey.co.uk/ontology/admingeo/District,Nottinghamshire,http://data.ordnancesurvey.co.uk/id/7000000000008127,http://data.ordnancesurvey.co.uk/ontology/admingeo/County,East Midlands,http://data.ordnancesurvey.co.uk/id/7000000000041423,England,http://data.ordnancesurvey.co.uk/id/country/england,,,
osgb4000000074818587,http://data.ordnancesurvey.co.uk/id/4000000074818587,Blyton Carr,,,,landcover,Woodland Or Forest,481983,394248,8000,400000,481332,393721,482491,394775,DN21,http://data.ordnancesurvey.co.uk/id/postcodedistrict/DN21,,,,West Lindsey,http://data.ordnancesurvey.co.uk/id/7000000000043527,http://data.ordnancesurvey.co.uk/ontology/admingeo/District,Lincolnshire,http://data.ordnancesurvey.co.uk/id/7000000000005942,http://data.ordnancesurvey.co.uk/ontology/admingeo/County,East Midlands,http://data.ordnancesurvey.co.uk/id/7000000000041423,England,http://data.ordnancesurvey.co.uk/id/country/england,,,
osgb4000000074708698,http://data.ordnancesurvey.co.uk/id/4000000074708698,Brattleby Gorse,,,,landcover,Woodland Or Forest,492660,381443,1000,400000,492434,381193,492934,381693,LN1,http://data.ordnancesurvey.co.uk/id/postcodedistrict/LN1,,,,West Lindsey,http://data.ordnancesurvey.co.uk/id/7000000000043527,http://data.ordnancesurvey.co.uk/ontology/admingeo/District,Lincolnshire,http://data.ordnancesurvey.co.uk/id/7000000000005942,http://data.ordnancesurvey.co.uk/ontology/admingeo/County,East Midlands,http://data.ordnancesurvey.co.uk/id/7000000000041423,England,http://data.ordnancesurvey.co.uk/id/country/england,,,
osgb4000000074765241,http://data.ordnancesurvey.co.uk/id/4000000074765241,Bran's Hill,,,,landform,Hill Or Mountain,482638,391733,1000,300000,482388,391483,482888,391983,DN21,http://data.ordnancesurvey.co.uk/id/postcodedistrict/DN21,,,,West Lindsey,http://data.ordnancesurvey.co.uk/id/7000000000043527,http://data.ordnancesurvey.co.uk/ontology/admingeo/District,Lincolnshire,http://data.ordnancesurvey.co.uk/id/7000000000005942,http://data.ordnancesurvey.co.uk/ontology/admingeo/County,East Midlands,http://data.ordnancesurvey.co.uk/id/7000000000041423,England,http://data.ordnancesurvey.co.uk/id/country/england,,,
osgb4000000074686214,http://data.ordnancesurvey.co.uk/id/4000000074686214,Park Springs Wood,,,,landcover,Woodland Or Forest,484119,388325,3000,400000,483869,388068,484369,388568,DN21,http://data.ordnancesurvey.co.uk/id/postcodedistrict/DN21,,,,West Lindsey,http://data.ordnancesurvey.co.uk/id/7000000000043527,http://data.ordnancesurvey.co.uk/ontology/admingeo/District,Lincolnshire,http://data.ordnancesurvey.co.uk/id/7000000000005942,http://data.ordnancesurvey.co.uk/ontology/admingeo/County,East Midlands,http://data.ordnancesurvey.co.uk/id/7000000000041423,England,http://data.ordnancesurvey.co.uk/id/country/england,,,
osgb4000000074707063,http://data.ordnancesurvey.co.uk/id/4000000074707063,Birch Wood,,,,landcover,Woodland Or Forest,484589,391251,7000,400000,484261,391001,485361,391501,DN21,http://data.ordnancesurvey.co.uk/id/postcodedistrict/DN21,,,,West Lindsey,http://data.ordnancesurvey.co.uk/id/7000000000043527,http://data.ordnancesurvey.co.uk/ontology/admingeo/District,Lincolnshire,http://data.ordnancesurvey.co.uk/id/7000000000005942,http://data.ordnancesurvey.co.uk/ontology/admingeo/County,East Midlands,http://data.ordnancesurvey.co.uk/id/7000000000041423,England,http://data.ordnancesurvey.co.uk/id/country/england,,,
osgb4000000074705818,http://data.ordnancesurvey.co.uk/id/4000000074705818,Spital Plantation,,,,landcover,Woodland Or Forest,496293,390068,2000,400000,496096,389819,496596,390319,LN8,http://data.ordnancesurvey.co.uk/id/postcodedistrict/LN8,,,,West Lindsey,http://data.ordnancesurvey.co.uk/id/7000000000043527,http://data.ordnancesurvey.co.uk/ontology/admingeo/District,Lincolnshire,http://data.ordnancesurvey.co.uk/id/7000000000005942,http://data.ordnancesurvey.co.uk/ontology/admingeo/County,East Midlands,http://data.ordnancesurvey.co.uk/id/7000000000041423,England,http://data.ordnancesurvey.co.uk/id/country/england,,,
osgb4000000015902838,http://data.ordnancesurvey.co.uk/id/4000000015902838,Westfield,,,,transportNetwork,Named Road,488689,398848,1000,20000,488655,398814,488745,398900,DN21,http://data.ordnancesurvey.co.uk/id/postcodedistrict/DN21,Scotton,http://data.ordnancesurvey.co.uk/id/4000000074575140,http://www.ordnancesurvey.co.uk/xml/codelists/localtype.xml#village,West Lindsey,http://data.ordnancesurvey.co.uk/id/7000000000043527,http://data.ordnancesurvey.co.uk/ontology/admingeo/District,Lincolnshire,http://data.ordnancesurvey.co.uk/id/7000000000005942,http://data.ordnancesurvey.co.uk/ontology/admingeo/County,East Midlands,http://data.ordnancesurvey.co.uk/id/7000000000041423,England,http://data.ordnancesurvey.co.uk/id/country/england,,,
osgb5000005234791914,http://data.ordnancesurvey.co.uk/id/5000005234791914,Brook Lane,,,,transportNetwork,Named Road,482623,390837,1000,20000,482585,390826,482666,390852,DN21,http://data.ordnancesurvey.co.uk/id/postcodedistrict/DN21,Gainsborough,http://data.ordnancesurvey.co.uk/id/4000000074575425,http://www.ordnancesurvey.co.uk/xml/codelists/localtype.xml#town,West Lindsey,http://data.ordnancesurvey.co.uk/id/7000000000043527,http://data.ordnancesurvey.co.uk/ontology/admingeo/District,Lincolnshire,http://data.ordnancesurvey.co.uk/id/7000000000005942,http://data.ordnancesurvey.co.uk/ontology/admingeo/County,East Midlands,http://data.ordnancesurvey.co.uk/id/7000000000041423,England,http://data.ordnancesurvey.co.uk/id/country/england,,,
osgb4000000015657680,http://data.ordnancesurvey.co.uk/id/4000000015657680,Cromwell Avenue,,,,transportNetwork,Named Road,482974,387032,1000,20000,482919,386964,483021,387107,DN21,http://data.ordnancesurvey.co.uk/id/postcodedistrict/DN21,Lea,http://data.ordnancesurvey.co.uk/id/4000000074578253,http://www.ordnancesurvey.co.uk/xml/codelists/localtype.xml#village,West Lindsey,http://data.ordnancesurvey.co.uk/id/7000000000043527,http://data.ordnancesurvey.co.uk/ontology/admingeo/District,Lincolnshire,http://data.ordnancesurvey.co.uk/id/7000000000005942,http://data.ordnancesurvey.co.uk/ontology/admingeo/County,East Midlands,http://data.ordnancesurvey.co.uk/id/7000000000041423,England,http://data.ordnancesurvey.co.uk/id/country/england,,,
osgb5000005231826544,http://data.ordnancesurvey.co.uk/id/5000005231826544,Old Upper Ings Lane,,,,transportNetwork,Named Road,480550,384297,5000,20000,480146,384277,480927,384313,DN22,http://data.ordnancesurvey.co.uk/id/postcodedistrict/DN22,,,,Bassetlaw,http://data.ordnancesurvey.co.uk/id/7000000000008122,http://data.ordnancesurvey.co.uk/ontology/admingeo/District,Nottinghamshire,http://data.ordnancesurvey.co.uk/id/7000000000008127,http://data.ordnancesurvey.co.uk/ontology/admingeo/County,East Midlands,http://data.ordnancesurvey.co.uk/id/7000000000041423,England,http://data.ordnancesurvey.co.uk/id/country/england,,,
osgb4000000015658526,http://data.ordnancesurvey.co.uk/id/4000000015658526,Gibraltar Road,,,,transportNetwork,Named Road,495198,389707,1000,20000,495114,389665,495258,389740,DN21,http://data.ordnancesurvey.co.uk/id/postcodedistrict/DN21,Hemswell Cliff,http://data.ordnancesurvey.co.uk/id/4000000074574338,http://www.ordnancesurvey.co.uk/xml/codelists/localtype.xml#village,West Lindsey,http://data.ordnancesurvey.co.uk/id/7000000000043527,http://data.ordnancesurvey.co.uk/ontology/admingeo/District,Lincolnshire,http://data.ordnancesurvey.co.uk/id/7000000000005942,http://data.ordnancesurvey.co.uk/ontology/admingeo/County,East Midlands,http://data.ordnancesurvey.co.uk/id/7000000000041423,England,http://data.ordnancesurvey.co.uk/id/country/england,,,
osgb4000000015629894,http://data.ordnancesurvey.co.uk/id/4000000015629894,Redbourne Road,,,,transportNetwork,Named Road,497785,397063,12000,20000,497488,396219,498381,398091,DN21,http://data.ordnancesurvey.co.uk/id/postcodedistrict/DN21,,,,West Lindsey,http://data.ordnancesurvey.co.uk/id/7000000000043527,http://data.ordnancesurvey.co.uk/ontology/admingeo/District,Lincolnshire,http://data.ordnancesurvey.co.uk/id/7000000000005942,http://data.ordnancesurvey.co.uk/ontology/admingeo/County,East Midlands,http://data.ordnancesurvey.co.uk/id/7000000000041423,England,http://data.ordnancesurvey.co.uk/id/country/england,,,
2ffd9776-c6dd-4475-9c24-27b8fa14ab07,http://data.ordnancesurvey.co.uk/id/2ffd9776-c6dd-4475-9c24-27b8fa14ab07,Middle Street,,,,transportNetwork,Section Of Named Road,493792,389988,1000,25000,493777,389951,493806,390024,DN21,http://data.ordnancesurvey.co.uk/id/postcodedistrict/DN21,Harpswell,http://data.ordnancesurvey.co.uk/id/4000000074574341,http://www.ordnancesurvey.co.uk/xml/codelists/localtype.xml#hamlet,West Lindsey,http://data.ordnancesurvey.co.uk/id/7000000000043527,http://data.ordnancesurvey.co.uk/ontology/admingeo/District,Lincolnshire,http://data.ordnancesurvey.co.uk/id/7000000000005942,http://data.ordnancesurvey.co.uk/ontology/admingeo/County,East Midlands,http://data.ordnancesurvey.co.uk/id/7000000000041423,England,http://data.ordnancesurvey.co.uk/id/country/england,osgb4000000015629885,,
osgb4000000015642880,http://data.ordnancesurvey.co.uk/id/4000000015642880,Grange Lane,,,,transportNetwork,Named Road,487690,384478,2000,20000,487560,384306,487756,384600,DN21,http://data.ordnancesurvey.co.uk/id/postcodedistrict/DN21,Willingham by Stow,http://data.ordnancesurvey.co.uk/id/4000000074575139,http://www.ordnancesurvey.co.uk/xml/codelists/localtype.xml#village,West Lindsey,http://data.ordnancesurvey.co.uk/id/7000000000043527,http://data.ordnancesurvey.co.uk/ontology/admingeo/District,Lincolnshire,http://data.ordnancesurvey.co.uk/id/7000000000005942,http://data.ordnancesurvey.co.uk/ontology/admingeo/County,East Midlands,http://data.ordnancesurvey.co.uk/id/7000000000041423,England,http://data.ordnancesurvey.co.uk/id/country/england,,,
92224de0-c267-48b3-ae0f-f32d5101d88c,http://data.ordnancesurvey.co.uk/id/92224de0-c267-48b3-ae0f-f32d5101d88c,Bratt Field Road,,,,transportNetwork,Section Of Named Road,487984,389185,1000,25000,487877,389165,488075,389272,DN21,http://data.ordnancesurvey.co.uk/id/postcodedistrict/DN21,Sturgate,http://data.ordnancesurvey.co.uk/id/4000000074574602,http://www.ordnancesurvey.co.uk/xml/codelists/localtype.xml#hamlet,West Lindsey,http://data.ordnancesurvey.co.uk/id/7000000000043527,http://data.ordnancesurvey.co.uk/ontology/admingeo/District,Lincolnshire,http://data.ordnancesurvey.co.uk/id/7000000000005942,http://data.ordnancesurvey.co.uk/ontology/admingeo/County,East Midlands,http://data.ordnancesurvey.co.uk/id/7000000000041423,England,http://data.ordnancesurvey.co.uk/id/country/england,osgb4000000015642886,,
osgb4000000067707228,http://data.ordnancesurvey.co.uk/id/4000000067707228,Princess Walk,,,,transportNetwork,Named Road,482664,390008,1000,20000,482664,389937,482674,390076,DN21,http://data.ordnancesurvey.co.uk/id/postcodedistrict/DN21,Gainsborough,http://data.ordnancesurvey.co.uk/id/4000000074575425,http://www.ordnancesurvey.co.uk/xml/codelists/localtype.xml#town,West Lindsey,http://data.ordnancesurvey.co.uk/id/7000000000043527,http://data.ordnancesurvey.co.uk/ontology/admingeo/District,Lincolnshire,http://data.ordnancesurvey.co.uk/id/7000000000005942,http://data.ordnancesurvey.co.uk/ontology/admingeo/County,East Midlands,http://data.ordnancesurvey.co.uk/id/7000000000041423,England,http://data.ordnancesurvey.co.uk/id/country/england,,,
osgb4000000015627697,http://data.ordnancesurvey.co.uk/id/4000000015627697,Old Leys Lane,,,,transportNetwork,Named Road,495000,392533,19000,20000,493523,392465,496493,392603,DN21,http://data.ordnancesurvey.co.uk/id/postcodedistrict/DN21,,,,West Lindsey,http://data.ordnancesurvey.co.uk/id/7000000000043527,http://data.ordnancesurvey.co.uk/ontology/admingeo/District,Lincolnshire,http://data.ordnancesurvey.co.uk/id/7000000000005942,http://data.ordnancesurvey.co.uk/ontology/admingeo/County,East Midlands,http://data.ordnancesurvey.co.uk/id/7000000000041423,England,http://data.ordnancesurvey.co.uk/id/country/england,,,
osgb4000000015673595,http://data.ordnancesurvey.co.uk/id/4000000015673595,Stirling Close,,,,transportNetwork,Named Road,482102,390757,1000,20000,482102,390730,482110,390787,DN21,http://data.ordnancesurvey.co.uk/id/postcodedistrict/DN21,Gainsborough,http://data.ordnancesurvey.co.uk/id/4000000074575425,http://www.ordnancesurvey.co.uk/xml/codelists/localtype.xml#town,West Lindsey,http://data.ordnancesurvey.co.uk/id/7000000000043527,http://data.ordnancesurvey.co.uk/ontology/admingeo/District,Lincolnshire,http://data.ordnancesurvey.co.uk/id/7000000000005942,http://data.ordnancesurvey.co.uk/ontology/admingeo/County,East Midlands,http://data.ordnancesurvey.co.uk/id/7000000000041423,England,http://data.ordnancesurvey.co.uk/id/country/england,,,
osgb4000000015682092,http://data.ordnancesurvey.co.uk/id/4000000015682092,Harrow Close,,,,transportNetwork,Named Road,482532,390702,1000,20000,482529,390675,482532,390733,DN21,http://data.ordnancesurvey.co.uk/id/postcodedistrict/DN21,Gainsborough,http://data.ordnancesurvey.co.uk/id/4000000074575425,http://www.ordnancesurvey.co.uk/xml/codelists/localtype.xml#town,West Lindsey,http://data.ordnancesurvey.co.uk/id/7000000000043527,http://data.ordnancesurvey.co.uk/ontology/admingeo/District,Lincolnshire,http://data.ordnancesurvey.co.uk/id/7000000000005942,http://data.ordnancesurvey.co.uk/ontology/admingeo/County,East Midlands,http://data.ordnancesurvey.co.uk/id/7000000000041423,England,http://data.ordnancesurvey.co.uk/id/country/england,,,
osgb4000000015642440,http://data.ordnancesurvey.co.uk/id/4000000015642440,Baines Road,,,,transportNetwork,Named Road,482791,389774,2000,20000,482744,389621,482792,389936,DN21,http://data.ordnancesurvey.co.uk/id/postcodedistrict/DN21,Gainsborough,http://data.ordnancesurvey.co.uk/id/4000000074575425,http://www.ordnancesurvey.co.uk/xml/codelists/localtype.xml#town,West Lindsey,http://data.ordnancesurvey.co.uk/id/7000000000043527,http://data.ordnancesurvey.co.uk/ontology/admingeo/District,Lincolnshire,http://data.ordnancesurvey.co.uk/id/7000000000005942,http://data.ordnancesurvey.co.uk/ontology/admingeo/County,East Midlands,http://data.ordnancesurvey.co.uk/id/7000000000041423,England,http://data.ordnancesurvey.co.uk/id/country/england,,,
osgb4000000015658556,http://data.ordnancesurvey.co.uk/id/4000000015658556,Spa Hill,,,,transportNetwork,Named Road,493616,398831,1000,20000,493502,398737,493681,398901,DN21,http://data.ordnancesurvey.co.uk/id/postcodedistrict/DN21,Kirton in Lindsey,http://data.ordnancesurvey.co.uk/id/4000000074574884,http://www.ordnancesurvey.co.uk/xml/codelists/localtype.xml#town,,,,North Lincolnshire,http://data.ordnancesurvey.co.uk/id/7000000000025623,http://data.ordnancesurvey.co.uk/ontology/admingeo/UnitaryAuthority,Yorkshire and the Humber,http://data.ordnancesurvey.co.uk/id/7000000000041430,England,http://data.ordnancesurvey.co.uk/id/country/england,,,
osgb4000000015942590,http://data.ordnancesurvey.co.uk/id/4000000015942590,Millstone Close,,,,transportNetwork,Named Road,493600,399089,1000,20000,493554,399081,493650,399095,DN21,http://data.ordnancesurvey.co.uk/id/postcodedistrict/DN21,Kirton in Lindsey,http://data.ordnancesurvey.co.uk/id/4000000074574884,http://www.ordnancesurvey.co.uk/xml/codelists/localtype.xml#town,,,,North Lincolnshire,http://data.ordnancesurvey.co.uk/id/7000000000025623,http://data.ordnancesurvey.co.uk/ontology/admingeo/UnitaryAuthority,Yorkshire and the Humber,http://data.ordnancesurvey.co.uk/id/7000000000041430,England,http://data.ordnancesurvey.co.uk/id/country/england,,,
osgb4000000015658532,http://data.ordnancesurvey.co.uk/id/4000000015658532,Middle Street,,,,transportNetwork,Named Road,493086,393233,1000,20000,493072,393129,493092,393317,DN21,http://data.ordnancesurvey.co.uk/id/postcodedistrict/DN21,Willoughton,http://data.ordnancesurvey.co.uk/id/4000000074574604,http://www.ordnancesurvey.co.uk/xml/codelists/localtype.xml#village,West Lindsey,http://data.ordnancesurvey.co.uk/id/7000000000043527,http://data.ordnancesurvey.co.uk/ontology/admingeo/District,Lincolnshire,http://data.ordnancesurvey.co.uk/id/7000000000005942,http://data.ordnancesurvey.co.uk/ontology/admingeo/County,East Midlands,http://data.ordnancesurvey.co.uk/id/7000000000041423,England,http://data.ordnancesurvey.co.uk/id/country/england,,,
osgb5000005251030205,http://data.ordnancesurvey.co.uk/id/5000005251030205,Back Lane,,,,transportNetwork,Named Road,494966,380904,1000,20000,494847,380853,495005,381020,LN1,http://data.ordnancesurvey.co.uk/id/postcodedistrict/LN1,Brattleby,http://data.ordnancesurvey.co.uk/id/4000000074574334,http://www.ordnancesurvey.co.uk/xml/codelists/localtype.xml#village,West Lindsey,http://data.ordnancesurvey.co.uk/id/7000000000043527,http://data.ordnancesurvey.co.uk/ontology/admingeo/District,Lincolnshire,http://data.ordnancesurvey.co.uk/id/7000000000005942,http://data.ordnancesurvey.co.uk/ontology/admingeo/County,East Midlands,http://data.ordnancesurvey.co.uk/id/7000000000041423,England,http://data.ordnancesurvey.co.uk/id/country/england,,,
08207eed-ad09-4df6-b23b-76e4e05b5c27,http://data.ordnancesurvey.co.uk/id/08207eed-ad09-4df6-b23b-76e4e05b5c27,Bishop Norton Road,,,,transportNetwork,Section Of Named Road,498489,394376,4000,25000,498449,394051,498507,394615,DN21,http://data.ordnancesurvey.co.uk/id/postcodedistrict/DN21,Snitterby,http://data.ordnancesurvey.co.uk/id/4000000074574606,http://www.ordnancesurvey.co.uk/xml/codelists/localtype.xml#village,West Lindsey,http://data.ordnancesurvey.co.uk/id/7000000000043527,http://data.ordnancesurvey.co.uk/ontology/admingeo/District,Lincolnshire,http://data.ordnancesurvey.co.uk/id/7000000000005942,http://data.ordnancesurvey.co.uk/ontology/admingeo/County,East Midlands,http://data.ordnancesurvey.co.uk/id/7000000000041423,England,http://data.ordnancesurvey.co.uk/id/country/england,osgb4000000015629887,,
335e95b0-7e00-451b-af3a-3537c49779f6,http://data.ordnancesurvey.co.uk/id/335e95b0-7e00-451b-af3a-3537c49779f6,Gunthorpe Road,,,,transportNetwork,Section Of Named Road,480666,397244,1000,25000,480571,397238,480710,397258,DN9,http://data.ordnancesurvey.co.uk/id/postcodedistrict/DN9,Gunthorpe,http://data.ordnancesurvey.co.uk/id/4000000074576001,http://www.ordnancesurvey.co.uk/xml/codelists/localtype.xml#village,,,,North Lincolnshire,http://data.ordnancesurvey.co.uk/id/7000000000025623,http://data.ordnancesurvey.co.uk/ontology/admingeo/UnitaryAuthority,Yorkshire and the Humber,http://data.ordnancesurvey.co.uk/id/7000000000041430,England,http://data.ordnancesurvey.co.uk/id/country/england,osgb4000000015627628,,
07fdb2d5-704d-4421-a97d-47d9764225f1,http://data.ordnancesurvey.co.uk/id/07fdb2d5-704d-4421-a97d-47d9764225f1,Station Road,,,,transportNetwork,Section Of Named Road,484014,385630,2000,25000,483918,385576,484174,385731,DN21,http://data.ordnancesurvey.co.uk/id/postcodedistrict/DN21,Knaith Park,http://data.ordnancesurvey.co.uk/id/4000000074813593,http://www.ordnancesurvey.co.uk/xml/codelists/localtype.xml#village,West Lindsey,http://data.ordnancesurvey.co.uk/id/7000000000043527,http://data.ordnancesurvey.co.uk/ontology/admingeo/District,Lincolnshire,http://data.ordnancesurvey.co.uk/id/7000000000005942,http://data.ordnancesurvey.co.uk/ontology/admingeo/County,East Midlands,http://data.ordnancesurvey.co.uk/id/7000000000041423,England,http://data.ordnancesurvey.co.uk/id/country/england,osgb4000000015633609,,
osgb4000000074725513,http://data.ordnancesurvey.co.uk/id/4000000074725513,Fishpond Bottom,,,,landform,Valley,498019,390983,4000,800000,497759,390733,498334,391233,LN8,http://data.ordnancesurvey.co.uk/id/postcodedistrict/LN8,,,,West Lindsey,http://data.ordnancesurvey.co.uk/id/7000000000043527,http://data.ordnancesurvey.co.uk/ontology/admingeo/District,Lincolnshire,http://data.ordnancesurvey.co.uk/id/7000000000005942,http://data.ordnancesurvey.co.uk/ontology/admingeo/County,East Midlands,http://data.ordnancesurvey.co.uk/id/7000000000041423,England,http://data.ordnancesurvey.co.uk/id/country/england,,,
osgb4000000074708292,http://data.ordnancesurvey.co.uk/id/4000000074708292,Round Plantation,,,,landcover,Woodland Or Forest,496083,385460,1000,400000,495833,385201,496333,385701,DN21,http://data.ordnancesurvey.co.uk/id/postcodedistrict/DN21,,,,West Lindsey,http://data.ordnancesurvey.co.uk/id/7000000000043527,http://data.ordnancesurvey.co.uk/ontology/admingeo/District,Lincolnshire,http://data.ordnancesurvey.co.uk/id/7000000000005942,http://data.ordnancesurvey.co.uk/ontology/admingeo/County,East Midlands,http://data.ordnancesurvey.co.uk/id/7000000000041423,England,http://data.ordnancesurvey.co.uk/id/country/england,,,
osgb4000000074711191,http://data.ordnancesurvey.co.uk/id/4000000074711191,Thurlby Wood,,,,landcover,Woodland Or Forest,484992,387223,6000,400000,484648,386651,485337,387501,DN21,http://data.ordnancesurvey.co.uk/id/postcodedistrict/DN21,,,,West Lindsey,http://data.ordnancesurvey.co.uk/id/7000000000043527,http://data.ordnancesurvey.co.uk/ontology/admingeo/District,Lincolnshire,http://data.ordnancesurvey.co.uk/id/7000000000005942,http://data.ordnancesurvey.co.uk/ontology/admingeo/County,East Midlands,http://data.ordnancesurvey.co.uk/id/7000000000041423,England,http://data.ordnancesurvey.co.uk/id/country/england,,,
osgb4000000074686211,http://data.ordnancesurvey.co.uk/id/4000000074686211,Bass Wood,,,,landcover,Woodland Or Forest,484351,388246,5000,400000,484151,387997,484938,388497,DN21,http://data.ordnancesurvey.co.uk/id/postcodedistrict/DN21,,,,West Lindsey,http://data.ordnancesurvey.co.uk/id/7000000000043527,http://data.ordnancesurvey.co.uk/ontology/admingeo/District,Lincolnshire,http://data.ordnancesurvey.co.uk/id/7000000000005942,http://data.ordnancesurvey.co.uk/ontology/admingeo/County,East Midlands,http://data.ordnancesurvey.co.uk/id/7000000000041423,England,http://data.ordnancesurvey.co.uk/id/country/england,,,
osgb4000000074706649,http://data.ordnancesurvey.co.uk/id/4000000074706649,Jessica Wood,,,,landcover,Woodland Or Forest,491851,398707,1000,400000,491601,398457,492101,398957,DN21,http://data.ordnancesurvey.co.uk/id/postcodedistrict/DN21,,,,,,,North Lincolnshire,http://data.ordnancesurvey.co.uk/id/7000000000025623,http://data.ordnancesurvey.co.uk/ontology/admingeo/UnitaryAuthority,Yorkshire and the Humber,http://data.ordnancesurvey.co.uk/id/7000000000041430,England,http://data.ordnancesurvey.co.uk/id/country/england,,,
osgb4000000074691014,http://data.ordnancesurvey.co.uk/id/4000000074691014,Park Plantation,,,,landcover,Woodland Or Forest,483820,384871,4000,400000,483536,384588,484105,385154,DN21,http://data.ordnancesurvey.co.uk/id/postcodedistrict/DN21,,,,West Lindsey,http://data.ordnancesurvey.co.uk/id/7000000000043527,http://data.ordnancesurvey.co.uk/ontology/admingeo/District,Lincolnshire,http://data.ordnancesurvey.co.uk/id/7000000000005942,http://data.ordnancesurvey.co.uk/ontology/admingeo/County,East Midlands,http://data.ordnancesurvey.co.uk/id/7000000000041423,England,http://data.ordnancesurvey.co.uk/id/country/england,,,
osgb4000000074711187,http://data.ordnancesurvey.co.uk/id/4000000074711187,Dealtry Holt,,,,landcover,Woodland Or Forest,486098,384920,2000,400000,485848,384679,486348,385179,DN21,http://data.ordnancesurvey.co.uk/id/postcodedistrict/DN21,,,,West Lindsey,http://data.ordnancesurvey.co.uk/id/7000000000043527,http://data.ordnancesurvey.co.uk/ontology/admingeo/District,Lincolnshire,http://data.ordnancesurvey.co.uk/id/7000000000005942,http://data.ordnancesurvey.co.uk/ontology/admingeo/County,East Midlands,http://data.ordnancesurvey.co.uk/id/7000000000041423,England,http://data.ordnancesurvey.co.uk/id/country/england,,,
osgb4000000074711189,http://data.ordnancesurvey.co.uk/id/4000000074711189,Moor Plantation,,,,landcover,Woodland Or Forest,484412,385839,2000,400000,484186,385589,484686,386089,DN21,http://data.ordnancesurvey.co.uk/id/postcodedistrict/DN21,,,,West Lindsey,http://data.ordnancesurvey.co.uk/id/7000000000043527,http://data.ordnancesurvey.co.uk/ontology/admingeo/District,Lincolnshire,http://data.ordnancesurvey.co.uk/id/7000000000005942,http://data.ordnancesurvey.co.uk/ontology/admingeo/County,East Midlands,http://data.ordnancesurvey.co.uk/id/7000000000041423,England,http://data.ordnancesurvey.co.uk/id/country/england,,,
osgb4000000074705401,http://data.ordnancesurvey.co.uk/id/4000000074705401,Halfmoon Plantation,,,,landcover,Woodland Or Forest,497811,390487,1000,400000,497571,390237,498071,390737,LN8,http://data.ordnancesurvey.co.uk/id/postcodedistrict/LN8,,,,West Lindsey,http://data.ordnancesurvey.co.uk/id/7000000000043527,http://data.ordnancesurvey.co.uk/ontology/admingeo/District,Lincolnshire,http://data.ordnancesurvey.co.uk/id/7000000000005942,http://data.ordnancesurvey.co.uk/ontology/admingeo/County,East Midlands,http://data.ordnancesurvey.co.uk/id/7000000000041423,England,http://data.ordnancesurvey.co.uk/id/country/england,,,
osgb4000000074795170,http://data.ordnancesurvey.co.uk/id/4000000074795170,Knaith Reach,,,,hydrography,Tidal Water,481964,385509,3000,100000,481714,385259,482214,385759,DN21,http://data.ordnancesurvey.co.uk/id/postcodedistrict/DN21,,,,West Lindsey,http://data.ordnancesurvey.co.uk/id/7000000000043527,http://data.ordnancesurvey.co.uk/ontology/admingeo/District,Lincolnshire,http://data.ordnancesurvey.co.uk/id/7000000000005942,http://data.ordnancesurvey.co.uk/ontology/admingeo/County,East Midlands,http://data.ordnancesurvey.co.uk/id/7000000000041423,England,http://data.ordnancesurvey.co.uk/id/country/england,,,
osgb4000000074707470,http://data.ordnancesurvey.co.uk/id/4000000074707470,Pitt Hills Plantation,,,,landcover,Woodland Or Forest,481695,391038,4000,400000,481445,390728,481945,391346,DN21,http://data.ordnancesurvey.co.uk/id/postcodedistrict/DN21,,,,West Lindsey,http://data.ordnancesurvey.co.uk/id/7000000000043527,http://data.ordnancesurvey.co.uk/ontology/admingeo/District,Lincolnshire,http://data.ordnancesurvey.co.uk/id/7000000000005942,http://data.ordnancesurvey.co.uk/ontology/admingeo/County,East Midlands,http://data.ordnancesurvey.co.uk/id/7000000000041423,England,http://data.ordnancesurvey.co.uk/id/country/england,,,
osgb4000000074710773,http://data.ordnancesurvey.co.uk/id/4000000074710773,Golddale Plantation,,,,landcover,Woodland Or Forest,484998,382545,1000,400000,484748,382297,485248,382797,DN21,http://data.ordnancesurvey.co.uk/id/postcodedistrict/DN21,,,,West Lindsey,http://data.ordnancesurvey.co.uk/id/7000000000043527,http://data.ordnancesurvey.co.uk/ontology/admingeo/District,Lincolnshire,http://data.ordnancesurvey.co.uk/id/7000000000005942,http://data.ordnancesurvey.co.uk/ontology/admingeo/County,East Midlands,http://data.ordnancesurvey.co.uk/id/7000000000041423,England,http://data.ordnancesurvey.co.uk/id/country/england,,,
osgb4000000074686212,http://data.ordnancesurvey.co.uk/id/4000000074686212,Willoughton Wood,,,,landcover,Woodland Or Forest,485907,388725,3000,400000,485665,388476,486165,388976,DN21,http://data.ordnancesurvey.co.uk/id/postcodedistrict/DN21,,,,West Lindsey,http://data.ordnancesurvey.co.uk/id/7000000000043527,http://data.ordnancesurvey.co.uk/ontology/admingeo/District,Lincolnshire,http://data.ordnancesurvey.co.uk/id/7000000000005942,http://data.ordnancesurvey.co.uk/ontology/admingeo/County,East Midlands,http://data.ordnancesurvey.co.uk/id/7000000000041423,England,http://data.ordnancesurvey.co.uk/id/country/england,,,
osgb4000000074708704,http://data.ordnancesurvey.co.uk/id/4000000074708704,Fillingham Low Wood,,,,landcover,Woodland Or Forest,491271,386134,3000,400000,491021,385877,491521,386377,DN21,http://data.ordnancesurvey.co.uk/id/postcodedistrict/DN21,,,,West Lindsey,http://data.ordnancesurvey.co.uk/id/7000000000043527,http://data.ordnancesurvey.co.uk/ontology/admingeo/District,Lincolnshire,http://data.ordnancesurvey.co.uk/id/7000000000005942,http://data.ordnancesurvey.co.uk/ontology/admingeo/County,East Midlands,http://data.ordnancesurvey.co.uk/id/7000000000041423,England,http://data.ordnancesurvey.co.uk/id/country/england,,,
osgb4000000074686205,http://data.ordnancesurvey.co.uk/id/4000000074686205,Big Wood,,,,landcover,Woodland Or Forest,491111,386996,4000,400000,490827,386746,491415,387246,DN21,http://data.ordnancesurvey.co.uk/id/postcodedistrict/DN21,,,,West Lindsey,http://data.ordnancesurvey.co.uk/id/7000000000043527,http://data.ordnancesurvey.co.uk/ontology/admingeo/District,Lincolnshire,http://data.ordnancesurvey.co.uk/id/7000000000005942,http://data.ordnancesurvey.co.uk/ontology/admingeo/County,East Midlands,http://data.ordnancesurvey.co.uk/id/7000000000041423,England,http://data.ordnancesurvey.co.uk/id/country/england,,,
osgb4000000074704982,http://data.ordnancesurvey.co.uk/id/4000000074704982,Lea Wood,,,,landcover,Woodland Or Forest,483075,387465,2000,400000,482842,387215,483342,387715,DN21,http://data.ordnancesurvey.co.uk/id/postcodedistrict/DN21,,,,West Lindsey,http://data.ordnancesurvey.co.uk/id/7000000000043527,http://data.ordnancesurvey.co.uk/ontology/admingeo/District,Lincolnshire,http://data.ordnancesurvey.co.uk/id/7000000000005942,http://data.ordnancesurvey.co.uk/ontology/admingeo/County,East Midlands,http://data.ordnancesurvey.co.uk/id/7000000000041423,England,http://data.ordnancesurvey.co.uk/id/country/england,,,
osgb4000000074811676,http://data.ordnancesurvey.co.uk/id/4000000074811676,The Park,,,,landcover,Other Landcover,489832,396904,3000,800000,489583,396657,490083,397157,DN21,http://data.ordnancesurvey.co.uk/id/postcodedistrict/DN21,,,,West Lindsey,http://data.ordnancesurvey.co.uk/id/7000000000043527,http://data.ordnancesurvey.co.uk/ontology/admingeo/District,Lincolnshire,http://data.ordnancesurvey.co.uk/id/7000000000005942,http://data.ordnancesurvey.co.uk/ontology/admingeo/County,East Midlands,http://data.ordnancesurvey.co.uk/id/7000000000041423,England,http://data.ordnancesurvey.co.uk/id/country/england,,,
osgb4000000074710774,http://data.ordnancesurvey.co.uk/id/4000000074710774,Horseshoe Plantation,,,,landcover,Woodland Or Forest,483183,382986,1000,400000,482933,382736,483433,383236,DN21,http://data.ordnancesurvey.co.uk/id/postcodedistrict/DN21,,,,West Lindsey,http://data.ordnancesurvey.co.uk/id/7000000000043527,http://data.ordnancesurvey.co.uk/ontology/admingeo/District,Lincolnshire,http://data.ordnancesurvey.co.uk/id/7000000000005942,http://data.ordnancesurvey.co.uk/ontology/admingeo/County,East Midlands,http://data.ordnancesurvey.co.uk/id/7000000000041423,England,http://data.ordnancesurvey.co.uk/id/country/england,,,
osgb4000000074708297,http://data.ordnancesurvey.co.uk/id/4000000074708297,Long Covert,,,,landcover,Woodland Or Forest,493385,381881,3000,400000,493117,381631,493651,382131,LN1,http://data.ordnancesurvey.co.uk/id/postcodedistrict/LN1,,,,West Lindsey,http://data.ordnancesurvey.co.uk/id/7000000000043527,http://data.ordnancesurvey.co.uk/ontology/admingeo/District,Lincolnshire,http://data.ordnancesurvey.co.uk/id/7000000000005942,http://data.ordnancesurvey.co.uk/ontology/admingeo/County,East Midlands,http://data.ordnancesurvey.co.uk/id/7000000000041423,England,http://data.ordnancesurvey.co.uk/id/country/england,,,
osgb4000000074706233,http://data.ordnancesurvey.co.uk/id/4000000074706233,Blyborough Covert,,,,landcover,Woodland Or Forest,490996,394052,3000,400000,490746,393753,491246,394253,DN21,http://data.ordnancesurvey.co.uk/id/postcodedistrict/DN21,,,,West Lindsey,http://data.ordnancesurvey.co.uk/id/7000000000043527,http://data.ordnancesurvey.co.uk/ontology/admingeo/District,Lincolnshire,http://data.ordnancesurvey.co.uk/id/7000000000005942,http://data.ordnancesurvey.co.uk/ontology/admingeo/County,East Midlands,http://data.ordnancesurvey.co.uk/id/7000000000041423,England,http://data.ordnancesurvey.co.uk/id/country/england,,,
osgb4000000074765240,http://data.ordnancesurvey.co.uk/id/4000000074765240,Pheasant Hill,,,,landform,Hill Or Mountain,482761,392145,1000,300000,482511,391895,483011,392395,DN21,http://data.ordnancesurvey.co.uk/id/postcodedistrict/DN21,,,,West Lindsey,http://data.ordnancesurvey.co.uk/id/7000000000043527,http://data.ordnancesurvey.co.uk/ontology/admingeo/District,Lincolnshire,http://data.ordnancesurvey.co.uk/id/7000000000005942,http://data.ordnancesurvey.co.uk/ontology/admingeo/County,East Midlands,http://data.ordnancesurvey.co.uk/id/7000000000041423,England,http://data.ordnancesurvey.co.uk/id/country/england,,,
osgb4000000074708701,http://data.ordnancesurvey.co.uk/id/4000000074708701,Thorpe Wood,,,,landcover,Woodland Or Forest,491768,381619,4000,400000,491490,381258,492046,381758,LN1,http://data.ordnancesurvey.co.uk/id/postcodedistrict/LN1,,,,West Lindsey,http://data.ordnancesurvey.co.uk/id/7000000000043527,http://data.ordnancesurvey.co.uk/ontology/admingeo/District,Lincolnshire,http://data.ordnancesurvey.co.uk/id/7000000000005942,http://data.ordnancesurvey.co.uk/ontology/admingeo/County,East Midlands,http://data.ordnancesurvey.co.uk/id/7000000000041423,England,http://data.ordnancesurvey.co.uk/id/country/england,,,
osgb4000000074813281,http://data.ordnancesurvey.co.uk/id/4000000074813281,Stow Park,,,,landcover,Other Landcover,486902,381156,5000,800000,486534,380811,487269,381502,LN1,http://data.ordnancesurvey.co.uk/id/postcodedistrict/LN1,,,,West Lindsey,http://data.ordnancesurvey.co.uk/id/7000000000043527,http://data.ordnancesurvey.co.uk/ontology/admingeo/District,Lincolnshire,http://data.ordnancesurvey.co.uk/id/7000000000005942,http://data.ordnancesurvey.co.uk/ontology/admingeo/County,East Midlands,http://data.ordnancesurvey.co.uk/id/7000000000041423,England,http://data.ordnancesurvey.co.uk/id/country/england,,,
osgb4000000074728632,http://data.ordnancesurvey.co.uk/id/4000000074728632,Stephenson's Hill,,,,landcover,Woodland Or Forest,483148,385179,3000,400000,482899,384929,483399,385429,DN21,http://data.ordnancesurvey.co.uk/id/postcodedistrict/DN21,,,,West Lindsey,http://data.ordnancesurvey.co.uk/id/7000000000043527,http://data.ordnancesurvey.co.uk/ontology/admingeo/District,Lincolnshire,http://data.ordnancesurvey.co.uk/id/7000000000005942,http://data.ordnancesurvey.co.uk/ontology/admingeo/County,East Midlands,http://data.ordnancesurvey.co.uk/id/7000000000041423,England,http://data.ordnancesurvey.co.uk/id/country/england,,,
osgb4000000074792679,http://data.ordnancesurvey.co.uk/id/4000000074792679,Peacock Hole,,,,hydrography,Inland Water,482711,396761,1000,500000,482461,396481,482961,396981,DN21,http://data.ordnancesurvey.co.uk/id/postcodedistrict/DN21,,,,West Lindsey,http://data.ordnancesurvey.co.uk/id/7000000000043527,http://data.ordnancesurvey.co.uk/ontology/admingeo/District,Lincolnshire,http://data.ordnancesurvey.co.uk/id/7000000000005942,http://data.ordnancesurvey.co.uk/ontology/admingeo/County,East Midlands,http://data.ordnancesurvey.co.uk/id/7000000000041423,England,http://data.ordnancesurvey.co.uk/id/country/england,,,
osgb4000000074706231,http://data.ordnancesurvey.co.uk/id/4000000074706231,Island Pond Plantation,,,,landcover,Woodland Or Forest,496209,399498,1000,400000,495958,399248,496458,399748,DN21,http://data.ordnancesurvey.co.uk/id/postcodedistrict/DN21,,,,,,,North Lincolnshire,http://data.ordnancesurvey.co.uk/id/7000000000025623,http://data.ordnancesurvey.co.uk/ontology/admingeo/UnitaryAuthority,Yorkshire and the Humber,http://data.ordnancesurvey.co.uk/id/7000000000041430,England,http://data.ordnancesurvey.co.uk/id/country/england,,,
osgb4000000074706235,http://data.ordnancesurvey.co.uk/id/4000000074706235,Peter's Wood,,,,landcover,Woodland Or Forest,490374,388877,2000,400000,490124,388623,490624,389123,DN21,http://data.ordnancesurvey.co.uk/id/postcodedistrict/DN21,,,,West Lindsey,http://data.ordnancesurvey.co.uk/id/7000000000043527,http://data.ordnancesurvey.co.uk/ontology/admingeo/District,Lincolnshire,http://data.ordnancesurvey.co.uk/id/7000000000005942,http://data.ordnancesurvey.co.uk/ontology/admingeo/County,East Midlands,http://data.ordnancesurvey.co.uk/id/7000000000041423,England,http://data.ordnancesurvey.co.uk/id/country/england,,,
osgb4000000074820466,http://data.ordnancesurvey.co.uk/id/4000000074820466,Fox Covert,,,,landcover,Woodland Or Forest,491081,383583,2000,400000,490832,383333,491332,383833,LN1,http://data.ordnancesurvey.co.uk/id/postcodedistrict/LN1,,,,West Lindsey,http://data.ordnancesurvey.co.uk/id/7000000000043527,http://data.ordnancesurvey.co.uk/ontology/admingeo/District,Lincolnshire,http://data.ordnancesurvey.co.uk/id/7000000000005942,http://data.ordnancesurvey.co.uk/ontology/admingeo/County,East Midlands,http://data.ordnancesurvey.co.uk/id/7000000000041423,England,http://data.ordnancesurvey.co.uk/id/country/england,,,
osgb4000000074709113,http://data.ordnancesurvey.co.uk/id/4000000074709113,Heaton's Wood,,,,landcover,Woodland Or Forest,490279,386672,2000,400000,490030,386421,490530,386921,DN21,http://data.ordnancesurvey.co.uk/id/postcodedistrict/DN21,,,,West Lindsey,http://data.ordnancesurvey.co.uk/id/7000000000043527,http://data.ordnancesurvey.co.uk/ontology/admingeo/District,Lincolnshire,http://data.ordnancesurvey.co.uk/id/7000000000005942,http://data.ordnancesurvey.co.uk/ontology/admingeo/County,East Midlands,http://data.ordnancesurvey.co.uk/id/7000000000041423,England,http://data.ordnancesurvey.co.uk/id/country/england,,,
osgb4000000074705820,http://data.ordnancesurvey.co.uk/id/4000000074705820,Bracken's Wood,,,,landcover,Woodland Or Forest,499745,391652,2000,400000,499496,391289,499996,391789,LN8,http://data.ordnancesurvey.co.uk/id/postcodedistrict/LN8,,,,West Lindsey,http://data.ordnancesurvey.co.uk/id/7000000000043527,http://data.ordnancesurvey.co.uk/ontology/admingeo/District,Lincolnshire,http://data.ordnancesurvey.co.uk/id/7000000000005942,http://data.ordnancesurvey.co.uk/ontology/admingeo/County,East Midlands,http://data.ordnancesurvey.co.uk/id/7000000000041423,England,http://data.ordnancesurvey.co.uk/id/country/england,,,
osgb4000000074744722,http://data.ordnancesurvey.co.uk/id/4000000074744722,Cow Pasture,,,,landcover,Other Landcover,490392,399566,5000,1300000,490001,399297,490818,399834,DN21,http://data.ordnancesurvey.co.uk/id/postcodedistrict/DN21,,,,West Lindsey,http://data.ordnancesurvey.co.uk/id/7000000000043527,http://data.ordnancesurvey.co.uk/ontology/admingeo/District,Lincolnshire,http://data.ordnancesurvey.co.uk/id/7000000000005942,http://data.ordnancesurvey.co.uk/ontology/admingeo/County,East Midlands,http://data.ordnancesurvey.co.uk/id/7000000000041423,England,http://data.ordnancesurvey.co.uk/id/country/england,,,
osgb4000000074707881,http://data.ordnancesurvey.co.uk/id/4000000074707881,Brick Kiln Plantation,,,,landcover,Woodland Or Forest,499411,381452,1000,400000,499161,381199,499661,381699,LN2,http://data.ordnancesurvey.co.uk/id/postcodedistrict/LN2,,,,West Lindsey,http://data.ordnancesurvey.co.uk/id/7000000000043527,http://data.ordnancesurvey.co.uk/ontology/admingeo/District,Lincolnshire,http://data.ordnancesurvey.co.uk/id/7000000000005942,http://data.ordnancesurvey.co.uk/ontology/admingeo/County,East Midlands,http://data.ordnancesurvey.co.uk/id/7000000000041423,England,http://data.ordnancesurvey.co.uk/id/country/england,,,
osgb4000000074792632,http://data.ordnancesurvey.co.uk/id/4000000074792632,Ancholme Head,,,,hydrography,Inland Water,496685,385024,1000,500000,496441,384774,496941,385274,LN8,http://data.ordnancesurvey.co.uk/id/postcodedistrict/LN8,,,,West Lindsey,http://data.ordnancesurvey.co.uk/id/7000000000043527,http://data.ordnancesurvey.co.uk/ontology/admingeo/District,Lincolnshire,http://data.ordnancesurvey.co.uk/id/7000000000005942,http://data.ordnancesurvey.co.uk/ontology/admingeo/County,East Midlands,http://data.ordnancesurvey.co.uk/id/7000000000041423,England,http://data.ordnancesurvey.co.uk/id/country/england,,,
osgb4000000074706653,http://data.ordnancesurvey.co.uk/id/4000000074706653,Mill Hill Plantation,,,,landcover,Woodland Or Forest,483526,388393,1000,400000,483276,388144,483776,388644,DN21,http://data.ordnancesurvey.co.uk/id/postcodedistrict/DN21,,,,West Lindsey,http://data.ordnancesurvey.co.uk/id/7000000000043527,http://data.ordnancesurvey.co.uk/ontology/admingeo/District,Lincolnshire,http://data.ordnancesurvey.co.uk/id/7000000000005942,http://data.ordnancesurvey.co.uk/ontology/admingeo/County,East Midlands,http://data.ordnancesurvey.co.uk/id/7000000000041423,England,http://data.ordnancesurvey.co.uk/id/country/england,,,
osgb4000000074686210,http://data.ordnancesurvey.co.uk/id/4000000074686210,Ings Plantation,,,,landcover,Woodland Or Forest,491085,398644,1000,400000,490835,398393,491335,398893,DN21,http://data.ordnancesurvey.co.uk/id/postcodedistrict/DN21,,,,,,,North Lincolnshire,http://data.ordnancesurvey.co.uk/id/7000000000025623,http://data.ordnancesurvey.co.uk/ontology/admingeo/UnitaryAuthority,Yorkshire and the Humber,http://data.ordnancesurvey.co.uk/id/7000000000041430,England,http://data.ordnancesurvey.co.uk/id/country/england,,,
osgb4000000074712243,http://data.ordnancesurvey.co.uk/id/4000000074712243,Larch Plantation,,,,landcover,Woodland Or Forest,491617,386756,2000,400000,491367,386516,491867,387016,DN21,http://data.ordnancesurvey.co.uk/id/postcodedistrict/DN21,,,,West Lindsey,http://data.ordnancesurvey.co.uk/id/7000000000043527,http://data.ordnancesurvey.co.uk/ontology/admingeo/District,Lincolnshire,http://data.ordnancesurvey.co.uk/id/7000000000005942,http://data.ordnancesurvey.co.uk/ontology/admingeo/County,East Midlands,http://data.ordnancesurvey.co.uk/id/7000000000041423,England,http://data.ordnancesurvey.co.uk/id/country/england,,,
osgb4000000074707879,http://data.ordnancesurvey.co.uk/id/4000000074707879,Folly Wood,,,,landcover,Woodland Or Forest,497536,385599,2000,400000,497287,385349,497787,385849,LN8,http://data.ordnancesurvey.co.uk/id/postcodedistrict/LN8,,,,West Lindsey,http://data.ordnancesurvey.co.uk/id/7000000000043527,http://data.ordnancesurvey.co.uk/ontology/admingeo/District,Lincolnshire,http://data.ordnancesurvey.co.uk/id/7000000000005942,http://data.ordnancesurvey.co.uk/ontology/admingeo/County,East Midlands,http://data.ordnancesurvey.co.uk/id/7000000000041423,England,http://data.ordnancesurvey.co.uk/id/country/england,,,
osgb4000000074707060,http://data.ordnancesurvey.co.uk/id/4000000074707060,Pits Plantation,,,,landcover,Woodland Or Forest,495605,380846,1000,400000,495356,380597,495856,381097,LN1,http://data.ordnancesurvey.co.uk/id/postcodedistrict/LN1,,,,West Lindsey,http://data.ordnancesurvey.co.uk/id/7000000000043527,http://data.ordnancesurvey.co.uk/ontology/admingeo/District,Lincolnshire,http://data.ordnancesurvey.co.uk/id/7000000000005942,http://data.ordnancesurvey.co.uk/ontology/admingeo/County,East Midlands,http://data.ordnancesurvey.co.uk/id/7000000000041423,England,http://data.ordnancesurvey.co.uk/id/country/england,,,
osgb4000000074686220,http://data.ordnancesurvey.co.uk/id/4000000074686220,Laughton Forest,,,,landcover,Woodland Or Forest,485258,399357,32000,400000,482981,397106,487910,401608,DN21,http://data.ordnancesurvey.co.uk/id/postcodedistrict/DN21,,,,West Lindsey,http://data.ordnancesurvey.co.uk/id/7000000000043527,http://data.ordnancesurvey.co.uk/ontology/admingeo/District,Lincolnshire,http://data.ordnancesurvey.co.uk/id/7000000000005942,http://data.ordnancesurvey.co.uk/ontology/admingeo/County,East Midlands,http://data.ordnancesurvey.co.uk/id/7000000000041423,England,http://data.ordnancesurvey.co.uk/id/country/england,,,
osgb4000000074707471,http://data.ordnancesurvey.co.uk/id/4000000074707471,Round Clump,,,,landcover,Woodland Or Forest,482369,392007,2000,400000,482070,391757,482570,392257,DN21,http://data.ordnancesurvey.co.uk/id/postcodedistrict/DN21,,,,West Lindsey,http://data.ordnancesurvey.co.uk/id/7000000000043527,http://data.ordnancesurvey.co.uk/ontology/admingeo/District,Lincolnshire,http://data.ordnancesurvey.co.uk/id/7000000000005942,http://data.ordnancesurvey.co.uk/ontology/admingeo/County,East Midlands,http://data.ordnancesurvey.co.uk/id/7000000000041423,England,http://data.ordnancesurvey.co.uk/id/country/england,,,
osgb4000000074710772,http://data.ordnancesurvey.co.uk/id/4000000074710772,Ash Holt,,,,landcover,Woodland Or Forest,485843,382331,2000,400000,485593,382074,486093,382574,DN21,http://data.ordnancesurvey.co.uk/id/postcodedistrict/DN21,,,,West Lindsey,http://data.ordnancesurvey.co.uk/id/7000000000043527,http://data.ordnancesurvey.co.uk/ontology/admingeo/District,Lincolnshire,http://data.ordnancesurvey.co.uk/id/7000000000005942,http://data.ordnancesurvey.co.uk/ontology/admingeo/County,East Midlands,http://data.ordnancesurvey.co.uk/id/7000000000041423,England,http://data.ordnancesurvey.co.uk/id/country/england,,,
osgb4000000074820457,http://data.ordnancesurvey.co.uk/id/4000000074820457,Fox Covert,,,,landcover,Woodland Or Forest,495798,385861,1000,400000,495550,385611,496050,386111,DN21,http://data.ordnancesurvey.co.uk/id/postcodedistrict/DN21,,,,West Lindsey,http://data.ordnancesurvey.co.uk/id/7000000000043527,http://data.ordnancesurvey.co.uk/ontology/admingeo/District,Lincolnshire,http://data.ordnancesurvey.co.uk/id/7000000000005942,http://data.ordnancesurvey.co.uk/ontology/admingeo/County,East Midlands,http://data.ordnancesurvey.co.uk/id/7000000000041423,England,http://data.ordnancesurvey.co.uk/id/country/england,,,
osgb4000000074686217,http://data.ordnancesurvey.co.uk/id/4000000074686217,Dallison Plantation,,,,landcover,Woodland Or Forest,486876,398131,6000,400000,486455,397808,487313,398454,DN21,http://data.ordnancesurvey.co.uk/id/postcodedistrict/DN21,,,,West Lindsey,http://data.ordnancesurvey.co.uk/id/7000000000043527,http://data.ordnancesurvey.co.uk/ontology/admingeo/District,Lincolnshire,http://data.ordnancesurvey.co.uk/id/7000000000005942,http://data.ordnancesurvey.co.uk/ontology/admingeo/County,East Midlands,http://data.ordnancesurvey.co.uk/id/7000000000041423,England,http://data.ordnancesurvey.co.uk/id/country/england,,,
osgb4000000074691024,http://data.ordnancesurvey.co.uk/id/4000000074691024,Owlet Plantation,,,,landcover,Woodland Or Forest,482978,395288,6000,400000,482557,394940,483543,395637,DN21,http://data.ordnancesurvey.co.uk/id/postcodedistrict/DN21,,,,West Lindsey,http://data.ordnancesurvey.co.uk/id/7000000000043527,http://data.ordnancesurvey.co.uk/ontology/admingeo/District,Lincolnshire,http://data.ordnancesurvey.co.uk/id/7000000000005942,http://data.ordnancesurvey.co.uk/ontology/admingeo/County,East Midlands,http://data.ordnancesurvey.co.uk/id/7000000000041423,England,http://data.ordnancesurvey.co.uk/id/country/england,,,
osgb4000000074707877,http://data.ordnancesurvey.co.uk/id/4000000074707877,Half Acre Plantation,,,,landcover,Woodland Or Forest,495570,381402,1000,400000,495321,381154,495821,381654,LN1,http://data.ordnancesurvey.co.uk/id/postcodedistrict/LN1,,,,West Lindsey,http://data.ordnancesurvey.co.uk/id/7000000000043527,http://data.ordnancesurvey.co.uk/ontology/admingeo/District,Lincolnshire,http://data.ordnancesurvey.co.uk/id/7000000000005942,http://data.ordnancesurvey.co.uk/ontology/admingeo/County,East Midlands,http://data.ordnancesurvey.co.uk/id/7000000000041423,England,http://data.ordnancesurvey.co.uk/id/country/england,,,
osgb4000000074711193,http://data.ordnancesurvey.co.uk/id/4000000074711193,New Plantation,,,,landcover,Woodland Or Forest,483307,385986,2000,400000,483055,385737,483555,386237,DN21,http://data.ordnancesurvey.co.uk/id/postcodedistrict/DN21,,,,West Lindsey,http://data.ordnancesurvey.co.uk/id/7000000000043527,http://data.ordnancesurvey.co.uk/ontology/admingeo/District,Lincolnshire,http://data.ordnancesurvey.co.uk/id/7000000000005942,http://data.ordnancesurvey.co.uk/ontology/admingeo/County,East Midlands,http://data.ordnancesurvey.co.uk/id/7000000000041423,England,http://data.ordnancesurvey.co.uk/id/country/england,,,
osgb4000000074728631,http://data.ordnancesurvey.co.uk/id/4000000074728631,Broom Hills,,,,landcover,Woodland Or Forest,483819,384697,5000,400000,483530,384314,484108,385159,DN21,http://data.ordnancesurvey.co.uk/id/postcodedistrict/DN21,,,,West Lindsey,http://data.ordnancesurvey.co.uk/id/7000000000043527,http://data.ordnancesurvey.co.uk/ontology/admingeo/District,Lincolnshire,http://data.ordnancesurvey.co.uk/id/7000000000005942,http://data.ordnancesurvey.co.uk/ontology/admingeo/County,East Midlands,http://data.ordnancesurvey.co.uk/id/7000000000041423,England,http://data.ordnancesurvey.co.uk/id/country/england,,,
osgb4000000074709112,http://data.ordnancesurvey.co.uk/id/4000000074709112,Ash Holt,,,,landcover,Woodland Or Forest,491963,386846,2000,400000,491714,386596,492214,387096,DN21,http://data.ordnancesurvey.co.uk/id/postcodedistrict/DN21,,,,West Lindsey,http://data.ordnancesurvey.co.uk/id/7000000000043527,http://data.ordnancesurvey.co.uk/ontology/admingeo/District,Lincolnshire,http://data.ordnancesurvey.co.uk/id/7000000000005942,http://data.ordnancesurvey.co.uk/ontology/admingeo/County,East Midlands,http://data.ordnancesurvey.co.uk/id/7000000000041423,England,http://data.ordnancesurvey.co.uk/id/country/england,,,
osgb4000000074707064,http://data.ordnancesurvey.co.uk/id/4000000074707064,Duckles Wood,,,,landcover,Woodland Or Forest,485212,392260,3000,400000,484897,392010,485397,392510,DN21,http://data.ordnancesurvey.co.uk/id/postcodedistrict/DN21,,,,West Lindsey,http://data.ordnancesurvey.co.uk/id/7000000000043527,http://data.ordnancesurvey.co.uk/ontology/admingeo/District,Lincolnshire,http://data.ordnancesurvey.co.uk/id/7000000000005942,http://data.ordnancesurvey.co.uk/ontology/admingeo/County,East Midlands,http://data.ordnancesurvey.co.uk/id/7000000000041423,England,http://data.ordnancesurvey.co.uk/id/country/england,,,
osgb4000000074708296,http://data.ordnancesurvey.co.uk/id/4000000074708296,Larch Plantation,,,,landcover,Woodland Or Forest,495484,387060,3000,400000,495234,386821,495734,387321,DN21,http://data.ordnancesurvey.co.uk/id/postcodedistrict/DN21,,,,West Lindsey,http://data.ordnancesurvey.co.uk/id/7000000000043527,http://data.ordnancesurvey.co.uk/ontology/admingeo/District,Lincolnshire,http://data.ordnancesurvey.co.uk/id/7000000000005942,http://data.ordnancesurvey.co.uk/ontology/admingeo/County,East Midlands,http://data.ordnancesurvey.co.uk/id/7000000000041423,England,http://data.ordnancesurvey.co.uk/id/country/england,,,
osgb4000000074708703,http://data.ordnancesurvey.co.uk/id/4000000074708703,Normanby Gorse,,,,landcover,Woodland Or Forest,489496,383323,4000,400000,489376,383074,489920,383574,LN1,http://data.ordnancesurvey.co.uk/id/postcodedistrict/LN1,,,,West Lindsey,http://data.ordnancesurvey.co.uk/id/7000000000043527,http://data.ordnancesurvey.co.uk/ontology/admingeo/District,Lincolnshire,http://data.ordnancesurvey.co.uk/id/7000000000005942,http://data.ordnancesurvey.co.uk/ontology/admingeo/County,East Midlands,http://data.ordnancesurvey.co.uk/id/7000000000041423,England,http://data.ordnancesurvey.co.uk/id/country/england,,,
osgb4000000074708699,http://data.ordnancesurvey.co.uk/id/4000000074708699,Brattleby Thorns,,,,landcover,Woodland Or Forest,492481,381507,2000,400000,492232,381258,492732,381758,LN1,http://data.ordnancesurvey.co.uk/id/postcodedistrict/LN1,,,,West Lindsey,http://data.ordnancesurvey.co.uk/id/7000000000043527,http://data.ordnancesurvey.co.uk/ontology/admingeo/District,Lincolnshire,http://data.ordnancesurvey.co.uk/id/7000000000005942,http://data.ordnancesurvey.co.uk/ontology/admingeo/County,East Midlands,http://data.ordnancesurvey.co.uk/id/7000000000041423,England,http://data.ordnancesurvey.co.uk/id/country/england,,,
osgb4000000074795162,http://data.ordnancesurvey.co.uk/id/4000000074795162,Marton Rack,,,,hydrography,Tidal Water,483009,381599,2000,100000,482729,381349,483229,381849,DN21,http://data.ordnancesurvey.co.uk/id/postcodedistrict/DN21,,,,Bassetlaw,http://data.ordnancesurvey.co.uk/id/7000000000008122,http://data.ordnancesurvey.co.uk/ontology/admingeo/District,Nottinghamshire,http://data.ordnancesurvey.co.uk/id/7000000000008127,http://data.ordnancesurvey.co.uk/ontology/admingeo/County,East Midlands,http://data.ordnancesurvey.co.uk/id/7000000000041423,England,http://data.ordnancesurvey.co.uk/id/country/england,,,
osgb4000000074705406,http://data.ordnancesurvey.co.uk/id/4000000074705406,Coachroad Hill Plantations,,,,landcover,Woodland Or Forest,494455,388556,2000,400000,494245,388307,494745,388807,DN21,http://data.ordnancesurvey.co.uk/id/postcodedistrict/DN21,,,,West Lindsey,http://data.ordnancesurvey.co.uk/id/7000000000043527,http://data.ordnancesurvey.co.uk/ontology/admingeo/District,Lincolnshire,http://data.ordnancesurvey.co.uk/id/7000000000005942,http://data.ordnancesurvey.co.uk/ontology/admingeo/County,East Midlands,http://data.ordnancesurvey.co.uk/id/7000000000041423,England,http://data.ordnancesurvey.co.uk/id/country/england,,,
osgb4000000074691019,http://data.ordnancesurvey.co.uk/id/4000000074691019,America Plantation,,,,landcover,Woodland Or Forest,498407,397633,2000,400000,498137,397383,498637,397883,DN21,http://data.ordnancesurvey.co.uk/id/postcodedistrict/DN21,,,,West Lindsey,http://data.ordnancesurvey.co.uk/id/7000000000043527,http://data.ordnancesurvey.co.uk/ontology/admingeo/District,Lincolnshire,http://data.ordnancesurvey.co.uk/id/7000000000005942,http://data.ordnancesurvey.co.uk/ontology/admingeo/County,East Midlands,http://data.ordnancesurvey.co.uk/id/7000000000041423,England,http://data.ordnancesurvey.co.uk/id/country/england,,,
osgb4000000074705819,http://data.ordnancesurvey.co.uk/id/4000000074705819,Ash Holt,,,,landcover,Woodland Or Forest,498657,391338,1000,400000,498404,391088,498904,391588,LN8,http://data.ordnancesurvey.co.uk/id/postcodedistrict/LN8,,,,West Lindsey,http://data.ordnancesurvey.co.uk/id/7000000000043527,http://data.ordnancesurvey.co.uk/ontology/admingeo/District,Lincolnshire,http://data.ordnancesurvey.co.uk/id/7000000000005942,http://data.ordnancesurvey.co.uk/ontology/admingeo/County,East Midlands,http://data.ordnancesurvey.co.uk/id/7000000000041423,England,http://data.ordnancesurvey.co.uk/id/country/england,,,
osgb4000000074728664,http://data.ordnancesurvey.co.uk/id/4000000074728664,Spring Hills,,,,landcover,Woodland Or Forest,493240,391241,2000,400000,492990,391042,493490,391542,DN21,http://data.ordnancesurvey.co.uk/id/postcodedistrict/DN21,,,,West Lindsey,http://data.ordnancesurvey.co.uk/id/7000000000043527,http://data.ordnancesurvey.co.uk/ontology/admingeo/District,Lincolnshire,http://data.ordnancesurvey.co.uk/id/7000000000005942,http://data.ordnancesurvey.co.uk/ontology/admingeo/County,East Midlands,http://data.ordnancesurvey.co.uk/id/7000000000041423,England,http://data.ordnancesurvey.co.uk/id/country/england,,,
osgb4000000074691025,http://data.ordnancesurvey.co.uk/id/4000000074691025,Laughton Common,,,,landcover,Woodland Or Forest,483043,396913,5000,400000,482696,396596,483391,397167,DN21,http://data.ordnancesurvey.co.uk/id/postcodedistrict/DN21,,,,West Lindsey,http://data.ordnancesurvey.co.uk/id/7000000000043527,http://data.ordnancesurvey.co.uk/ontology/admingeo/District,Lincolnshire,http://data.ordnancesurvey.co.uk/id/7000000000005942,http://data.ordnancesurvey.co.uk/ontology/admingeo/County,East Midlands,http://data.ordnancesurvey.co.uk/id/7000000000041423,England,http://data.ordnancesurvey.co.uk/id/country/england,,,
osgb4000000074707067,http://data.ordnancesurvey.co.uk/id/4000000074707067,Wharton Wood,,,,landcover,Woodland Or Forest,483894,392073,3000,400000,483647,391823,484147,392323,DN21,http://data.ordnancesurvey.co.uk/id/postcodedistrict/DN21,,,,West Lindsey,http://data.ordnancesurvey.co.uk/id/7000000000043527,http://data.ordnancesurvey.co.uk/ontology/admingeo/District,Lincolnshire,http://data.ordnancesurvey.co.uk/id/7000000000005942,http://data.ordnancesurvey.co.uk/ontology/admingeo/County,East Midlands,http://data.ordnancesurvey.co.uk/id/7000000000041423,England,http://data.ordnancesurvey.co.uk/id/country/england,,,
osgb4000000074686203,http://data.ordnancesurvey.co.uk/id/4000000074686203,Fox Covert,,,,landcover,Woodland Or Forest,499415,380980,2000,400000,499165,380730,499665,381230,LN2,http://data.ordnancesurvey.co.uk/id/postcodedistrict/LN2,,,,West Lindsey,http://data.ordnancesurvey.co.uk/id/7000000000043527,http://data.ordnancesurvey.co.uk/ontology/admingeo/District,Lincolnshire,http://data.ordnancesurvey.co.uk/id/7000000000005942,http://data.ordnancesurvey.co.uk/ontology/admingeo/County,East Midlands,http://data.ordnancesurvey.co.uk/id/7000000000041423,England,http://data.ordnancesurvey.co.uk/id/country/england,,,
osgb4000000074792676,http://data.ordnancesurvey.co.uk/id/4000000074792676,Pickering Pond,,,,hydrography,Inland Water,483915,388606,1000,500000,483665,388356,484165,388856,DN21,http://data.ordnancesurvey.co.uk/id/postcodedistrict/DN21,,,,West Lindsey,http://data.ordnancesurvey.co.uk/id/7000000000043527,http://data.ordnancesurvey.co.uk/ontology/admingeo/District,Lincolnshire,http://data.ordnancesurvey.co.uk/id/7000000000005942,http://data.ordnancesurvey.co.uk/ontology/admingeo/County,East Midlands,http://data.ordnancesurvey.co.uk/id/7000000000041423,England,http://data.ordnancesurvey.co.uk/id/country/england,,,
osgb4000000074705402,http://data.ordnancesurvey.co.uk/id/4000000074705402,Hanoverhill Plantation,,,,landcover,Woodland Or Forest,494982,387970,3000,400000,494733,387627,495233,388127,DN21,http://data.ordnancesurvey.co.uk/id/postcodedistrict/DN21,,,,West Lindsey,http://data.ordnancesurvey.co.uk/id/7000000000043527,http://data.ordnancesurvey.co.uk/ontology/admingeo/District,Lincolnshire,http://data.ordnancesurvey.co.uk/id/7000000000005942,http://data.ordnancesurvey.co.uk/ontology/admingeo/County,East Midlands,http://data.ordnancesurvey.co.uk/id/7000000000041423,England,http://data.ordnancesurvey.co.uk/id/country/england,,,
osgb4000000074686218,http://data.ordnancesurvey.co.uk/id/4000000074686218,Laughton Wood,,,,landcover,Woodland Or Forest,486183,398166,3000,400000,485933,397841,486433,398379,DN21,http://data.ordnancesurvey.co.uk/id/postcodedistrict/DN21,,,,West Lindsey,http://data.ordnancesurvey.co.uk/id/7000000000043527,http://data.ordnancesurvey.co.uk/ontology/admingeo/District,Lincolnshire,http://data.ordnancesurvey.co.uk/id/7000000000005942,http://data.ordnancesurvey.co.uk/ontology/admingeo/County,East Midlands,http://data.ordnancesurvey.co.uk/id/7000000000041423,England,http://data.ordnancesurvey.co.uk/id/country/england,,,
osgb4000000074706652,http://data.ordnancesurvey.co.uk/id/4000000074706652,Pickering Pond Wood,,,,landcover,Woodland Or Forest,483919,388602,1000,400000,483678,388352,484178,388852,DN21,http://data.ordnancesurvey.co.uk/id/postcodedistrict/DN21,,,,West Lindsey,http://data.ordnancesurvey.co.uk/id/7000000000043527,http://data.ordnancesurvey.co.uk/ontology/admingeo/District,Lincolnshire,http://data.ordnancesurvey.co.uk/id/7000000000005942,http://data.ordnancesurvey.co.uk/ontology/admingeo/County,East Midlands,http://data.ordnancesurvey.co.uk/id/7000000000041423,England,http://data.ordnancesurvey.co.uk/id/country/england,,,
osgb4000000074592698,http://data.ordnancesurvey.co.uk/id/4000000074592698,Willingham Hill,,,,landform,Hill Or Mountain,484078,382361,1000,300000,483828,382111,484328,382611,DN21,http://data.ordnancesurvey.co.uk/id/postcodedistrict/DN21,,,,West Lindsey,http://data.ordnancesurvey.co.uk/id/7000000000043527,http://data.ordnancesurvey.co.uk/ontology/admingeo/District,Lincolnshire,http://data.ordnancesurvey.co.uk/id/7000000000005942,http://data.ordnancesurvey.co.uk/ontology/admingeo/County,East Midlands,http://data.ordnancesurvey.co.uk/id/7000000000041423,England,http://data.ordnancesurvey.co.uk/id/country/england,,,
osgb4000000074707878,http://data.ordnancesurvey.co.uk/id/4000000074707878,West Firsby Gorse,,,,landcover,Woodland Or Forest,499734,385395,2000,400000,499484,385150,499984,385650,LN8,http://data.ordnancesurvey.co.uk/id/postcodedistrict/LN8,,,,West Lindsey,http://data.ordnancesurvey.co.uk/id/7000000000043527,http://data.ordnancesurvey.co.uk/ontology/admingeo/District,Lincolnshire,http://data.ordnancesurvey.co.uk/id/7000000000005942,http://data.ordnancesurvey.co.uk/ontology/admingeo/County,East Midlands,http://data.ordnancesurvey.co.uk/id/7000000000041423,England,http://data.ordnancesurvey.co.uk/id/country/england,,,
osgb4000000074792718,http://data.ordnancesurvey.co.uk/id/4000000074792718,Green Howe,,,,hydrography,Inland Water,486066,399818,1000,500000,485816,399568,486316,400068,DN21,http://data.ordnancesurvey.co.uk/id/postcodedistrict/DN21,,,,West Lindsey,http://data.ordnancesurvey.co.uk/id/7000000000043527,http://data.ordnancesurvey.co.uk/ontology/admingeo/District,Lincolnshire,http://data.ordnancesurvey.co.uk/id/7000000000005942,http://data.ordnancesurvey.co.uk/ontology/admingeo/County,East Midlands,http://data.ordnancesurvey.co.uk/id/7000000000041423,England,http://data.ordnancesurvey.co.uk/id/country/england,,,
osgb4000000074708291,http://data.ordnancesurvey.co.uk/id/4000000074708291,Hare's Wood,,,,landcover,Woodland Or Forest,495728,384938,2000,400000,495493,384688,495993,385188,DN21,http://data.ordnancesurvey.co.uk/id/postcodedistrict/DN21,,,,West Lindsey,http://data.ordnancesurvey.co.uk/id/7000000000043527,http://data.ordnancesurvey.co.uk/ontology/admingeo/District,Lincolnshire,http://data.ordnancesurvey.co.uk/id/7000000000005942,http://data.ordnancesurvey.co.uk/ontology/admingeo/County,East Midlands,http://data.ordnancesurvey.co.uk/id/7000000000041423,England,http://data.ordnancesurvey.co.uk/id/country/england,,,
osgb4000000074706234,http://data.ordnancesurvey.co.uk/id/4000000074706234,Huckerby Gorse,,,,landcover,Woodland Or Forest,489987,394248,1000,400000,489738,393996,490238,394496,DN21,http://data.ordnancesurvey.co.uk/id/postcodedistrict/DN21,,,,West Lindsey,http://data.ordnancesurvey.co.uk/id/7000000000043527,http://data.ordnancesurvey.co.uk/ontology/admingeo/District,Lincolnshire,http://data.ordnancesurvey.co.uk/id/7000000000005942,http://data.ordnancesurvey.co.uk/ontology/admingeo/County,East Midlands,http://data.ordnancesurvey.co.uk/id/7000000000041423,England,http://data.ordnancesurvey.co.uk/id/country/england,,,
osgb4000000074707876,http://data.ordnancesurvey.co.uk/id/4000000074707876,Cammeringham Top Covert,,,,landcover,Woodland Or Forest,496535,381936,2000,400000,496285,381686,496785,382186,LN2,http://data.ordnancesurvey.co.uk/id/postcodedistrict/LN2,,,,West Lindsey,http://data.ordnancesurvey.co.uk/id/7000000000043527,http://data.ordnancesurvey.co.uk/ontology/admingeo/District,Lincolnshire,http://data.ordnancesurvey.co.uk/id/7000000000005942,http://data.ordnancesurvey.co.uk/ontology/admingeo/County,East Midlands,http://data.ordnancesurvey.co.uk/id/7000000000041423,England,http://data.ordnancesurvey.co.uk/id/country/england,,,
osgb4000000074705817,http://data.ordnancesurvey.co.uk/id/4000000074705817,Nellpits Wood,,,,landcover,Woodland Or Forest,496546,389589,1000,400000,496296,389329,496796,389829,LN8,http://data.ordnancesurvey.co.uk/id/postcodedistrict/LN8,,,,West Lindsey,http://data.ordnancesurvey.co.uk/id/7000000000043527,http://data.ordnancesurvey.co.uk/ontology/admingeo/District,Lincolnshire,http://data.ordnancesurvey.co.uk/id/7000000000005942,http://data.ordnancesurvey.co.uk/ontology/admingeo/County,East Midlands,http://data.ordnancesurvey.co.uk/id/7000000000041423,England,http://data.ordnancesurvey.co.uk/id/country/england,,,
osgb4000000074818427,http://data.ordnancesurvey.co.uk/id/4000000074818427,Redbourne Park,,,,landcover,Other Landcover,497516,399148,6000,800000,497120,398715,497914,399580,DN21,http://data.ordnancesurvey.co.uk/id/postcodedistrict/DN21,,,,,,,North Lincolnshire,http://data.ordnancesurvey.co.uk/id/7000000000025623,http://data.ordnancesurvey.co.uk/ontology/admingeo/UnitaryAuthority,Yorkshire and the Humber,http://data.ordnancesurvey.co.uk/id/7000000000041430,England,http://data.ordnancesurvey.co.uk/id/country/england,,,
osgb4000000074708294,http://data.ordnancesurvey.co.uk/id/4000000074708294,Pale Wood,,,,landcover,Woodland Or Forest,495907,386156,3000,400000,495659,385906,496159,386406,DN21,http://data.ordnancesurvey.co.uk/id/postcodedistrict/DN21,,,,West Lindsey,http://data.ordnancesurvey.co.uk/id/7000000000043527,http://data.ordnancesurvey.co.uk/ontology/admingeo/District,Lincolnshire,http://data.ordnancesurvey.co.uk/id/7000000000005942,http://data.ordnancesurvey.co.uk/ontology/admingeo/County,East Midlands,http://data.ordnancesurvey.co.uk/id/7000000000041423,England,http://data.ordnancesurvey.co.uk/id/country/england,,,
osgb4000000074765494,http://data.ordnancesurvey.co.uk/id/4000000074765494,Newel Well Hill,,,,landform,Hill Or Mountain,497781,389453,1000,300000,497531,389203,498031,389703,LN8,http://data.ordnancesurvey.co.uk/id/postcodedistrict/LN8,,,,West Lindsey,http://data.ordnancesurvey.co.uk/id/7000000000043527,http://data.ordnancesurvey.co.uk/ontology/admingeo/District,Lincolnshire,http://data.ordnancesurvey.co.uk/id/7000000000005942,http://data.ordnancesurvey.co.uk/ontology/admingeo/County,East Midlands,http://data.ordnancesurvey.co.uk/id/7000000000041423,England,http://data.ordnancesurvey.co.uk/id/country/england,,,
osgb4000000074707472,http://data.ordnancesurvey.co.uk/id/4000000074707472,Castle Hills Wood,,,,landcover,Woodland Or Forest,481805,391491,3000,400000,481555,391284,482055,391784,DN21,http://data.ordnancesurvey.co.uk/id/postcodedistrict/DN21,,,,West Lindsey,http://data.ordnancesurvey.co.uk/id/7000000000043527,http://data.ordnancesurvey.co.uk/ontology/admingeo/District,Lincolnshire,http://data.ordnancesurvey.co.uk/id/7000000000005942,http://data.ordnancesurvey.co.uk/ontology/admingeo/County,East Midlands,http://data.ordnancesurvey.co.uk/id/7000000000041423,England,http://data.ordnancesurvey.co.uk/id/country/england,,,
osgb4000000074706232,http://data.ordnancesurvey.co.uk/id/4000000074706232,Stonepit Plantation,,,,landcover,Woodland Or Forest,496152,399806,1000,400000,495902,399553,496402,400053,DN21,http://data.ordnancesurvey.co.uk/id/postcodedistrict/DN21,,,,,,,North Lincolnshire,http://data.ordnancesurvey.co.uk/id/7000000000025623,http://data.ordnancesurvey.co.uk/ontology/admingeo/UnitaryAuthority,Yorkshire and the Humber,http://data.ordnancesurvey.co.uk/id/7000000000041430,England,http://data.ordnancesurvey.co.uk/id/country/england,,,
osgb4000000074686208,http://data.ordnancesurvey.co.uk/id/4000000074686208,Burton Wood,,,,landcover,Woodland Or Forest,484419,383159,3000,400000,484135,382909,484635,383409,DN21,http://data.ordnancesurvey.co.uk/id/postcodedistrict/DN21,,,,West Lindsey,http://data.ordnancesurvey.co.uk/id/7000000000043527,http://data.ordnancesurvey.co.uk/ontology/admingeo/District,Lincolnshire,http://data.ordnancesurvey.co.uk/id/7000000000005942,http://data.ordnancesurvey.co.uk/ontology/admingeo/County,East Midlands,http://data.ordnancesurvey.co.uk/id/7000000000041423,England,http://data.ordnancesurvey.co.uk/id/country/england,,,
osgb4000000074691017,http://data.ordnancesurvey.co.uk/id/4000000074691017,Nursery Plantation,,,,landcover,Woodland Or Forest,494226,387482,2000,400000,493976,387239,494476,387739,DN21,http://data.ordnancesurvey.co.uk/id/postcodedistrict/DN21,,,,West Lindsey,http://data.ordnancesurvey.co.uk/id/7000000000043527,http://data.ordnancesurvey.co.uk/ontology/admingeo/District,Lincolnshire,http://data.ordnancesurvey.co.uk/id/7000000000005942,http://data.ordnancesurvey.co.uk/ontology/admingeo/County,East Midlands,http://data.ordnancesurvey.co.uk/id/7000000000041423,England,http://data.ordnancesurvey.co.uk/id/country/england,,,
osgb4000000074763392,http://data.ordnancesurvey.co.uk/id/4000000074763392,The Islands,,,,landcover,Other Landcover,493960,394564,4000,800000,493458,394314,494147,394814,DN21,http://data.ordnancesurvey.co.uk/id/postcodedistrict/DN21,,,,West Lindsey,http://data.ordnancesurvey.co.uk/id/7000000000043527,http://data.ordnancesurvey.co.uk/ontology/admingeo/District,Lincolnshire,http://data.ordnancesurvey.co.uk/id/7000000000005942,http://data.ordnancesurvey.co.uk/ontology/admingeo/County,East Midlands,http://data.ordnancesurvey.co.uk/id/7000000000041423,England,http://data.ordnancesurvey.co.uk/id/country/england,,,
osgb4000000074618774,http://data.ordnancesurvey.co.uk/id/4000000074618774,Low Wood,,,,landcover,Woodland Or Forest,489240,385943,1000,400000,488989,385693,489489,386193,DN21,http://data.ordnancesurvey.co.uk/id/postcodedistrict/DN21,,,,West Lindsey,http://data.ordnancesurvey.co.uk/id/7000000000043527,http://data.ordnancesurvey.co.uk/ontology/admingeo/District,Lincolnshire,http://data.ordnancesurvey.co.uk/id/7000000000005942,http://data.ordnancesurvey.co.uk/ontology/admingeo/County,East Midlands,http://data.ordnancesurvey.co.uk/id/7000000000041423,England,http://data.ordnancesurvey.co.uk/id/country/england,,,
osgb4000000074705403,http://data.ordnancesurvey.co.uk/id/4000000074705403,Waterhouse Plantation,,,,landcover,Woodland Or Forest,494875,388331,1000,400000,494626,388055,495126,388555,DN21,http://data.ordnancesurvey.co.uk/id/postcodedistrict/DN21,,,,West Lindsey,http://data.ordnancesurvey.co.uk/id/7000000000043527,http://data.ordnancesurvey.co.uk/ontology/admingeo/District,Lincolnshire,http://data.ordnancesurvey.co.uk/id/7000000000005942,http://data.ordnancesurvey.co.uk/ontology/admingeo/County,East Midlands,http://data.ordnancesurvey.co.uk/id/7000000000041423,England,http://data.ordnancesurvey.co.uk/id/country/england,,,
osgb4000000074706651,http://data.ordnancesurvey.co.uk/id/4000000074706651,Brickhill Wood,,,,landcover,Woodland Or Forest,485742,390377,2000,400000,485492,390128,485992,390628,DN21,http://data.ordnancesurvey.co.uk/id/postcodedistrict/DN21,,,,West Lindsey,http://data.ordnancesurvey.co.uk/id/7000000000043527,http://data.ordnancesurvey.co.uk/ontology/admingeo/District,Lincolnshire,http://data.ordnancesurvey.co.uk/id/7000000000005942,http://data.ordnancesurvey.co.uk/ontology/admingeo/County,East Midlands,http://data.ordnancesurvey.co.uk/id/7000000000041423,England,http://data.ordnancesurvey.co.uk/id/country/england,,,
osgb4000000074686215,http://data.ordnancesurvey.co.uk/id/4000000074686215,Brickyard Plantation,,,,landcover,Woodland Or Forest,482817,388255,1000,400000,482567,388006,483067,388506,DN21,http://data.ordnancesurvey.co.uk/id/postcodedistrict/DN21,,,,West Lindsey,http://data.ordnancesurvey.co.uk/id/7000000000043527,http://data.ordnancesurvey.co.uk/ontology/admingeo/District,Lincolnshire,http://data.ordnancesurvey.co.uk/id/7000000000005942,http://data.ordnancesurvey.co.uk/ontology/admingeo/County,East Midlands,http://data.ordnancesurvey.co.uk/id/7000000000041423,England,http://data.ordnancesurvey.co.uk/id/country/england,,,
osgb4000000074710775,http://data.ordnancesurvey.co.uk/id/4000000074710775,Beanland's Plantation,,,,landcover,Woodland Or Forest,483353,383623,1000,400000,483103,383373,483603,383873,DN21,http://data.ordnancesurvey.co.uk/id/postcodedistrict/DN21,,,,West Lindsey,http://data.ordnancesurvey.co.uk/id/7000000000043527,http://data.ordnancesurvey.co.uk/ontology/admingeo/District,Lincolnshire,http://data.ordnancesurvey.co.uk/id/7000000000005942,http://data.ordnancesurvey.co.uk/ontology/admingeo/County,East Midlands,http://data.ordnancesurvey.co.uk/id/7000000000041423,England,http://data.ordnancesurvey.co.uk/id/country/england,,,
osgb4000000074711190,http://data.ordnancesurvey.co.uk/id/4000000074711190,Top Fox Covert,,,,landcover,Woodland Or Forest,484677,386636,3000,400000,484427,386376,484927,386889,DN21,http://data.ordnancesurvey.co.uk/id/postcodedistrict/DN21,,,,West Lindsey,http://data.ordnancesurvey.co.uk/id/7000000000043527,http://data.ordnancesurvey.co.uk/ontology/admingeo/District,Lincolnshire,http://data.ordnancesurvey.co.uk/id/7000000000005942,http://data.ordnancesurvey.co.uk/ontology/admingeo/County,East Midlands,http://data.ordnancesurvey.co.uk/id/7000000000041423,England,http://data.ordnancesurvey.co.uk/id/country/england,,,
osgb4000000074792678,http://data.ordnancesurvey.co.uk/id/4000000074792678,Carmer Hole,,,,hydrography,Inland Water,483461,396775,1000,500000,483210,396525,483710,397025,DN21,http://data.ordnancesurvey.co.uk/id/postcodedistrict/DN21,,,,West Lindsey,http://data.ordnancesurvey.co.uk/id/7000000000043527,http://data.ordnancesurvey.co.uk/ontology/admingeo/District,Lincolnshire,http://data.ordnancesurvey.co.uk/id/7000000000005942,http://data.ordnancesurvey.co.uk/ontology/admingeo/County,East Midlands,http://data.ordnancesurvey.co.uk/id/7000000000041423,England,http://data.ordnancesurvey.co.uk/id/country/england,,,
osgb4000000074704988,http://data.ordnancesurvey.co.uk/id/4000000074704988,Stainton's Plantation,,,,landcover,Woodland Or Forest,483932,387266,1000,400000,483677,387016,484177,387516,DN21,http://data.ordnancesurvey.co.uk/id/postcodedistrict/DN21,,,,West Lindsey,http://data.ordnancesurvey.co.uk/id/7000000000043527,http://data.ordnancesurvey.co.uk/ontology/admingeo/District,Lincolnshire,http://data.ordnancesurvey.co.uk/id/7000000000005942,http://data.ordnancesurvey.co.uk/ontology/admingeo/County,East Midlands,http://data.ordnancesurvey.co.uk/id/7000000000041423,England,http://data.ordnancesurvey.co.uk/id/country/england,,,
osgb4000000074708293,http://data.ordnancesurvey.co.uk/id/4000000074708293,Blacklands Wood,,,,landcover,Woodland Or Forest,496832,386524,1000,400000,496582,386273,497082,386773,LN8,http://data.ordnancesurvey.co.uk/id/postcodedistrict/LN8,,,,West Lindsey,http://data.ordnancesurvey.co.uk/id/7000000000043527,http://data.ordnancesurvey.co.uk/ontology/admingeo/District,Lincolnshire,http://data.ordnancesurvey.co.uk/id/7000000000005942,http://data.ordnancesurvey.co.uk/ontology/admingeo/County,East Midlands,http://data.ordnancesurvey.co.uk/id/7000000000041423,England,http://data.ordnancesurvey.co.uk/id/country/england,,,
osgb4000000074705404,http://data.ordnancesurvey.co.uk/id/4000000074705404,Hilltop Plantation,,,,landcover,Woodland Or Forest,494785,388530,2000,400000,494536,388282,495036,388782,DN21,http://data.ordnancesurvey.co.uk/id/postcodedistrict/DN21,,,,West Lindsey,http://data.ordnancesurvey.co.uk/id/7000000000043527,http://data.ordnancesurvey.co.uk/ontology/admingeo/District,Lincolnshire,http://data.ordnancesurvey.co.uk/id/7000000000005942,http://data.ordnancesurvey.co.uk/ontology/admingeo/County,East Midlands,http://data.ordnancesurvey.co.uk/id/7000000000041423,England,http://data.ordnancesurvey.co.uk/id/country/england,,,
osgb4000000074707068,http://data.ordnancesurvey.co.uk/id/4000000074707068,Eight Acre Wood,,,,landcover,Woodland Or Forest,482444,390847,2000,400000,482194,390597,482694,391097,DN21,http://data.ordnancesurvey.co.uk/id/postcodedistrict/DN21,,,,West Lindsey,http://data.ordnancesurvey.co.uk/id/7000000000043527,http://data.ordnancesurvey.co.uk/ontology/admingeo/District,Lincolnshire,http://data.ordnancesurvey.co.uk/id/7000000000005942,http://data.ordnancesurvey.co.uk/ontology/admingeo/County,East Midlands,http://data.ordnancesurvey.co.uk/id/7000000000041423,England,http://data.ordnancesurvey.co.uk/id/country/england,,,
osgb4000000074622463,http://data.ordnancesurvey.co.uk/id/4000000074622463,Hardwick Hill,,,,landform,Hill Or Mountain,484090,399370,1000,300000,483840,399120,484340,399620,DN21,http://data.ordnancesurvey.co.uk/id/postcodedistrict/DN21,,,,West Lindsey,http://data.ordnancesurvey.co.uk/id/7000000000043527,http://data.ordnancesurvey.co.uk/ontology/admingeo/District,Lincolnshire,http://data.ordnancesurvey.co.uk/id/7000000000005942,http://data.ordnancesurvey.co.uk/ontology/admingeo/County,East Midlands,http://data.ordnancesurvey.co.uk/id/7000000000041423,England,http://data.ordnancesurvey.co.uk/id/country/england,,,
osgb4000000074709114,http://data.ordnancesurvey.co.uk/id/4000000074709114,Top Wood,,,,landcover,Woodland Or Forest,489634,386882,2000,400000,489385,386631,489885,387131,DN21,http://data.ordnancesurvey.co.uk/id/postcodedistrict/DN21,,,,West Lindsey,http://data.ordnancesurvey.co.uk/id/7000000000043527,http://data.ordnancesurvey.co.uk/ontology/admingeo/District,Lincolnshire,http://data.ordnancesurvey.co.uk/id/7000000000005942,http://data.ordnancesurvey.co.uk/ontology/admingeo/County,East Midlands,http://data.ordnancesurvey.co.uk/id/7000000000041423,England,http://data.ordnancesurvey.co.uk/id/country/england,,,
osgb4000000074705823,http://data.ordnancesurvey.co.uk/id/4000000074705823,Harpswell Wood,,,,landcover,Woodland Or Forest,490509,388676,2000,400000,490262,388426,490762,388926,DN21,http://data.ordnancesurvey.co.uk/id/postcodedistrict/DN21,,,,West Lindsey,http://data.ordnancesurvey.co.uk/id/7000000000043527,http://data.ordnancesurvey.co.uk/ontology/admingeo/District,Lincolnshire,http://data.ordnancesurvey.co.uk/id/7000000000005942,http://data.ordnancesurvey.co.uk/ontology/admingeo/County,East Midlands,http://data.ordnancesurvey.co.uk/id/7000000000041423,England,http://data.ordnancesurvey.co.uk/id/country/england,,,
osgb4000000074620382,http://data.ordnancesurvey.co.uk/id/4000000074620382,Larch Plantation,,,,landcover,Woodland Or Forest,492078,385014,2000,400000,491829,384761,492329,385261,DN21,http://data.ordnancesurvey.co.uk/id/postcodedistrict/DN21,,,,West Lindsey,http://data.ordnancesurvey.co.uk/id/7000000000043527,http://data.ordnancesurvey.co.uk/ontology/admingeo/District,Lincolnshire,http://data.ordnancesurvey.co.uk/id/7000000000005942,http://data.ordnancesurvey.co.uk/ontology/admingeo/County,East Midlands,http://data.ordnancesurvey.co.uk/id/7000000000041423,England,http://data.ordnancesurvey.co.uk/id/country/england,,,
osgb4000000074707880,http://data.ordnancesurvey.co.uk/id/4000000074707880,Ancholme Plantation,,,,landcover,Woodland Or Forest,496558,384993,2000,400000,496320,384744,496820,385244,DN21,http://data.ordnancesurvey.co.uk/id/postcodedistrict/DN21,,,,West Lindsey,http://data.ordnancesurvey.co.uk/id/7000000000043527,http://data.ordnancesurvey.co.uk/ontology/admingeo/District,Lincolnshire,http://data.ordnancesurvey.co.uk/id/7000000000005942,http://data.ordnancesurvey.co.uk/ontology/admingeo/County,East Midlands,http://data.ordnancesurvey.co.uk/id/7000000000041423,England,http://data.ordnancesurvey.co.uk/id/country/england,,,
osgb4000000074707065,http://data.ordnancesurvey.co.uk/id/4000000074707065,Hornby Wood,,,,landcover,Woodland Or Forest,484246,390753,2000,400000,483996,390510,484496,391010,DN21,http://data.ordnancesurvey.co.uk/id/postcodedistrict/DN21,,,,West Lindsey,http://data.ordnancesurvey.co.uk/id/7000000000043527,http://data.ordnancesurvey.co.uk/ontology/admingeo/District,Lincolnshire,http://data.ordnancesurvey.co.uk/id/7000000000005942,http://data.ordnancesurvey.co.uk/ontology/admingeo/County,East Midlands,http://data.ordnancesurvey.co.uk/id/7000000000041423,England,http://data.ordnancesurvey.co.uk/id/country/england,,,
osgb4000000074707465,http://data.ordnancesurvey.co.uk/id/4000000074707465,Horse Covert,,,,landcover,Woodland Or Forest,493498,381237,1000,400000,493248,380988,493748,381488,LN1,http://data.ordnancesurvey.co.uk/id/postcodedistrict/LN1,,,,West Lindsey,http://data.ordnancesurvey.co.uk/id/7000000000043527,http://data.ordnancesurvey.co.uk/ontology/admingeo/District,Lincolnshire,http://data.ordnancesurvey.co.uk/id/7000000000005942,http://data.ordnancesurvey.co.uk/ontology/admingeo/County,East Midlands,http://data.ordnancesurvey.co.uk/id/7000000000041423,England,http://data.ordnancesurvey.co.uk/id/country/england,,,
osgb4000000074691016,http://data.ordnancesurvey.co.uk/id/4000000074691016,Stag Wood,,,,landcover,Woodland Or Forest,484183,385964,2000,400000,483969,385714,484469,386214,DN21,http://data.ordnancesurvey.co.uk/id/postcodedistrict/DN21,,,,West Lindsey,http://data.ordnancesurvey.co.uk/id/7000000000043527,http://data.ordnancesurvey.co.uk/ontology/admingeo/District,Lincolnshire,http://data.ordnancesurvey.co.uk/id/7000000000005942,http://data.ordnancesurvey.co.uk/ontology/admingeo/County,East Midlands,http://data.ordnancesurvey.co.uk/id/7000000000041423,England,http://data.ordnancesurvey.co.uk/id/country/england,,,
osgb4000000074709117,http://data.ordnancesurvey.co.uk/id/4000000074709117,Turpin Wood,,,,landcover,Woodland Or Forest,490859,386181,1000,400000,490609,385931,491109,386431,DN21,http://data.ordnancesurvey.co.uk/id/postcodedistrict/DN21,,,,West Lindsey,http://data.ordnancesurvey.co.uk/id/7000000000043527,http://data.ordnancesurvey.co.uk/ontology/admingeo/District,Lincolnshire,http://data.ordnancesurvey.co.uk/id/7000000000005942,http://data.ordnancesurvey.co.uk/ontology/admingeo/County,East Midlands,http://data.ordnancesurvey.co.uk/id/7000000000041423,England,http://data.ordnancesurvey.co.uk/id/country/england,,,
osgb4000000074686204,http://data.ordnancesurvey.co.uk/id/4000000074686204,New Plantation,,,,landcover,Woodland Or Forest,491649,384219,2000,400000,491399,383970,491899,384470,DN21,http://data.ordnancesurvey.co.uk/id/postcodedistrict/DN21,,,,West Lindsey,http://data.ordnancesurvey.co.uk/id/7000000000043527,http://data.ordnancesurvey.co.uk/ontology/admingeo/District,Lincolnshire,http://data.ordnancesurvey.co.uk/id/7000000000005942,http://data.ordnancesurvey.co.uk/ontology/admingeo/County,East Midlands,http://data.ordnancesurvey.co.uk/id/7000000000041423,England,http://data.ordnancesurvey.co.uk/id/country/england,,,
osgb4000000074708702,http://data.ordnancesurvey.co.uk/id/4000000074708702,Coates Gorse,,,,landcover,Woodland Or Forest,492324,383075,1000,400000,492071,382825,492571,383325,LN1,http://data.ordnancesurvey.co.uk/id/postcodedistrict/LN1,,,,West Lindsey,http://data.ordnancesurvey.co.uk/id/7000000000043527,http://data.ordnancesurvey.co.uk/ontology/admingeo/District,Lincolnshire,http://data.ordnancesurvey.co.uk/id/7000000000005942,http://data.ordnancesurvey.co.uk/ontology/admingeo/County,East Midlands,http://data.ordnancesurvey.co.uk/id/7000000000041423,England,http://data.ordnancesurvey.co.uk/id/country/england,,,
osgb4000000074818605,http://data.ordnancesurvey.co.uk/id/4000000074818605,Knaith Park,,,,landcover,Other Landcover,483668,384709,16000,800000,482374,383486,484793,385931,DN21,http://data.ordnancesurvey.co.uk/id/postcodedistrict/DN21,,,,West Lindsey,http://data.ordnancesurvey.co.uk/id/7000000000043527,http://data.ordnancesurvey.co.uk/ontology/admingeo/District,Lincolnshire,http://data.ordnancesurvey.co.uk/id/7000000000005942,http://data.ordnancesurvey.co.uk/ontology/admingeo/County,East Midlands,http://data.ordnancesurvey.co.uk/id/7000000000041423,England,http://data.ordnancesurvey.co.uk/id/country/england,,,
osgb4000000074744723,http://data.ordnancesurvey.co.uk/id/4000000074744723,Scotton Common,,,,landcover,Woodland Or Forest,485549,399727,30000,400000,483294,397759,487886,401695,DN21,http://data.ordnancesurvey.co.uk/id/postcodedistrict/DN21,,,,West Lindsey,http://data.ordnancesurvey.co.uk/id/7000000000043527,http://data.ordnancesurvey.co.uk/ontology/admingeo/District,Lincolnshire,http://data.ordnancesurvey.co.uk/id/7000000000005942,http://data.ordnancesurvey.co.uk/ontology/admingeo/County,East Midlands,http://data.ordnancesurvey.co.uk/id/7000000000041423,England,http://data.ordnancesurvey.co.uk/id/country/england,,,
osgb4000000074765028,http://data.ordnancesurvey.co.uk/id/4000000074765028,Red Hill,,,,landform,Hill Or Mountain,482682,383797,1000,300000,482432,383547,482932,384047,DN21,http://data.ordnancesurvey.co.uk/id/postcodedistrict/DN21,,,,West Lindsey,http://data.ordnancesurvey.co.uk/id/7000000000043527,http://data.ordnancesurvey.co.uk/ontology/admingeo/District,Lincolnshire,http://data.ordnancesurvey.co.uk/id/7000000000005942,http://data.ordnancesurvey.co.uk/ontology/admingeo/County,East Midlands,http://data.ordnancesurvey.co.uk/id/7000000000041423,England,http://data.ordnancesurvey.co.uk/id/country/england,,,
osgb4000000074792677,http://data.ordnancesurvey.co.uk/id/4000000074792677,The Lake,,,,hydrography,Inland Water,484499,392174,2000,500000,484249,391879,484749,392378,DN21,http://data.ordnancesurvey.co.uk/id/postcodedistrict/DN21,,,,West Lindsey,http://data.ordnancesurvey.co.uk/id/7000000000043527,http://data.ordnancesurvey.co.uk/ontology/admingeo/District,Lincolnshire,http://data.ordnancesurvey.co.uk/id/7000000000005942,http://data.ordnancesurvey.co.uk/ontology/admingeo/County,East Midlands,http://data.ordnancesurvey.co.uk/id/7000000000041423,England,http://data.ordnancesurvey.co.uk/id/country/england,,,
osgb4000000074811975,http://data.ordnancesurvey.co.uk/id/4000000074811975,Fillingham Park,,,,landcover,Other Landcover,496197,385982,9000,800000,495496,385691,496895,386274,DN21,http://data.ordnancesurvey.co.uk/id/postcodedistrict/DN21,,,,West Lindsey,http://data.ordnancesurvey.co.uk/id/7000000000043527,http://data.ordnancesurvey.co.uk/ontology/admingeo/District,Lincolnshire,http://data.ordnancesurvey.co.uk/id/7000000000005942,http://data.ordnancesurvey.co.uk/ontology/admingeo/County,East Midlands,http://data.ordnancesurvey.co.uk/id/7000000000041423,England,http://data.ordnancesurvey.co.uk/id/country/england,,,
osgb4000000074792634,http://data.ordnancesurvey.co.uk/id/4000000074792634,Great Fish Pond,,,,hydrography,Inland Water,497813,399260,1000,500000,497563,399068,498063,399568,DN21,http://data.ordnancesurvey.co.uk/id/postcodedistrict/DN21,,,,,,,North Lincolnshire,http://data.ordnancesurvey.co.uk/id/7000000000025623,http://data.ordnancesurvey.co.uk/ontology/admingeo/UnitaryAuthority,Yorkshire and the Humber,http://data.ordnancesurvey.co.uk/id/7000000000041430,England,http://data.ordnancesurvey.co.uk/id/country/england,,,
osgb4000000074707464,http://data.ordnancesurvey.co.uk/id/4000000074707464,Poplar Wood,,,,landcover,Woodland Or Forest,493659,381238,2000,400000,493411,380988,493911,381488,LN1,http://data.ordnancesurvey.co.uk/id/postcodedistrict/LN1,,,,West Lindsey,http://data.ordnancesurvey.co.uk/id/7000000000043527,http://data.ordnancesurvey.co.uk/ontology/admingeo/District,Lincolnshire,http://data.ordnancesurvey.co.uk/id/7000000000005942,http://data.ordnancesurvey.co.uk/ontology/admingeo/County,East Midlands,http://data.ordnancesurvey.co.uk/id/7000000000041423,England,http://data.ordnancesurvey.co.uk/id/country/england,,,
osgb4000000074691026,http://data.ordnancesurvey.co.uk/id/4000000074691026,Peacock Wood,,,,landcover,Woodland Or Forest,482589,396626,8000,400000,482044,396149,483225,397103,DN21,http://data.ordnancesurvey.co.uk/id/postcodedistrict/DN21,,,,West Lindsey,http://data.ordnancesurvey.co.uk/id/7000000000043527,http://data.ordnancesurvey.co.uk/ontology/admingeo/District,Lincolnshire,http://data.ordnancesurvey.co.uk/id/7000000000005942,http://data.ordnancesurvey.co.uk/ontology/admingeo/County,East Midlands,http://data.ordnancesurvey.co.uk/id/7000000000041423,England,http://data.ordnancesurvey.co.uk/id/country/england,,,
osgb4000000074686219,http://data.ordnancesurvey.co.uk/id/4000000074686219,Carmer Wood,,,,landcover,Woodland Or Forest,483395,396479,9000,400000,482944,395871,483846,397244,DN21,http://data.ordnancesurvey.co.uk/id/postcodedistrict/DN21,,,,West Lindsey,http://data.ordnancesurvey.co.uk/id/7000000000043527,http://data.ordnancesurvey.co.uk/ontology/admingeo/District,Lincolnshire,http://data.ordnancesurvey.co.uk/id/7000000000005942,http://data.ordnancesurvey.co.uk/ontology/admingeo/County,East Midlands,http://data.ordnancesurvey.co.uk/id/7000000000041423,England,http://data.ordnancesurvey.co.uk/id/country/england,,,
osgb4000000074820506,http://data.ordnancesurvey.co.uk/id/4000000074820506,Rookery,,,,landcover,Woodland Or Forest,483493,383405,1000,400000,483258,383156,483758,383656,DN21,http://data.ordnancesurvey.co.uk/id/postcodedistrict/DN21,,,,West Lindsey,http://data.ordnancesurvey.co.uk/id/7000000000043527,http://data.ordnancesurvey.co.uk/ontology/admingeo/District,Lincolnshire,http://data.ordnancesurvey.co.uk/id/7000000000005942,http://data.ordnancesurvey.co.uk/ontology/admingeo/County,East Midlands,http://data.ordnancesurvey.co.uk/id/7000000000041423,England,http://data.ordnancesurvey.co.uk/id/country/england,,,
osgb4000000074707466,http://data.ordnancesurvey.co.uk/id/4000000074707466,Beck Spinney,,,,landcover,Woodland Or Forest,492695,381160,1000,400000,492418,380911,492918,381411,LN1,http://data.ordnancesurvey.co.uk/id/postcodedistrict/LN1,,,,West Lindsey,http://data.ordnancesurvey.co.uk/id/7000000000043527,http://data.ordnancesurvey.co.uk/ontology/admingeo/District,Lincolnshire,http://data.ordnancesurvey.co.uk/id/7000000000005942,http://data.ordnancesurvey.co.uk/ontology/admingeo/County,East Midlands,http://data.ordnancesurvey.co.uk/id/7000000000041423,England,http://data.ordnancesurvey.co.uk/id/country/england,,,
osgb4000000074705821,http://data.ordnancesurvey.co.uk/id/4000000074705821,New Close Plantation,,,,landcover,Woodland Or Forest,499073,391580,2000,400000,498816,391330,499316,391830,LN8,http://data.ordnancesurvey.co.uk/id/postcodedistrict/LN8,,,,West Lindsey,http://data.ordnancesurvey.co.uk/id/7000000000043527,http://data.ordnancesurvey.co.uk/ontology/admingeo/District,Lincolnshire,http://data.ordnancesurvey.co.uk/id/7000000000005942,http://data.ordnancesurvey.co.uk/ontology/admingeo/County,East Midlands,http://data.ordnancesurvey.co.uk/id/7000000000041423,England,http://data.ordnancesurvey.co.uk/id/country/england,,,
osgb4000000074691020,http://data.ordnancesurvey.co.uk/id/4000000074691020,The Little Belt,,,,landcover,Woodland Or Forest,481996,391324,1000,400000,481705,391074,482205,391574,DN21,http://data.ordnancesurvey.co.uk/id/postcodedistrict/DN21,,,,West Lindsey,http://data.ordnancesurvey.co.uk/id/7000000000043527,http://data.ordnancesurvey.co.uk/ontology/admingeo/District,Lincolnshire,http://data.ordnancesurvey.co.uk/id/7000000000005942,http://data.ordnancesurvey.co.uk/ontology/admingeo/County,East Midlands,http://data.ordnancesurvey.co.uk/id/7000000000041423,England,http://data.ordnancesurvey.co.uk/id/country/england,,,
osgb4000000074746390,http://data.ordnancesurvey.co.uk/id/4000000074746390,Hallowed Lands,,,,landcover,Woodland Or Forest,493683,389991,1000,400000,493426,389741,493926,390241,DN21,http://data.ordnancesurvey.co.uk/id/postcodedistrict/DN21,,,,West Lindsey,http://data.ordnancesurvey.co.uk/id/7000000000043527,http://data.ordnancesurvey.co.uk/ontology/admingeo/District,Lincolnshire,http://data.ordnancesurvey.co.uk/id/7000000000005942,http://data.ordnancesurvey.co.uk/ontology/admingeo/County,East Midlands,http://data.ordnancesurvey.co.uk/id/7000000000041423,England,http://data.ordnancesurvey.co.uk/id/country/england,,,
osgb4000000074706647,http://data.ordnancesurvey.co.uk/id/4000000074706647,Gainsborough Road Covert,,,,landcover,Woodland Or Forest,489270,396104,2000,400000,489020,395783,489520,396283,DN21,http://data.ordnancesurvey.co.uk/id/postcodedistrict/DN21,,,,West Lindsey,http://data.ordnancesurvey.co.uk/id/7000000000043527,http://data.ordnancesurvey.co.uk/ontology/admingeo/District,Lincolnshire,http://data.ordnancesurvey.co.uk/id/7000000000005942,http://data.ordnancesurvey.co.uk/ontology/admingeo/County,East Midlands,http://data.ordnancesurvey.co.uk/id/7000000000041423,England,http://data.ordnancesurvey.co.uk/id/country/england,,,
osgb4000000074708295,http://data.ordnancesurvey.co.uk/id/4000000074708295,Lady's Wood,,,,landcover,Woodland Or Forest,495565,386113,1000,400000,495315,385865,495815,386365,DN21,http://data.ordnancesurvey.co.uk/id/postcodedistrict/DN21,,,,West Lindsey,http://data.ordnancesurvey.co.uk/id/7000000000043527,http://data.ordnancesurvey.co.uk/ontology/admingeo/District,Lincolnshire,http://data.ordnancesurvey.co.uk/id/7000000000005942,http://data.ordnancesurvey.co.uk/ontology/admingeo/County,East Midlands,http://data.ordnancesurvey.co.uk/id/7000000000041423,England,http://data.ordnancesurvey.co.uk/id/country/england,,,
osgb4000000074810866,http://data.ordnancesurvey.co.uk/id/4000000074810866,Old Park,,,,landcover,Other Landcover,497983,399313,8000,800000,497588,398951,498377,400179,DN21,http://data.ordnancesurvey.co.uk/id/postcodedistrict/DN21,,,,,,,North Lincolnshire,http://data.ordnancesurvey.co.uk/id/7000000000025623,http://data.ordnancesurvey.co.uk/ontology/admingeo/UnitaryAuthority,Yorkshire and the Humber,http://data.ordnancesurvey.co.uk/id/7000000000041430,England,http://data.ordnancesurvey.co.uk/id/country/england,,,
osgb4000000074691018,http://data.ordnancesurvey.co.uk/id/4000000074691018,Yawthorpe Fox Covert,,,,landcover,Woodland Or Forest,490182,392317,3000,400000,489932,392070,490432,392570,DN21,http://data.ordnancesurvey.co.uk/id/postcodedistrict/DN21,,,,West Lindsey,http://data.ordnancesurvey.co.uk/id/7000000000043527,http://data.ordnancesurvey.co.uk/ontology/admingeo/District,Lincolnshire,http://data.ordnancesurvey.co.uk/id/7000000000005942,http://data.ordnancesurvey.co.uk/ontology/admingeo/County,East Midlands,http://data.ordnancesurvey.co.uk/id/7000000000041423,England,http://data.ordnancesurvey.co.uk/id/country/england,,,
DN214BG,http://data.ordnancesurvey.co.uk/id/postcodeunit/DN214BG,DN21 4BG,,,,other,Postcode,493306,398834,3500,18000,,,,,,,Kirton in Lindsey,http://data.ordnancesurvey.co.uk/id/4000000074574884,http://www.ordnancesurvey.co.uk/xml/codelists/localtype.xml#town,,,,North Lincolnshire,http://data.ordnancesurvey.co.uk/id/7000000000025623,http://data.ordnancesurvey.co.uk/ontology/admingeo/UnitaryAuthority,Yorkshire and the Humber,http://data.ordnancesurvey.co.uk/id/7000000000041430,England,http://data.ordnancesurvey.co.uk/id/country/england,,,
DN215NF,http://data.ordnancesurvey.co.uk/id/postcodeunit/DN215NF,DN21 5NF,,,,other,Postcode,487041,386091,3500,18000,,,,,,,Kexby,http://data.ordnancesurvey.co.uk/id/4000000074577769,http://www.ordnancesurvey.co.uk/xml/codelists/localtype.xml#village,West Lindsey,http://data.ordnancesurvey.co.uk/id/7000000000043527,http://data.ordnancesurvey.co.uk/ontology/admingeo/District,Lincolnshire,http://data.ordnancesurvey.co.uk/id/7000000000005942,http://data.ordnancesurvey.co.uk/ontology/admingeo/County,East Midlands,http://data.ordnancesurvey.co.uk/id/7000000000041423,England,http://data.ordnancesurvey.co.uk/id/country/england,,,
DN212DW,http://data.ordnancesurvey.co.uk/id/postcodeunit/DN212DW,DN21 2DW,,,,other,Postcode,481404,389794,3500,18000,,,,,,,Gainsborough,http://data.ordnancesurvey.co.uk/id/4000000074575425,http://www.ordnancesurvey.co.uk/xml/codelists/localtype.xml#town,West Lindsey,http://data.ordnancesurvey.co.uk/id/7000000000043527,http://data.ordnancesurvey.co.uk/ontology/admingeo/District,Lincolnshire,http://data.ordnancesurvey.co.uk/id/7000000000005942,http://data.ordnancesurvey.co.uk/ontology/admingeo/County,East Midlands,http://data.ordnancesurvey.co.uk/id/7000000000041423,England,http://data.ordnancesurvey.co.uk/id/country/england,,,
DN211LS,http://data.ordnancesurvey.co.uk/id/postcodeunit/DN211LS,DN21 1LS,,,,other,Postcode,481474,389483,3500,18000,,,,,,,Gainsborough,http://data.ordnancesurvey.co.uk/id/4000000074575425,http://www.ordnancesurvey.co.uk/xml/codelists/localtype.xml#town,West Lindsey,http://data.ordnancesurvey.co.uk/id/7000000000043527,http://data.ordnancesurvey.co.uk/ontology/admingeo/District,Lincolnshire,http://data.ordnancesurvey.co.uk/id/7000000000005942,http://data.ordnancesurvey.co.uk/ontology/admingeo/County,East Midlands,http://data.ordnancesurvey.co.uk/id/7000000000041423,England,http://data.ordnancesurvey.co.uk/id/country/england,,,
DN213BA,http://data.ordnancesurvey.co.uk/id/postcodeunit/DN213BA,DN21 3BA,,,,other,Postcode,480914,391603,3500,18000,,,,,,,Gainsborough,http://data.ordnancesurvey.co.uk/id/4000000074575425,http://www.ordnancesurvey.co.uk/xml/codelists/localtype.xml#town,West Lindsey,http://data.ordnancesurvey.co.uk/id/7000000000043527,http://data.ordnancesurvey.co.uk/ontology/admingeo/District,Lincolnshire,http://data.ordnancesurvey.co.uk/id/7000000000005942,http://data.ordnancesurvey.co.uk/ontology/admingeo/County,East Midlands,http://data.ordnancesurvey.co.uk/id/7000000000041423,England,http://data.ordnancesurvey.co.uk/id/country/england,,,
DN211JS,http://data.ordnancesurvey.co.uk/id/postcodeunit/DN211JS,DN21 1JS,,,,other,Postcode,481619,389151,3500,18000,,,,,,,Gainsborough,http://data.ordnancesurvey.co.uk/id/4000000074575425,http://www.ordnancesurvey.co.uk/xml/codelists/localtype.xml#town,West Lindsey,http://data.ordnancesurvey.co.uk/id/7000000000043527,http://data.ordnancesurvey.co.uk/ontology/admingeo/District,Lincolnshire,http://data.ordnancesurvey.co.uk/id/7000000000005942,http://data.ordnancesurvey.co.uk/ontology/admingeo/County,East Midlands,http://data.ordnancesurvey.co.uk/id/7000000000041423,England,http://data.ordnancesurvey.co.uk/id/country/england,,,
DN211YR,http://data.ordnancesurvey.co.uk/id/postcodeunit/DN211YR,DN21 1YR,,,,other,Postcode,482764,388669,3500,18000,,,,,,,Gainsborough,http://data.ordnancesurvey.co.uk/id/4000000074575425,http://www.ordnancesurvey.co.uk/xml/codelists/localtype.xml#town,West Lindsey,http://data.ordnancesurvey.co.uk/id/7000000000043527,http://data.ordnancesurvey.co.uk/ontology/admingeo/District,Lincolnshire,http://data.ordnancesurvey.co.uk/id/7000000000005942,http://data.ordnancesurvey.co.uk/ontology/admingeo/County,East Midlands,http://data.ordnancesurvey.co.uk/id/7000000000041423,England,http://data.ordnancesurvey.co.uk/id/country/england,,,
DN214TS,http://data.ordnancesurvey.co.uk/id/postcodeunit/DN214TS,DN21 4TS,,,,other,Postcode,498506,394824,3500,18000,,,,,,,Snitterby,http://data.ordnancesurvey.co.uk/id/4000000074574606,http://www.ordnancesurvey.co.uk/xml/codelists/localtype.xml#village,West Lindsey,http://data.ordnancesurvey.co.uk/id/7000000000043527,http://data.ordnancesurvey.co.uk/ontology/admingeo/District,Lincolnshire,http://data.ordnancesurvey.co.uk/id/7000000000005942,http://data.ordnancesurvey.co.uk/ontology/admingeo/County,East Midlands,http://data.ordnancesurvey.co.uk/id/7000000000041423,England,http://data.ordnancesurvey.co.uk/id/country/england,,,
DN212HH,http://data.ordnancesurvey.co.uk/id/postcodeunit/DN212HH,DN21 2HH,,,,other,Postcode,481802,390039,3500,18000,,,,,,,Gainsborough,http://data.ordnancesurvey.co.uk/id/4000000074575425,http://www.ordnancesurvey.co.uk/xml/codelists/localtype.xml#town,West Lindsey,http://data.ordnancesurvey.co.uk/id/7000000000043527,http://data.ordnancesurvey.co.uk/ontology/admingeo/District,Lincolnshire,http://data.ordnancesurvey.co.uk/id/7000000000005942,http://data.ordnancesurvey.co.uk/ontology/admingeo/County,East Midlands,http://data.ordnancesurvey.co.uk/id/7000000000041423,England,http://data.ordnancesurvey.co.uk/id/country/england,,,
DN215EE,http://data.ordnancesurvey.co.uk/id/postcodeunit/DN215EE,DN21 5EE,,,,other,Postcode,484072,385573,3500,18000,,,,,,,Knaith Park,http://data.ordnancesurvey.co.uk/id/4000000074813593,http://www.ordnancesurvey.co.uk/xml/codelists/localtype.xml#village,West Lindsey,http://data.ordnancesurvey.co.uk/id/7000000000043527,http://data.ordnancesurvey.co.uk/ontology/admingeo/District,Lincolnshire,http://data.ordnancesurvey.co.uk/id/7000000000005942,http://data.ordnancesurvey.co.uk/ontology/admingeo/County,East Midlands,http://data.ordnancesurvey.co.uk/id/7000000000041423,England,http://data.ordnancesurvey.co.uk/id/country/england,,,
LN12BP,http://data.ordnancesurvey.co.uk/id/postcodeunit/LN12BP,LN1 2BP,,,,other,Postcode,489280,380240,3500,18000,,,,,,,Sturton by Stow,http://data.ordnancesurvey.co.uk/id/4000000074574600,http://www.ordnancesurvey.co.uk/xml/codelists/localtype.xml#village,West Lindsey,http://data.ordnancesurvey.co.uk/id/7000000000043527,http://data.ordnancesurvey.co.uk/ontology/admingeo/District,Lincolnshire,http://data.ordnancesurvey.co.uk/id/7000000000005942,http://data.ordnancesurvey.co.uk/ontology/admingeo/County,East Midlands,http://data.ordnancesurvey.co.uk/id/7000000000041423,England,http://data.ordnancesurvey.co.uk/id/country/england,,,
osgb4000000073315971,http://data.ordnancesurvey.co.uk/id/4000000073315971,Gainsborough College,,,,other,Further Education,481199,390254,1000,50000,480911,390004,481411,390504,DN21,http://data.ordnancesurvey.co.uk/id/postcodedistrict/DN21,Gainsborough,http://data.ordnancesurvey.co.uk/id/4000000074575425,http://www.ordnancesurvey.co.uk/xml/codelists/localtype.xml#town,West Lindsey,http://data.ordnancesurvey.co.uk/id/7000000000043527,http://data.ordnancesurvey.co.uk/ontology/admingeo/District,Lincolnshire,http://data.ordnancesurvey.co.uk/id/7000000000005942,http://data.ordnancesurvey.co.uk/ontology/admingeo/County,East Midlands,http://data.ordnancesurvey.co.uk/id/7000000000041423,England,http://data.ordnancesurvey.co.uk/id/country/england,,,
osgb4000000073316282,http://data.ordnancesurvey.co.uk/id/4000000073316282,The Hackthorn Church of England Primary School,,,,other,Primary Education,499824,382516,1000,50000,499578,382266,500078,382766,LN2,http://data.ordnancesurvey.co.uk/id/postcodedistrict/LN2,Hackthorn,http://data.ordnancesurvey.co.uk/id/4000000074574879,http://www.ordnancesurvey.co.uk/xml/codelists/localtype.xml#village,West Lindsey,http://data.ordnancesurvey.co.uk/id/7000000000043527,http://data.ordnancesurvey.co.uk/ontology/admingeo/District,Lincolnshire,http://data.ordnancesurvey.co.uk/id/7000000000005942,http://data.ordnancesurvey.co.uk/ontology/admingeo/County,East Midlands,http://data.ordnancesurvey.co.uk/id/7000000000041423,England,http://data.ordnancesurvey.co.uk/id/country/england,,,
osgb4000000073316379,http://data.ordnancesurvey.co.uk/id/4000000073316379,The Gainsborough Charles Baines Community Primary School,,Charles Baines Community Primary,,other,Primary Education,482669,389843,2000,50000,482417,389593,482917,390093,DN21,http://data.ordnancesurvey.co.uk/id/postcodedistrict/DN21,Gainsborough,http://data.ordnancesurvey.co.uk/id/4000000074575425,http://www.ordnancesurvey.co.uk/xml/codelists/localtype.xml#town,West Lindsey,http://data.ordnancesurvey.co.uk/id/7000000000043527,http://data.ordnancesurvey.co.uk/ontology/admingeo/District,Lincolnshire,http://data.ordnancesurvey.co.uk/id/7000000000005942,http://data.ordnancesurvey.co.uk/ontology/admingeo/County,East Midlands,http://data.ordnancesurvey.co.uk/id/7000000000041423,England,http://data.ordnancesurvey.co.uk/id/country/england,,,
osgb4000000073316391,http://data.ordnancesurvey.co.uk/id/4000000073316391,The Queen Elizabeth's High School,,,,other,Secondary Education,481415,391149,3000,50000,481165,390920,481665,391420,DN21,http://data.ordnancesurvey.co.uk/id/postcodedistrict/DN21,Gainsborough,http://data.ordnancesurvey.co.uk/id/4000000074575425,http://www.ordnancesurvey.co.uk/xml/codelists/localtype.xml#town,West Lindsey,http://data.ordnancesurvey.co.uk/id/7000000000043527,http://data.ordnancesurvey.co.uk/ontology/admingeo/District,Lincolnshire,http://data.ordnancesurvey.co.uk/id/7000000000005942,http://data.ordnancesurvey.co.uk/ontology/admingeo/County,East Midlands,http://data.ordnancesurvey.co.uk/id/7000000000041423,England,http://data.ordnancesurvey.co.uk/id/country/england,,,
osgb4000000073317303,http://data.ordnancesurvey.co.uk/id/4000000073317303,Huntcliff Comprehensive School,,,,other,Secondary Education,494208,398708,2000,50000,493966,398459,494466,398959,DN21,http://data.ordnancesurvey.co.uk/id/postcodedistrict/DN21,Kirton in Lindsey,http://data.ordnancesurvey.co.uk/id/4000000074574884,http://www.ordnancesurvey.co.uk/xml/codelists/localtype.xml#town,,,,North Lincolnshire,http://data.ordnancesurvey.co.uk/id/7000000000025623,http://data.ordnancesurvey.co.uk/ontology/admingeo/UnitaryAuthority,Yorkshire and the Humber,http://data.ordnancesurvey.co.uk/id/7000000000041430,England,http://data.ordnancesurvey.co.uk/id/country/england,,,
osgb4000000073316380,http://data.ordnancesurvey.co.uk/id/4000000073316380,The Gainsborough Academy,,,,other,Secondary Education,482712,390928,3000,50000,482454,390678,482971,391178,DN21,http://data.ordnancesurvey.co.uk/id/postcodedistrict/DN21,Gainsborough,http://data.ordnancesurvey.co.uk/id/4000000074575425,http://www.ordnancesurvey.co.uk/xml/codelists/localtype.xml#town,West Lindsey,http://data.ordnancesurvey.co.uk/id/7000000000043527,http://data.ordnancesurvey.co.uk/ontology/admingeo/District,Lincolnshire,http://data.ordnancesurvey.co.uk/id/7000000000005942,http://data.ordnancesurvey.co.uk/ontology/admingeo/County,East Midlands,http://data.ordnancesurvey.co.uk/id/7000000000041423,England,http://data.ordnancesurvey.co.uk/id/country/england,,,
osgb4000000073316397,http://data.ordnancesurvey.co.uk/id/4000000073316397,Holly Tree Lodge Nursing Home,,,,other,Medical Care Accommodation,488999,399142,1000,50000,488750,398903,489250,399403,DN21,http://data.ordnancesurvey.co.uk/id/postcodedistrict/DN21,Scotton,http://data.ordnancesurvey.co.uk/id/4000000074575140,http://www.ordnancesurvey.co.uk/xml/codelists/localtype.xml#village,West Lindsey,http://data.ordnancesurvey.co.uk/id/7000000000043527,http://data.ordnancesurvey.co.uk/ontology/admingeo/District,Lincolnshire,http://data.ordnancesurvey.co.uk/id/7000000000005942,http://data.ordnancesurvey.co.uk/ontology/admingeo/County,East Midlands,http://data.ordnancesurvey.co.uk/id/7000000000041423,England,http://data.ordnancesurvey.co.uk/id/country/england,,,
osgb4000000073519008,http://data.ordnancesurvey.co.uk/id/4000000073519008,Warren Wood Community School,,Warren Wood Specialist Academy,,other,Special Needs Education,482312,388802,2000,50000,482045,388552,482545,389052,DN21,http://data.ordnancesurvey.co.uk/id/postcodedistrict/DN21,Gainsborough,http://data.ordnancesurvey.co.uk/id/4000000074575425,http://www.ordnancesurvey.co.uk/xml/codelists/localtype.xml#town,West Lindsey,http://data.ordnancesurvey.co.uk/id/7000000000043527,http://data.ordnancesurvey.co.uk/ontology/admingeo/District,Lincolnshire,http://data.ordnancesurvey.co.uk/id/7000000000005942,http://data.ordnancesurvey.co.uk/ontology/admingeo/County,East Midlands,http://data.ordnancesurvey.co.uk/id/7000000000041423,England,http://data.ordnancesurvey.co.uk/id/country/england,,,
osgb5000005248386774,http://data.ordnancesurvey.co.uk/id/5000005248386774,Hemswell Biogas Plant,,,,other,Electricity Production,494550,390152,1000,50000,494301,389905,494801,390405,DN21,http://data.ordnancesurvey.co.uk/id/postcodedistrict/DN21,,,,West Lindsey,http://data.ordnancesurvey.co.uk/id/7000000000043527,http://data.ordnancesurvey.co.uk/ontology/admingeo/District,Lincolnshire,http://data.ordnancesurvey.co.uk/id/7000000000005942,http://data.ordnancesurvey.co.uk/ontology/admingeo/County,East Midlands,http://data.ordnancesurvey.co.uk/id/7000000000041423,England,http://data.ordnancesurvey.co.uk/id/country/england,,,
osgb4000000073317304,http://data.ordnancesurvey.co.uk/id/4000000073317304,Kirton Lindsey Primary School,,,,other,Primary Education,493578,398204,1000,50000,493314,397955,493814,398455,DN21,http://data.ordnancesurvey.co.uk/id/postcodedistrict/DN21,Kirton in Lindsey,http://data.ordnancesurvey.co.uk/id/4000000074574884,http://www.ordnancesurvey.co.uk/xml/codelists/localtype.xml#town,,,,North Lincolnshire,http://data.ordnancesurvey.co.uk/id/7000000000025623,http://data.ordnancesurvey.co.uk/ontology/admingeo/UnitaryAuthority,Yorkshire and the Humber,http://data.ordnancesurvey.co.uk/id/7000000000041430,England,http://data.ordnancesurvey.co.uk/id/country/england,,,
osgb4000000073316362,http://data.ordnancesurvey.co.uk/id/4000000073316362,Ingham Primary School,,,,other,Primary Education,494610,383404,1000,50000,494361,383145,494861,383645,LN1,http://data.ordnancesurvey.co.uk/id/postcodedistrict/LN1,Ingham,http://data.ordnancesurvey.co.uk/id/4000000074574875,http://www.ordnancesurvey.co.uk/xml/codelists/localtype.xml#village,West Lindsey,http://data.ordnancesurvey.co.uk/id/7000000000043527,http://data.ordnancesurvey.co.uk/ontology/admingeo/District,Lincolnshire,http://data.ordnancesurvey.co.uk/id/7000000000005942,http://data.ordnancesurvey.co.uk/ontology/admingeo/County,East Midlands,http://data.ordnancesurvey.co.uk/id/7000000000041423,England,http://data.ordnancesurvey.co.uk/id/country/england,,,
osgb4000000073316381,http://data.ordnancesurvey.co.uk/id/4000000073316381,Aegir Specialist Academy,,,,other,Special Needs Education,482712,390928,3000,50000,482454,390678,482971,391178,DN21,http://data.ordnancesurvey.co.uk/id/postcodedistrict/DN21,Gainsborough,http://data.ordnancesurvey.co.uk/id/4000000074575425,http://www.ordnancesurvey.co.uk/xml/codelists/localtype.xml#town,West Lindsey,http://data.ordnancesurvey.co.uk/id/7000000000043527,http://data.ordnancesurvey.co.uk/ontology/admingeo/District,Lincolnshire,http://data.ordnancesurvey.co.uk/id/7000000000005942,http://data.ordnancesurvey.co.uk/ontology/admingeo/County,East Midlands,http://data.ordnancesurvey.co.uk/id/7000000000041423,England,http://data.ordnancesurvey.co.uk/id/country/england,,,
osgb4000000073551526,http://data.ordnancesurvey.co.uk/id/4000000073551526,Castle Wood Academy,,,,other,Primary Education,481798,390948,2000,50000,481617,390698,482117,391198,DN21,http://data.ordnancesurvey.co.uk/id/postcodedistrict/DN21,Gainsborough,http://data.ordnancesurvey.co.uk/id/4000000074575425,http://www.ordnancesurvey.co.uk/xml/codelists/localtype.xml#town,West Lindsey,http://data.ordnancesurvey.co.uk/id/7000000000043527,http://data.ordnancesurvey.co.uk/ontology/admingeo/District,Lincolnshire,http://data.ordnancesurvey.co.uk/id/7000000000005942,http://data.ordnancesurvey.co.uk/ontology/admingeo/County,East Midlands,http://data.ordnancesurvey.co.uk/id/7000000000041423,England,http://data.ordnancesurvey.co.uk/id/country/england,,,
osgb5000005328078971,http://data.ordnancesurvey.co.uk/id/5000005328078971,Drovers Hall Care Home,,,,other,Medical Care Accommodation,482106,388002,1000,50000,481857,387752,482357,388252,DN21,http://data.ordnancesurvey.co.uk/id/postcodedistrict/DN21,Gainsborough,http://data.ordnancesurvey.co.uk/id/4000000074575425,http://www.ordnancesurvey.co.uk/xml/codelists/localtype.xml#town,West Lindsey,http://data.ordnancesurvey.co.uk/id/7000000000043527,http://data.ordnancesurvey.co.uk/ontology/admingeo/District,Lincolnshire,http://data.ordnancesurvey.co.uk/id/7000000000005942,http://data.ordnancesurvey.co.uk/ontology/admingeo/County,East Midlands,http://data.ordnancesurvey.co.uk/id/7000000000041423,England,http://data.ordnancesurvey.co.uk/id/country/england,,,
osgb4000000073316382,http://data.ordnancesurvey.co.uk/id/4000000073316382,White's Wood Lane County School,,White's Wood Academy,,other,Primary Education,482669,389841,1000,50000,482414,389592,482914,390092,DN21,http://data.ordnancesurvey.co.uk/id/postcodedistrict/DN21,Gainsborough,http://data.ordnancesurvey.co.uk/id/4000000074575425,http://www.ordnancesurvey.co.uk/xml/codelists/localtype.xml#town,West Lindsey,http://data.ordnancesurvey.co.uk/id/7000000000043527,http://data.ordnancesurvey.co.uk/ontology/admingeo/District,Lincolnshire,http://data.ordnancesurvey.co.uk/id/7000000000005942,http://data.ordnancesurvey.co.uk/ontology/admingeo/County,East Midlands,http://data.ordnancesurvey.co.uk/id/7000000000041423,England,http://data.ordnancesurvey.co.uk/id/country/england,,,
osgb5000005325808690,http://data.ordnancesurvey.co.uk/id/5000005325808690,Lowfield House Care Home,,,,other,Medical Care Accommodation,493449,398133,1000,50000,493199,397887,493699,398387,DN21,http://data.ordnancesurvey.co.uk/id/postcodedistrict/DN21,Kirton in Lindsey,http://data.ordnancesurvey.co.uk/id/4000000074574884,http://www.ordnancesurvey.co.uk/xml/codelists/localtype.xml#town,,,,North Lincolnshire,http://data.ordnancesurvey.co.uk/id/7000000000025623,http://data.ordnancesurvey.co.uk/ontology/admingeo/UnitaryAuthority,Yorkshire and the Humber,http://data.ordnancesurvey.co.uk/id/7000000000041430,England,http://data.ordnancesurvey.co.uk/id/country/england,,,
osgb4000000073316385,http://data.ordnancesurvey.co.uk/id/4000000073316385,Foxby Hill Nursing Home,,,,other,Medical Care Accommodation,482081,388581,1000,50000,481837,388331,482337,388831,DN21,http://data.ordnancesurvey.co.uk/id/postcodedistrict/DN21,Gainsborough,http://data.ordnancesurvey.co.uk/id/4000000074575425,http://www.ordnancesurvey.co.uk/xml/codelists/localtype.xml#town,West Lindsey,http://data.ordnancesurvey.co.uk/id/7000000000043527,http://data.ordnancesurvey.co.uk/ontology/admingeo/District,Lincolnshire,http://data.ordnancesurvey.co.uk/id/7000000000005942,http://data.ordnancesurvey.co.uk/ontology/admingeo/County,East Midlands,http://data.ordnancesurvey.co.uk/id/7000000000041423,England,http://data.ordnancesurvey.co.uk/id/country/england,,,
osgb4000000073315966,http://data.ordnancesurvey.co.uk/id/4000000073315966,Morton Trentside Primary School,,,,other,Primary Education,480756,391783,1000,50000,480507,391533,481007,392033,DN21,http://data.ordnancesurvey.co.uk/id/postcodedistrict/DN21,Gainsborough,http://data.ordnancesurvey.co.uk/id/4000000074575425,http://www.ordnancesurvey.co.uk/xml/codelists/localtype.xml#town,West Lindsey,http://data.ordnancesurvey.co.uk/id/7000000000043527,http://data.ordnancesurvey.co.uk/ontology/admingeo/District,Lincolnshire,http://data.ordnancesurvey.co.uk/id/7000000000005942,http://data.ordnancesurvey.co.uk/ontology/admingeo/County,East Midlands,http://data.ordnancesurvey.co.uk/id/7000000000041423,England,http://data.ordnancesurvey.co.uk/id/country/england,,,
osgb4000000073316363,http://data.ordnancesurvey.co.uk/id/4000000073316363,Howson House,,,,other,Medical Care Accommodation,487251,384335,1000,50000,486996,384086,487496,384586,DN21,http://data.ordnancesurvey.co.uk/id/postcodedistrict/DN21,Willingham by Stow,http://data.ordnancesurvey.co.uk/id/4000000074575139,http://www.ordnancesurvey.co.uk/xml/codelists/localtype.xml#village,West Lindsey,http://data.ordnancesurvey.co.uk/id/7000000000043527,http://data.ordnancesurvey.co.uk/ontology/admingeo/District,Lincolnshire,http://data.ordnancesurvey.co.uk/id/7000000000005942,http://data.ordnancesurvey.co.uk/ontology/admingeo/County,East Midlands,http://data.ordnancesurvey.co.uk/id/7000000000041423,England,http://data.ordnancesurvey.co.uk/id/country/england,,,
DN211YN,http://data.ordnancesurvey.co.uk/id/postcodeunit/DN211YN,DN21 1YN,,,,other,Postcode,482919,388926,3500,18000,,,,,,,Gainsborough,http://data.ordnancesurvey.co.uk/id/4000000074575425,http://www.ordnancesurvey.co.uk/xml/codelists/localtype.xml#town,West Lindsey,http://data.ordnancesurvey.co.uk/id/7000000000043527,http://data.ordnancesurvey.co.uk/ontology/admingeo/District,Lincolnshire,http://data.ordnancesurvey.co.uk/id/7000000000005942,http://data.ordnancesurvey.co.uk/ontology/admingeo/County,East Midlands,http://data.ordnancesurvey.co.uk/id/7000000000041423,England,http://data.ordnancesurvey.co.uk/id/country/england,,,
DN211PD,http://data.ordnancesurvey.co.uk/id/postcodeunit/DN211PD,DN21 1PD,,,,other,Postcode,482620,388998,3500,18000,,,,,,,Gainsborough,http://data.ordnancesurvey.co.uk/id/4000000074575425,http://www.ordnancesurvey.co.uk/xml/codelists/localtype.xml#town,West Lindsey,http://data.ordnancesurvey.co.uk/id/7000000000043527,http://data.ordnancesurvey.co.uk/ontology/admingeo/District,Lincolnshire,http://data.ordnancesurvey.co.uk/id/7000000000005942,http://data.ordnancesurvey.co.uk/ontology/admingeo/County,East Midlands,http://data.ordnancesurvey.co.uk/id/7000000000041423,England,http://data.ordnancesurvey.co.uk/id/country/england,,,
DN215DR,http://data.ordnancesurvey.co.uk/id/postcodeunit/DN215DR,DN21 5DR,,,,other,Postcode,482701,386897,3500,18000,,,,,,,Lea,http://data.ordnancesurvey.co.uk/id/4000000074578253,http://www.ordnancesurvey.co.uk/xml/codelists/localtype.xml#village,West Lindsey,http://data.ordnancesurvey.co.uk/id/7000000000043527,http://data.ordnancesurvey.co.uk/ontology/admingeo/District,Lincolnshire,http://data.ordnancesurvey.co.uk/id/7000000000005942,http://data.ordnancesurvey.co.uk/ontology/admingeo/County,East Midlands,http://data.ordnancesurvey.co.uk/id/7000000000041423,England,http://data.ordnancesurvey.co.uk/id/country/england,,,
DN215UF,http://data.ordnancesurvey.co.uk/id/postcodeunit/DN215UF,DN21 5UF,,,,other,Postcode,493154,390757,3500,18000,,,,,,,Hemswell,http://data.ordnancesurvey.co.uk/id/4000000074574603,http://www.ordnancesurvey.co.uk/xml/codelists/localtype.xml#village,West Lindsey,http://data.ordnancesurvey.co.uk/id/7000000000043527,http://data.ordnancesurvey.co.uk/ontology/admingeo/District,Lincolnshire,http://data.ordnancesurvey.co.uk/id/7000000000005942,http://data.ordnancesurvey.co.uk/ontology/admingeo/County,East Midlands,http://data.ordnancesurvey.co.uk/id/7000000000041423,England,http://data.ordnancesurvey.co.uk/id/country/england,,,
DN215HZ,http://data.ordnancesurvey.co.uk/id/postcodeunit/DN215HZ,DN21 5HZ,,,,other,Postcode,482877,386753,3500,18000,,,,,,,Lea,http://data.ordnancesurvey.co.uk/id/4000000074578253,http://www.ordnancesurvey.co.uk/xml/codelists/localtype.xml#village,West Lindsey,http://data.ordnancesurvey.co.uk/id/7000000000043527,http://data.ordnancesurvey.co.uk/ontology/admingeo/District,Lincolnshire,http://data.ordnancesurvey.co.uk/id/7000000000005942,http://data.ordnancesurvey.co.uk/ontology/admingeo/County,East Midlands,http://data.ordnancesurvey.co.uk/id/7000000000041423,England,http://data.ordnancesurvey.co.uk/id/country/england,,,
DN212JG,http://data.ordnancesurvey.co.uk/id/postcodeunit/DN212JG,DN21 2JG,,,,other,Postcode,481667,390111,3500,18000,,,,,,,Gainsborough,http://data.ordnancesurvey.co.uk/id/4000000074575425,http://www.ordnancesurvey.co.uk/xml/codelists/localtype.xml#town,West Lindsey,http://data.ordnancesurvey.co.uk/id/7000000000043527,http://data.ordnancesurvey.co.uk/ontology/admingeo/District,Lincolnshire,http://data.ordnancesurvey.co.uk/id/7000000000005942,http://data.ordnancesurvey.co.uk/ontology/admingeo/County,East Midlands,http://data.ordnancesurvey.co.uk/id/7000000000041423,England,http://data.ordnancesurvey.co.uk/id/country/england,,,
LN23PF,http://data.ordnancesurvey.co.uk/id/postcodeunit/LN23PF,LN2 3PF,,,,other,Postcode,499635,382436,3500,18000,,,,,,,Hackthorn,http://data.ordnancesurvey.co.uk/id/4000000074574879,http://www.ordnancesurvey.co.uk/xml/codelists/localtype.xml#village,West Lindsey,http://data.ordnancesurvey.co.uk/id/7000000000043527,http://data.ordnancesurvey.co.uk/ontology/admingeo/District,Lincolnshire,http://data.ordnancesurvey.co.uk/id/7000000000005942,http://data.ordnancesurvey.co.uk/ontology/admingeo/County,East Midlands,http://data.ordnancesurvey.co.uk/id/7000000000041423,England,http://data.ordnancesurvey.co.uk/id/country/england,,,
DN212RY,http://data.ordnancesurvey.co.uk/id/postcodeunit/DN212RY,DN21 2RY,,,,other,Postcode,481059,390819,3500,18000,,,,,,,Gainsborough,http://data.ordnancesurvey.co.uk/id/4000000074575425,http://www.ordnancesurvey.co.uk/xml/codelists/localtype.xml#town,West Lindsey,http://data.ordnancesurvey.co.uk/id/7000000000043527,http://data.ordnancesurvey.co.uk/ontology/admingeo/District,Lincolnshire,http://data.ordnancesurvey.co.uk/id/7000000000005942,http://data.ordnancesurvey.co.uk/ontology/admingeo/County,East Midlands,http://data.ordnancesurvey.co.uk/id/7000000000041423,England,http://data.ordnancesurvey.co.uk/id/country/england,,,
DN211ZA,http://data.ordnancesurvey.co.uk/id/postcodeunit/DN211ZA,DN21 1ZA,,,,other,Postcode,482903,388803,3500,18000,,,,,,,Gainsborough,http://data.ordnancesurvey.co.uk/id/4000000074575425,http://www.ordnancesurvey.co.uk/xml/codelists/localtype.xml#town,West Lindsey,http://data.ordnancesurvey.co.uk/id/7000000000043527,http://data.ordnancesurvey.co.uk/ontology/admingeo/District,Lincolnshire,http://data.ordnancesurvey.co.uk/id/7000000000005942,http://data.ordnancesurvey.co.uk/ontology/admingeo/County,East Midlands,http://data.ordnancesurvey.co.uk/id/7000000000041423,England,http://data.ordnancesurvey.co.uk/id/country/england,,,
DN211DQ,http://data.ordnancesurvey.co.uk/id/postcodeunit/DN211DQ,DN21 1DQ,,,,other,Postcode,481807,388755,3500,18000,,,,,,,Gainsborough,http://data.ordnancesurvey.co.uk/id/4000000074575425,http://www.ordnancesurvey.co.uk/xml/codelists/localtype.xml#town,West Lindsey,http://data.ordnancesurvey.co.uk/id/7000000000043527,http://data.ordnancesurvey.co.uk/ontology/admingeo/District,Lincolnshire,http://data.ordnancesurvey.co.uk/id/7000000000005942,http://data.ordnancesurvey.co.uk/ontology/admingeo/County,East Midlands,http://data.ordnancesurvey.co.uk/id/7000000000041423,England,http://data.ordnancesurvey.co.uk/id/country/england,,,
DN214BZ,http://data.ordnancesurvey.co.uk/id/postcodeunit/DN214BZ,DN21 4BZ,,,,other,Postcode,493312,398779,3500,18000,,,,,,,Kirton in Lindsey,http://data.ordnancesurvey.co.uk/id/4000000074574884,http://www.ordnancesurvey.co.uk/xml/codelists/localtype.xml#town,,,,North Lincolnshire,http://data.ordnancesurvey.co.uk/id/7000000000025623,http://data.ordnancesurvey.co.uk/ontology/admingeo/UnitaryAuthority,Yorkshire and the Humber,http://data.ordnancesurvey.co.uk/id/7000000000041430,England,http://data.ordnancesurvey.co.uk/id/country/england,,,
DN212EW,http://data.ordnancesurvey.co.uk/id/postcodeunit/DN212EW,DN21 2EW,,,,other,Postcode,481630,389741,3500,18000,,,,,,,Gainsborough,http://data.ordnancesurvey.co.uk/id/4000000074575425,http://www.ordnancesurvey.co.uk/xml/codelists/localtype.xml#town,West Lindsey,http://data.ordnancesurvey.co.uk/id/7000000000043527,http://data.ordnancesurvey.co.uk/ontology/admingeo/District,Lincolnshire,http://data.ordnancesurvey.co.uk/id/7000000000005942,http://data.ordnancesurvey.co.uk/ontology/admingeo/County,East Midlands,http://data.ordnancesurvey.co.uk/id/7000000000041423,England,http://data.ordnancesurvey.co.uk/id/country/england,,,
LN12ZA,http://data.ordnancesurvey.co.uk/id/postcodeunit/LN12ZA,LN1 2ZA,,,,other,Postcode,494729,381901,3500,18000,,,,,,,Cammeringham,http://data.ordnancesurvey.co.uk/id/4000000074574873,http://www.ordnancesurvey.co.uk/xml/codelists/localtype.xml#village,West Lindsey,http://data.ordnancesurvey.co.uk/id/7000000000043527,http://data.ordnancesurvey.co.uk/ontology/admingeo/District,Lincolnshire,http://data.ordnancesurvey.co.uk/id/7000000000005942,http://data.ordnancesurvey.co.uk/ontology/admingeo/County,East Midlands,http://data.ordnancesurvey.co.uk/id/7000000000041423,England,http://data.ordnancesurvey.co.uk/id/country/england,,,
DN215JZ,http://data.ordnancesurvey.co.uk/id/postcodeunit/DN215JZ,DN21 5JZ,,,,other,Postcode,487585,384581,3500,18000,,,,,,,Willingham by Stow,http://data.ordnancesurvey.co.uk/id/4000000074575139,http://www.ordnancesurvey.co.uk/xml/codelists/localtype.xml#village,West Lindsey,http://data.ordnancesurvey.co.uk/id/7000000000043527,http://data.ordnancesurvey.co.uk/ontology/admingeo/District,Lincolnshire,http://data.ordnancesurvey.co.uk/id/7000000000005942,http://data.ordnancesurvey.co.uk/ontology/admingeo/County,East Midlands,http://data.ordnancesurvey.co.uk/id/7000000000041423,England,http://data.ordnancesurvey.co.uk/id/country/england,,,
DN214FD,http://data.ordnancesurvey.co.uk/id/postcodeunit/DN214FD,DN21 4FD,,,,other,Postcode,493675,397916,3500,18000,,,,,,,Kirton in Lindsey,http://data.ordnancesurvey.co.uk/id/4000000074574884,http://www.ordnancesurvey.co.uk/xml/codelists/localtype.xml#town,,,,North Lincolnshire,http://data.ordnancesurvey.co.uk/id/7000000000025623,http://data.ordnancesurvey.co.uk/ontology/admingeo/UnitaryAuthority,Yorkshire and the Humber,http://data.ordnancesurvey.co.uk/id/7000000000041430,England,http://data.ordnancesurvey.co.uk/id/country/england,,,
DN212RH,http://data.ordnancesurvey.co.uk/id/postcodeunit/DN212RH,DN21 2RH,,,,other,Postcode,481323,390761,3500,18000,,,,,,,Gainsborough,http://data.ordnancesurvey.co.uk/id/4000000074575425,http://www.ordnancesurvey.co.uk/xml/codelists/localtype.xml#town,West Lindsey,http://data.ordnancesurvey.co.uk/id/7000000000043527,http://data.ordnancesurvey.co.uk/ontology/admingeo/District,Lincolnshire,http://data.ordnancesurvey.co.uk/id/7000000000005942,http://data.ordnancesurvey.co.uk/ontology/admingeo/County,East Midlands,http://data.ordnancesurvey.co.uk/id/7000000000041423,England,http://data.ordnancesurvey.co.uk/id/country/england,,,
DN215EZ,http://data.ordnancesurvey.co.uk/id/postcodeunit/DN215EZ,DN21 5EZ,,,,other,Postcode,484036,385675,3500,18000,,,,,,,Knaith Park,http://data.ordnancesurvey.co.uk/id/4000000074813593,http://www.ordnancesurvey.co.uk/xml/codelists/localtype.xml#village,West Lindsey,http://data.ordnancesurvey.co.uk/id/7000000000043527,http://data.ordnancesurvey.co.uk/ontology/admingeo/District,Lincolnshire,http://data.ordnancesurvey.co.uk/id/7000000000005942,http://data.ordnancesurvey.co.uk/ontology/admingeo/County,East Midlands,http://data.ordnancesurvey.co.uk/id/7000000000041423,England,http://data.ordnancesurvey.co.uk/id/country/england,,,
DN212AL,http://data.ordnancesurvey.co.uk/id/postcodeunit/DN212AL,DN21 2AL,,,,other,Postcode,481718,389524,3500,18000,,,,,,,Gainsborough,http://data.ordnancesurvey.co.uk/id/4000000074575425,http://www.ordnancesurvey.co.uk/xml/codelists/localtype.xml#town,West Lindsey,http://data.ordnancesurvey.co.uk/id/7000000000043527,http://data.ordnancesurvey.co.uk/ontology/admingeo/District,Lincolnshire,http://data.ordnancesurvey.co.uk/id/7000000000005942,http://data.ordnancesurvey.co.uk/ontology/admingeo/County,East Midlands,http://data.ordnancesurvey.co.uk/id/7000000000041423,England,http://data.ordnancesurvey.co.uk/id/country/england,,,
DN215PJ,http://data.ordnancesurvey.co.uk/id/postcodeunit/DN215PJ,DN21 5PJ,,,,other,Postcode,486183,385600,3500,18000,,,,,,,Kexby,http://data.ordnancesurvey.co.uk/id/4000000074577769,http://www.ordnancesurvey.co.uk/xml/codelists/localtype.xml#village,West Lindsey,http://data.ordnancesurvey.co.uk/id/7000000000043527,http://data.ordnancesurvey.co.uk/ontology/admingeo/District,Lincolnshire,http://data.ordnancesurvey.co.uk/id/7000000000005942,http://data.ordnancesurvey.co.uk/ontology/admingeo/County,East Midlands,http://data.ordnancesurvey.co.uk/id/7000000000041423,England,http://data.ordnancesurvey.co.uk/id/country/england,,,
osgb4000000073316392,http://data.ordnancesurvey.co.uk/id/4000000073316392,Blyton Cum Laughton Church of England School,,,,other,Primary Education,485302,394960,1000,50000,485052,394716,485552,395216,DN21,http://data.ordnancesurvey.co.uk/id/postcodedistrict/DN21,Blyton,http://data.ordnancesurvey.co.uk/id/4000000074575429,http://www.ordnancesurvey.co.uk/xml/codelists/localtype.xml#village,West Lindsey,http://data.ordnancesurvey.co.uk/id/7000000000043527,http://data.ordnancesurvey.co.uk/ontology/admingeo/District,Lincolnshire,http://data.ordnancesurvey.co.uk/id/7000000000005942,http://data.ordnancesurvey.co.uk/ontology/admingeo/County,East Midlands,http://data.ordnancesurvey.co.uk/id/7000000000041423,England,http://data.ordnancesurvey.co.uk/id/country/england,,,
osgb4000000073315964,http://data.ordnancesurvey.co.uk/id/4000000073315964,St Barnabas Hospice,,,,other,Hospice,481078,391425,1000,50000,480828,391176,481328,391676,DN21,http://data.ordnancesurvey.co.uk/id/postcodedistrict/DN21,Gainsborough,http://data.ordnancesurvey.co.uk/id/4000000074575425,http://www.ordnancesurvey.co.uk/xml/codelists/localtype.xml#town,West Lindsey,http://data.ordnancesurvey.co.uk/id/7000000000043527,http://data.ordnancesurvey.co.uk/ontology/admingeo/District,Lincolnshire,http://data.ordnancesurvey.co.uk/id/7000000000005942,http://data.ordnancesurvey.co.uk/ontology/admingeo/County,East Midlands,http://data.ordnancesurvey.co.uk/id/7000000000041423,England,http://data.ordnancesurvey.co.uk/id/country/england,,,
osgb4000000073316277,http://data.ordnancesurvey.co.uk/id/4000000073316277,Waddingham Primary School,,,,other,Primary Education,498420,396111,1000,50000,498189,395861,498689,396361,DN21,http://data.ordnancesurvey.co.uk/id/postcodedistrict/DN21,Waddingham,http://data.ordnancesurvey.co.uk/id/4000000074574880,http://www.ordnancesurvey.co.uk/xml/codelists/localtype.xml#village,West Lindsey,http://data.ordnancesurvey.co.uk/id/7000000000043527,http://data.ordnancesurvey.co.uk/ontology/admingeo/District,Lincolnshire,http://data.ordnancesurvey.co.uk/id/7000000000005942,http://data.ordnancesurvey.co.uk/ontology/admingeo/County,East Midlands,http://data.ordnancesurvey.co.uk/id/7000000000041423,England,http://data.ordnancesurvey.co.uk/id/country/england,,,
DN215SB,http://data.ordnancesurvey.co.uk/id/postcodeunit/DN215SB,DN21 5SB,,,,other,Postcode,493032,393541,3500,18000,,,,,,,Willoughton,http://data.ordnancesurvey.co.uk/id/4000000074574604,http://www.ordnancesurvey.co.uk/xml/codelists/localtype.xml#village,West Lindsey,http://data.ordnancesurvey.co.uk/id/7000000000043527,http://data.ordnancesurvey.co.uk/ontology/admingeo/District,Lincolnshire,http://data.ordnancesurvey.co.uk/id/7000000000005942,http://data.ordnancesurvey.co.uk/ontology/admingeo/County,East Midlands,http://data.ordnancesurvey.co.uk/id/7000000000041423,England,http://data.ordnancesurvey.co.uk/id/country/england,,,
osgb4000000073316364,http://data.ordnancesurvey.co.uk/id/4000000073316364,Sturton by Stow Primary School,,,,other,Primary Education,488963,381048,1000,50000,488713,380784,489213,381284,LN1,http://data.ordnancesurvey.co.uk/id/postcodedistrict/LN1,Sturton by Stow,http://data.ordnancesurvey.co.uk/id/4000000074574600,http://www.ordnancesurvey.co.uk/xml/codelists/localtype.xml#village,West Lindsey,http://data.ordnancesurvey.co.uk/id/7000000000043527,http://data.ordnancesurvey.co.uk/ontology/admingeo/District,Lincolnshire,http://data.ordnancesurvey.co.uk/id/7000000000005942,http://data.ordnancesurvey.co.uk/ontology/admingeo/County,East Midlands,http://data.ordnancesurvey.co.uk/id/7000000000041423,England,http://data.ordnancesurvey.co.uk/id/country/england,,,
osgb5000005325809632,http://data.ordnancesurvey.co.uk/id/5000005325809632,Middlefield House,,,,other,Medical Care Accommodation,482386,389771,1000,50000,482137,389526,482637,390026,DN21,http://data.ordnancesurvey.co.uk/id/postcodedistrict/DN21,Gainsborough,http://data.ordnancesurvey.co.uk/id/4000000074575425,http://www.ordnancesurvey.co.uk/xml/codelists/localtype.xml#town,West Lindsey,http://data.ordnancesurvey.co.uk/id/7000000000043527,http://data.ordnancesurvey.co.uk/ontology/admingeo/District,Lincolnshire,http://data.ordnancesurvey.co.uk/id/7000000000005942,http://data.ordnancesurvey.co.uk/ontology/admingeo/County,East Midlands,http://data.ordnancesurvey.co.uk/id/7000000000041423,England,http://data.ordnancesurvey.co.uk/id/country/england,,,
osgb5000005288415962,http://data.ordnancesurvey.co.uk/id/5000005288415962,The Priory Hospital,,,,other,Hospital,495675,389105,2000,50000,495425,388866,495925,389366,DN21,http://data.ordnancesurvey.co.uk/id/postcodedistrict/DN21,,,,West Lindsey,http://data.ordnancesurvey.co.uk/id/7000000000043527,http://data.ordnancesurvey.co.uk/ontology/admingeo/District,Lincolnshire,http://data.ordnancesurvey.co.uk/id/7000000000005942,http://data.ordnancesurvey.co.uk/ontology/admingeo/County,East Midlands,http://data.ordnancesurvey.co.uk/id/7000000000041423,England,http://data.ordnancesurvey.co.uk/id/country/england,,,
osgb4000000073316389,http://data.ordnancesurvey.co.uk/id/4000000073316389,Gainsborough Central,,,,transportNetwork,Railway Station,481907,389834,1000,50000,481657,389619,482157,390119,DN21,http://data.ordnancesurvey.co.uk/id/postcodedistrict/DN21,Gainsborough,http://data.ordnancesurvey.co.uk/id/4000000074575425,http://www.ordnancesurvey.co.uk/xml/codelists/localtype.xml#town,West Lindsey,http://data.ordnancesurvey.co.uk/id/7000000000043527,http://data.ordnancesurvey.co.uk/ontology/admingeo/District,Lincolnshire,http://data.ordnancesurvey.co.uk/id/7000000000005942,http://data.ordnancesurvey.co.uk/ontology/admingeo/County,East Midlands,http://data.ordnancesurvey.co.uk/id/7000000000041423,England,http://data.ordnancesurvey.co.uk/id/country/england,,,
osgb4000000073316395,http://data.ordnancesurvey.co.uk/id/4000000073316395,Laughton Croft,,,,other,Medical Care Accommodation,487191,399172,1000,50000,486938,398922,487438,399422,DN21,http://data.ordnancesurvey.co.uk/id/postcodedistrict/DN21,,,,West Lindsey,http://data.ordnancesurvey.co.uk/id/7000000000043527,http://data.ordnancesurvey.co.uk/ontology/admingeo/District,Lincolnshire,http://data.ordnancesurvey.co.uk/id/7000000000005942,http://data.ordnancesurvey.co.uk/ontology/admingeo/County,East Midlands,http://data.ordnancesurvey.co.uk/id/7000000000041423,England,http://data.ordnancesurvey.co.uk/id/country/england,,,
osgb4000000073316390,http://data.ordnancesurvey.co.uk/id/4000000073316390,Handel House School,,,,other,Non State Primary Education,481684,390292,1000,50000,481432,390042,481932,390542,DN21,http://data.ordnancesurvey.co.uk/id/postcodedistrict/DN21,Gainsborough,http://data.ordnancesurvey.co.uk/id/4000000074575425,http://www.ordnancesurvey.co.uk/xml/codelists/localtype.xml#town,West Lindsey,http://data.ordnancesurvey.co.uk/id/7000000000043527,http://data.ordnancesurvey.co.uk/ontology/admingeo/District,Lincolnshire,http://data.ordnancesurvey.co.uk/id/7000000000005942,http://data.ordnancesurvey.co.uk/ontology/admingeo/County,East Midlands,http://data.ordnancesurvey.co.uk/id/7000000000041423,England,http://data.ordnancesurvey.co.uk/id/country/england,,,
osgb4000000073315965,http://data.ordnancesurvey.co.uk/id/4000000073315965,John Coupland Hospital,,,,other,Hospital,480864,391214,1000,50000,480614,390966,481114,391466,DN21,http://data.ordnancesurvey.co.uk/id/postcodedistrict/DN21,Gainsborough,http://data.ordnancesurvey.co.uk/id/4000000074575425,http://www.ordnancesurvey.co.uk/xml/codelists/localtype.xml#town,West Lindsey,http://data.ordnancesurvey.co.uk/id/7000000000043527,http://data.ordnancesurvey.co.uk/ontology/admingeo/District,Lincolnshire,http://data.ordnancesurvey.co.uk/id/7000000000005942,http://data.ordnancesurvey.co.uk/ontology/admingeo/County,East Midlands,http://data.ordnancesurvey.co.uk/id/7000000000041423,England,http://data.ordnancesurvey.co.uk/id/country/england,,,
osgb4000000073497711,http://data.ordnancesurvey.co.uk/id/4000000073497711,Gainsborough Lea Road,,,,transportNetwork,Railway Station,481925,388417,1000,50000,481676,388130,482176,388630,DN21,http://data.ordnancesurvey.co.uk/id/postcodedistrict/DN21,Gainsborough,http://data.ordnancesurvey.co.uk/id/4000000074575425,http://www.ordnancesurvey.co.uk/xml/codelists/localtype.xml#town,West Lindsey,http://data.ordnancesurvey.co.uk/id/7000000000043527,http://data.ordnancesurvey.co.uk/ontology/admingeo/District,Lincolnshire,http://data.ordnancesurvey.co.uk/id/7000000000005942,http://data.ordnancesurvey.co.uk/ontology/admingeo/County,East Midlands,http://data.ordnancesurvey.co.uk/id/7000000000041423,England,http://data.ordnancesurvey.co.uk/id/country/england,,,
osgb4000000073316383,http://data.ordnancesurvey.co.uk/id/4000000073316383,Hillcrest Early Years Academy,,Hillcrest Community Infant and Nursery Scool,,other,Primary Education,482655,389875,2000,50000,482405,389557,482905,390057,DN21,http://data.ordnancesurvey.co.uk/id/postcodedistrict/DN21,Gainsborough,http://data.ordnancesurvey.co.uk/id/4000000074575425,http://www.ordnancesurvey.co.uk/xml/codelists/localtype.xml#town,West Lindsey,http://data.ordnancesurvey.co.uk/id/7000000000043527,http://data.ordnancesurvey.co.uk/ontology/admingeo/District,Lincolnshire,http://data.ordnancesurvey.co.uk/id/7000000000005942,http://data.ordnancesurvey.co.uk/ontology/admingeo/County,East Midlands,http://data.ordnancesurvey.co.uk/id/7000000000041423,England,http://data.ordnancesurvey.co.uk/id/country/england,,,
osgb4000000073955668,http://data.ordnancesurvey.co.uk/id/4000000073955668,Sustain Solar Park,,,,other,Electricity Production,486773,381658,2000,50000,486522,381408,487022,381908,LN1,http://data.ordnancesurvey.co.uk/id/postcodedistrict/LN1,,,,West Lindsey,http://data.ordnancesurvey.co.uk/id/7000000000043527,http://data.ordnancesurvey.co.uk/ontology/admingeo/District,Lincolnshire,http://data.ordnancesurvey.co.uk/id/7000000000005942,http://data.ordnancesurvey.co.uk/ontology/admingeo/County,East Midlands,http://data.ordnancesurvey.co.uk/id/7000000000041423,England,http://data.ordnancesurvey.co.uk/id/country/england,,,
osgb4000000073316280,http://data.ordnancesurvey.co.uk/id/4000000073316280,Hemswell Cliff Primary School,,,,other,Primary Education,495185,390042,1000,50000,494927,389792,495427,390292,DN21,http://data.ordnancesurvey.co.uk/id/postcodedistrict/DN21,Hemswell Cliff,http://data.ordnancesurvey.co.uk/id/4000000074574338,http://www.ordnancesurvey.co.uk/xml/codelists/localtype.xml#village,West Lindsey,http://data.ordnancesurvey.co.uk/id/7000000000043527,http://data.ordnancesurvey.co.uk/ontology/admingeo/District,Lincolnshire,http://data.ordnancesurvey.co.uk/id/7000000000005942,http://data.ordnancesurvey.co.uk/ontology/admingeo/County,East Midlands,http://data.ordnancesurvey.co.uk/id/7000000000041423,England,http://data.ordnancesurvey.co.uk/id/country/england,,,
osgb4000000073316388,http://data.ordnancesurvey.co.uk/id/4000000073316388,Gainsborough Parish Church Primary School,,,,other,Primary Education,481393,390205,1000,50000,481151,389955,481651,390455,DN21,http://data.ordnancesurvey.co.uk/id/postcodedistrict/DN21,Gainsborough,http://data.ordnancesurvey.co.uk/id/4000000074575425,http://www.ordnancesurvey.co.uk/xml/codelists/localtype.xml#town,West Lindsey,http://data.ordnancesurvey.co.uk/id/7000000000043527,http://data.ordnancesurvey.co.uk/ontology/admingeo/District,Lincolnshire,http://data.ordnancesurvey.co.uk/id/7000000000005942,http://data.ordnancesurvey.co.uk/ontology/admingeo/County,East Midlands,http://data.ordnancesurvey.co.uk/id/7000000000041423,England,http://data.ordnancesurvey.co.uk/id/country/england,,,
osgb4000000073316386,http://data.ordnancesurvey.co.uk/id/4000000073316386,Gainsborough Benjamin Adlard Community School,,,,other,Primary Education,481997,388754,1000,50000,481748,388503,482248,389003,DN21,http://data.ordnancesurvey.co.uk/id/postcodedistrict/DN21,Gainsborough,http://data.ordnancesurvey.co.uk/id/4000000074575425,http://www.ordnancesurvey.co.uk/xml/codelists/localtype.xml#town,West Lindsey,http://data.ordnancesurvey.co.uk/id/7000000000043527,http://data.ordnancesurvey.co.uk/ontology/admingeo/District,Lincolnshire,http://data.ordnancesurvey.co.uk/id/7000000000005942,http://data.ordnancesurvey.co.uk/ontology/admingeo/County,East Midlands,http://data.ordnancesurvey.co.uk/id/7000000000041423,England,http://data.ordnancesurvey.co.uk/id/country/england,,,
osgb4000000073316394,http://data.ordnancesurvey.co.uk/id/4000000073316394,Corringham Church of England Voluntary Controlled School,,,,other,Primary Education,487203,391514,1000,50000,486943,391265,487443,391765,DN21,http://data.ordnancesurvey.co.uk/id/postcodedistrict/DN21,Corringham,http://data.ordnancesurvey.co.uk/id/4000000074575143,http://www.ordnancesurvey.co.uk/xml/codelists/localtype.xml#village,West Lindsey,http://data.ordnancesurvey.co.uk/id/7000000000043527,http://data.ordnancesurvey.co.uk/ontology/admingeo/District,Lincolnshire,http://data.ordnancesurvey.co.uk/id/7000000000005942,http://data.ordnancesurvey.co.uk/ontology/admingeo/County,East Midlands,http://data.ordnancesurvey.co.uk/id/7000000000041423,England,http://data.ordnancesurvey.co.uk/id/country/england,,,
osgb4000000073316378,http://data.ordnancesurvey.co.uk/id/4000000073316378,St George's Church of England Community Primary School,,,,other,Primary Education,482924,388966,1000,50000,482660,388716,483160,389216,DN21,http://data.ordnancesurvey.co.uk/id/postcodedistrict/DN21,Gainsborough,http://data.ordnancesurvey.co.uk/id/4000000074575425,http://www.ordnancesurvey.co.uk/xml/codelists/localtype.xml#town,West Lindsey,http://data.ordnancesurvey.co.uk/id/7000000000043527,http://data.ordnancesurvey.co.uk/ontology/admingeo/District,Lincolnshire,http://data.ordnancesurvey.co.uk/id/7000000000005942,http://data.ordnancesurvey.co.uk/ontology/admingeo/County,East Midlands,http://data.ordnancesurvey.co.uk/id/7000000000041423,England,http://data.ordnancesurvey.co.uk/id/country/england,,,
osgb4000000073316393,http://data.ordnancesurvey.co.uk/id/4000000073316393,Sturgate Airfield,,,,transportNetwork,Airfield,488024,388021,9000,50000,487032,387642,488461,388400,DN21,http://data.ordnancesurvey.co.uk/id/postcodedistrict/DN21,,,,West Lindsey,http://data.ordnancesurvey.co.uk/id/7000000000043527,http://data.ordnancesurvey.co.uk/ontology/admingeo/District,Lincolnshire,http://data.ordnancesurvey.co.uk/id/7000000000005942,http://data.ordnancesurvey.co.uk/ontology/admingeo/County,East Midlands,http://data.ordnancesurvey.co.uk/id/7000000000041423,England,http://data.ordnancesurvey.co.uk/id/country/england,,,
osgb5000005328078987,http://data.ordnancesurvey.co.uk/id/5000005328078987,Eliot House Nursing Care Home,,,,other,Medical Care Accommodation,480725,391652,1000,50000,480472,391402,480972,391902,DN21,http://data.ordnancesurvey.co.uk/id/postcodedistrict/DN21,Gainsborough,http://data.ordnancesurvey.co.uk/id/4000000074575425,http://www.ordnancesurvey.co.uk/xml/codelists/localtype.xml#town,West Lindsey,http://data.ordnancesurvey.co.uk/id/7000000000043527,http://data.ordnancesurvey.co.uk/ontology/admingeo/District,Lincolnshire,http://data.ordnancesurvey.co.uk/id/7000000000005942,http://data.ordnancesurvey.co.uk/ontology/admingeo/County,East Midlands,http://data.ordnancesurvey.co.uk/id/7000000000041423,England,http://data.ordnancesurvey.co.uk/id/country/england,,,
osgb4000000074707066,http://data.ordnancesurvey.co.uk/id/4000000074707066,Somerby Wood,,,,landcover,Woodland Or Forest,484050,390669,3000,400000,483802,390419,484302,390919,DN21,http://data.ordnancesurvey.co.uk/id/postcodedistrict/DN21,,,,West Lindsey,http://data.ordnancesurvey.co.uk/id/7000000000043527,http://data.ordnancesurvey.co.uk/ontology/admingeo/District,Lincolnshire,http://data.ordnancesurvey.co.uk/id/7000000000005942,http://data.ordnancesurvey.co.uk/ontology/admingeo/County,East Midlands,http://data.ordnancesurvey.co.uk/id/7000000000041423,England,http://data.ordnancesurvey.co.uk/id/country/england,,,
osgb4000000074790903,http://data.ordnancesurvey.co.uk/id/4000000074790903,Lea Marsh,,,,landcover,Wetland,481400,386534,11000,15000,480588,385671,482322,387397,DN21,http://data.ordnancesurvey.co.uk/id/postcodedistrict/DN21,,,,West Lindsey,http://data.ordnancesurvey.co.uk/id/7000000000043527,http://data.ordnancesurvey.co.uk/ontology/admingeo/District,Lincolnshire,http://data.ordnancesurvey.co.uk/id/7000000000005942,http://data.ordnancesurvey.co.uk/ontology/admingeo/County,East Midlands,http://data.ordnancesurvey.co.uk/id/7000000000041423,England,http://data.ordnancesurvey.co.uk/id/country/england,,,
osgb4000000074818857,http://data.ordnancesurvey.co.uk/id/4000000074818857,Lea Park,,,,landcover,Woodland Or Forest,482799,386152,3000,400000,482691,385903,483191,386403,DN21,http://data.ordnancesurvey.co.uk/id/postcodedistrict/DN21,,,,West Lindsey,http://data.ordnancesurvey.co.uk/id/7000000000043527,http://data.ordnancesurvey.co.uk/ontology/admingeo/District,Lincolnshire,http://data.ordnancesurvey.co.uk/id/7000000000005942,http://data.ordnancesurvey.co.uk/ontology/admingeo/County,East Midlands,http://data.ordnancesurvey.co.uk/id/7000000000041423,England,http://data.ordnancesurvey.co.uk/id/country/england,,,
osgb4000000074706648,http://data.ordnancesurvey.co.uk/id/4000000074706648,Sargent's Covert,,,,landcover,Woodland Or Forest,491708,398229,1000,400000,491459,397979,491959,398479,DN21,http://data.ordnancesurvey.co.uk/id/postcodedistrict/DN21,,,,,,,North Lincolnshire,http://data.ordnancesurvey.co.uk/id/7000000000025623,http://data.ordnancesurvey.co.uk/ontology/admingeo/UnitaryAuthority,Yorkshire and the Humber,http://data.ordnancesurvey.co.uk/id/7000000000041430,England,http://data.ordnancesurvey.co.uk/id/country/england,,,
osgb4000000074705822,http://data.ordnancesurvey.co.uk/id/4000000074705822,Waterloo Plantation,,,,landcover,Woodland Or Forest,497918,391310,1000,400000,497668,391041,498168,391541,LN8,http://data.ordnancesurvey.co.uk/id/postcodedistrict/LN8,,,,West Lindsey,http://data.ordnancesurvey.co.uk/id/7000000000043527,http://data.ordnancesurvey.co.uk/ontology/admingeo/District,Lincolnshire,http://data.ordnancesurvey.co.uk/id/7000000000005942,http://data.ordnancesurvey.co.uk/ontology/admingeo/County,East Midlands,http://data.ordnancesurvey.co.uk/id/7000000000041423,England,http://data.ordnancesurvey.co.uk/id/country/england,,,
osgb4000000074709111,http://data.ordnancesurvey.co.uk/id/4000000074709111,Oak Wood,,,,landcover,Woodland Or Forest,490837,386665,2000,400000,490587,386414,491087,386914,DN21,http://data.ordnancesurvey.co.uk/id/postcodedistrict/DN21,,,,West Lindsey,http://data.ordnancesurvey.co.uk/id/7000000000043527,http://data.ordnancesurvey.co.uk/ontology/admingeo/District,Lincolnshire,http://data.ordnancesurvey.co.uk/id/7000000000005942,http://data.ordnancesurvey.co.uk/ontology/admingeo/County,East Midlands,http://data.ordnancesurvey.co.uk/id/7000000000041423,England,http://data.ordnancesurvey.co.uk/id/country/england,,,
osgb4000000074711188,http://data.ordnancesurvey.co.uk/id/4000000074711188,Tiger Holt,,,,landcover,Woodland Or Forest,485427,385060,3000,400000,485176,384810,485676,385310,DN21,http://data.ordnancesurvey.co.uk/id/postcodedistrict/DN21,,,,West Lindsey,http://data.ordnancesurvey.co.uk/id/7000000000043527,http://data.ordnancesurvey.co.uk/ontology/admingeo/District,Lincolnshire,http://data.ordnancesurvey.co.uk/id/7000000000005942,http://data.ordnancesurvey.co.uk/ontology/admingeo/County,East Midlands,http://data.ordnancesurvey.co.uk/id/7000000000041423,England,http://data.ordnancesurvey.co.uk/id/country/england,,,
DN213DZ,http://data.ordnancesurvey.co.uk/id/postcodeunit/DN213DZ,DN21 3DZ,,,,other,Postcode,481515,399623,3500,18000,,,,,,,East Ferry,http://data.ordnancesurvey.co.uk/id/4000000074575723,http://www.ordnancesurvey.co.uk/xml/codelists/localtype.xml#village,West Lindsey,http://data.ordnancesurvey.co.uk/id/7000000000043527,http://data.ordnancesurvey.co.uk/ontology/admingeo/District,Lincolnshire,http://data.ordnancesurvey.co.uk/id/7000000000005942,http://data.ordnancesurvey.co.uk/ontology/admingeo/County,East Midlands,http://data.ordnancesurvey.co.uk/id/7000000000041423,England,http://data.ordnancesurvey.co.uk/id/country/england,,,
DN212AR,http://data.ordnancesurvey.co.uk/id/postcodeunit/DN212AR,DN21 2AR,,,,other,Postcode,481418,389990,3500,18000,,,,,,,Gainsborough,http://data.ordnancesurvey.co.uk/id/4000000074575425,http://www.ordnancesurvey.co.uk/xml/codelists/localtype.xml#town,West Lindsey,http://data.ordnancesurvey.co.uk/id/7000000000043527,http://data.ordnancesurvey.co.uk/ontology/admingeo/District,Lincolnshire,http://data.ordnancesurvey.co.uk/id/7000000000005942,http://data.ordnancesurvey.co.uk/ontology/admingeo/County,East Midlands,http://data.ordnancesurvey.co.uk/id/7000000000041423,England,http://data.ordnancesurvey.co.uk/id/country/england,,,
DN211EZ,http://data.ordnancesurvey.co.uk/id/postcodeunit/DN211EZ,DN21 1EZ,,,,other,Postcode,481890,390534,3500,18000,,,,,,,Gainsborough,http://data.ordnancesurvey.co.uk/id/4000000074575425,http://www.ordnancesurvey.co.uk/xml/codelists/localtype.xml#town,West Lindsey,http://data.ordnancesurvey.co.uk/id/7000000000043527,http://data.ordnancesurvey.co.uk/ontology/admingeo/District,Lincolnshire,http://data.ordnancesurvey.co.uk/id/7000000000005942,http://data.ordnancesurvey.co.uk/ontology/admingeo/County,East Midlands,http://data.ordnancesurvey.co.uk/id/7000000000041423,England,http://data.ordnancesurvey.co.uk/id/country/england,,,
DN211JG,http://data.ordnancesurvey.co.uk/id/postcodeunit/DN211JG,DN21 1JG,,,,other,Postcode,481753,389348,3500,18000,,,,,,,Gainsborough,http://data.ordnancesurvey.co.uk/id/4000000074575425,http://www.ordnancesurvey.co.uk/xml/codelists/localtype.xml#town,West Lindsey,http://data.ordnancesurvey.co.uk/id/7000000000043527,http://data.ordnancesurvey.co.uk/ontology/admingeo/District,Lincolnshire,http://data.ordnancesurvey.co.uk/id/7000000000005942,http://data.ordnancesurvey.co.uk/ontology/admingeo/County,East Midlands,http://data.ordnancesurvey.co.uk/id/7000000000041423,England,http://data.ordnancesurvey.co.uk/id/country/england,,,
DN91RS,http://data.ordnancesurvey.co.uk/id/postcodeunit/DN91RS,DN9 1RS,,,,other,Postcode,481295,399933,3500,18000,,,,,,,Owston Ferry,http://data.ordnancesurvey.co.uk/id/4000000074575724,http://www.ordnancesurvey.co.uk/xml/codelists/localtype.xml#village,,,,North Lincolnshire,http://data.ordnancesurvey.co.uk/id/7000000000025623,http://data.ordnancesurvey.co.uk/ontology/admingeo/UnitaryAuthority,Yorkshire and the Humber,http://data.ordnancesurvey.co.uk/id/7000000000041430,England,http://data.ordnancesurvey.co.uk/id/country/england,,,
LN82BE,http://data.ordnancesurvey.co.uk/id/postcodeunit/LN82BE,LN8 2BE,,,,other,Postcode,498439,392623,3500,18000,,,,,,,Bishop Norton,http://data.ordnancesurvey.co.uk/id/4000000074574339,http://www.ordnancesurvey.co.uk/xml/codelists/localtype.xml#village,West Lindsey,http://data.ordnancesurvey.co.uk/id/7000000000043527,http://data.ordnancesurvey.co.uk/ontology/admingeo/District,Lincolnshire,http://data.ordnancesurvey.co.uk/id/7000000000005942,http://data.ordnancesurvey.co.uk/ontology/admingeo/County,East Midlands,http://data.ordnancesurvey.co.uk/id/7000000000041423,England,http://data.ordnancesurvey.co.uk/id/country/england,,,
DN212QT,http://data.ordnancesurvey.co.uk/id/postcodeunit/DN212QT,DN21 2QT,,,,other,Postcode,481497,390537,3500,18000,,,,,,,Gainsborough,http://data.ordnancesurvey.co.uk/id/4000000074575425,http://www.ordnancesurvey.co.uk/xml/codelists/localtype.xml#town,West Lindsey,http://data.ordnancesurvey.co.uk/id/7000000000043527,http://data.ordnancesurvey.co.uk/ontology/admingeo/District,Lincolnshire,http://data.ordnancesurvey.co.uk/id/7000000000005942,http://data.ordnancesurvey.co.uk/ontology/admingeo/County,East Midlands,http://data.ordnancesurvey.co.uk/id/7000000000041423,England,http://data.ordnancesurvey.co.uk/id/country/england,,,
DN213PH,http://data.ordnancesurvey.co.uk/id/postcodeunit/DN213PH,DN21 3PH,,,,other,Postcode,485423,394792,3500,18000,,,,,,,Blyton,http://data.ordnancesurvey.co.uk/id/4000000074575429,http://www.ordnancesurvey.co.uk/xml/codelists/localtype.xml#village,West Lindsey,http://data.ordnancesurvey.co.uk/id/7000000000043527,http://data.ordnancesurvey.co.uk/ontology/admingeo/District,Lincolnshire,http://data.ordnancesurvey.co.uk/id/7000000000005942,http://data.ordnancesurvey.co.uk/ontology/admingeo/County,East Midlands,http://data.ordnancesurvey.co.uk/id/7000000000041423,England,http://data.ordnancesurvey.co.uk/id/country/england,,,
DN212PP,http://data.ordnancesurvey.co.uk/id/postcodeunit/DN212PP,DN21 2PP,,,,other,Postcode,480915,390572,3500,18000,,,,,,,Gainsborough,http://data.ordnancesurvey.co.uk/id/4000000074575425,http://www.ordnancesurvey.co.uk/xml/codelists/localtype.xml#town,West Lindsey,http://data.ordnancesurvey.co.uk/id/7000000000043527,http://data.ordnancesurvey.co.uk/ontology/admingeo/District,Lincolnshire,http://data.ordnancesurvey.co.uk/id/7000000000005942,http://data.ordnancesurvey.co.uk/ontology/admingeo/County,East Midlands,http://data.ordnancesurvey.co.uk/id/7000000000041423,England,http://data.ordnancesurvey.co.uk/id/country/england,,,
DN211GQ,http://data.ordnancesurvey.co.uk/id/postcodeunit/DN211GQ,DN21 1GQ,,,,other,Postcode,482690,390427,3500,18000,,,,,,,Gainsborough,http://data.ordnancesurvey.co.uk/id/4000000074575425,http://www.ordnancesurvey.co.uk/xml/codelists/localtype.xml#town,West Lindsey,http://data.ordnancesurvey.co.uk/id/7000000000043527,http://data.ordnancesurvey.co.uk/ontology/admingeo/District,Lincolnshire,http://data.ordnancesurvey.co.uk/id/7000000000005942,http://data.ordnancesurvey.co.uk/ontology/admingeo/County,East Midlands,http://data.ordnancesurvey.co.uk/id/7000000000041423,England,http://data.ordnancesurvey.co.uk/id/country/england,,,
DN211ER,http://data.ordnancesurvey.co.uk/id/postcodeunit/DN211ER,DN21 1ER,,,,other,Postcode,481987,390642,3500,18000,,,,,,,Gainsborough,http://data.ordnancesurvey.co.uk/id/4000000074575425,http://www.ordnancesurvey.co.uk/xml/codelists/localtype.xml#town,West Lindsey,http://data.ordnancesurvey.co.uk/id/7000000000043527,http://data.ordnancesurvey.co.uk/ontology/admingeo/District,Lincolnshire,http://data.ordnancesurvey.co.uk/id/7000000000005942,http://data.ordnancesurvey.co.uk/ontology/admingeo/County,East Midlands,http://data.ordnancesurvey.co.uk/id/7000000000041423,England,http://data.ordnancesurvey.co.uk/id/country/england,,,
DN211PN,http://data.ordnancesurvey.co.uk/id/postcodeunit/DN211PN,DN21 1PN,,,,other,Postcode,482184,388539,3500,18000,,,,,,,Gainsborough,http://data.ordnancesurvey.co.uk/id/4000000074575425,http://www.ordnancesurvey.co.uk/xml/codelists/localtype.xml#town,West Lindsey,http://data.ordnancesurvey.co.uk/id/7000000000043527,http://data.ordnancesurvey.co.uk/ontology/admingeo/District,Lincolnshire,http://data.ordnancesurvey.co.uk/id/7000000000005942,http://data.ordnancesurvey.co.uk/ontology/admingeo/County,East Midlands,http://data.ordnancesurvey.co.uk/id/7000000000041423,England,http://data.ordnancesurvey.co.uk/id/country/england,,,
DN211EW,http://data.ordnancesurvey.co.uk/id/postcodeunit/DN211EW,DN21 1EW,,,,other,Postcode,482070,390703,3500,18000,,,,,,,Gainsborough,http://data.ordnancesurvey.co.uk/id/4000000074575425,http://www.ordnancesurvey.co.uk/xml/codelists/localtype.xml#town,West Lindsey,http://data.ordnancesurvey.co.uk/id/7000000000043527,http://data.ordnancesurvey.co.uk/ontology/admingeo/District,Lincolnshire,http://data.ordnancesurvey.co.uk/id/7000000000005942,http://data.ordnancesurvey.co.uk/ontology/admingeo/County,East Midlands,http://data.ordnancesurvey.co.uk/id/7000000000041423,England,http://data.ordnancesurvey.co.uk/id/country/england,,,
DN212UR,http://data.ordnancesurvey.co.uk/id/postcodeunit/DN212UR,DN21 2UR,,,,other,Postcode,481217,391318,3500,18000,,,,,,,Gainsborough,http://data.ordnancesurvey.co.uk/id/4000000074575425,http://www.ordnancesurvey.co.uk/xml/codelists/localtype.xml#town,West Lindsey,http://data.ordnancesurvey.co.uk/id/7000000000043527,http://data.ordnancesurvey.co.uk/ontology/admingeo/District,Lincolnshire,http://data.ordnancesurvey.co.uk/id/7000000000005942,http://data.ordnancesurvey.co.uk/ontology/admingeo/County,East Midlands,http://data.ordnancesurvey.co.uk/id/7000000000041423,England,http://data.ordnancesurvey.co.uk/id/country/england,,,
DN214AX,http://data.ordnancesurvey.co.uk/id/postcodeunit/DN214AX,DN21 4AX,,,,other,Postcode,498162,396027,3500,18000,,,,,,,Waddingham,http://data.ordnancesurvey.co.uk/id/4000000074574880,http://www.ordnancesurvey.co.uk/xml/codelists/localtype.xml#village,West Lindsey,http://data.ordnancesurvey.co.uk/id/7000000000043527,http://data.ordnancesurvey.co.uk/ontology/admingeo/District,Lincolnshire,http://data.ordnancesurvey.co.uk/id/7000000000005942,http://data.ordnancesurvey.co.uk/ontology/admingeo/County,East Midlands,http://data.ordnancesurvey.co.uk/id/7000000000041423,England,http://data.ordnancesurvey.co.uk/id/country/england,,,
DN211GU,http://data.ordnancesurvey.co.uk/id/postcodeunit/DN211GU,DN21 1GU,,,,other,Postcode,482911,390420,3500,18000,,,,,,,Gainsborough,http://data.ordnancesurvey.co.uk/id/4000000074575425,http://www.ordnancesurvey.co.uk/xml/codelists/localtype.xml#town,West Lindsey,http://data.ordnancesurvey.co.uk/id/7000000000043527,http://data.ordnancesurvey.co.uk/ontology/admingeo/District,Lincolnshire,http://data.ordnancesurvey.co.uk/id/7000000000005942,http://data.ordnancesurvey.co.uk/ontology/admingeo/County,East Midlands,http://data.ordnancesurvey.co.uk/id/7000000000041423,England,http://data.ordnancesurvey.co.uk/id/country/england,,,
DN211YW,http://data.ordnancesurvey.co.uk/id/postcodeunit/DN211YW,DN21 1YW,,,,other,Postcode,483152,388890,3500,18000,,,,,,,Gainsborough,http://data.ordnancesurvey.co.uk/id/4000000074575425,http://www.ordnancesurvey.co.uk/xml/codelists/localtype.xml#town,West Lindsey,http://data.ordnancesurvey.co.uk/id/7000000000043527,http://data.ordnancesurvey.co.uk/ontology/admingeo/District,Lincolnshire,http://data.ordnancesurvey.co.uk/id/7000000000005942,http://data.ordnancesurvey.co.uk/ontology/admingeo/County,East Midlands,http://data.ordnancesurvey.co.uk/id/7000000000041423,England,http://data.ordnancesurvey.co.uk/id/country/england,,,
DN214NL,http://data.ordnancesurvey.co.uk/id/postcodeunit/DN214NL,DN21 4NL,,,,other,Postcode,493845,398249,3500,18000,,,,,,,Kirton in Lindsey,http://data.ordnancesurvey.co.uk/id/4000000074574884,http://www.ordnancesurvey.co.uk/xml/codelists/localtype.xml#town,,,,North Lincolnshire,http://data.ordnancesurvey.co.uk/id/7000000000025623,http://data.ordnancesurvey.co.uk/ontology/admingeo/UnitaryAuthority,Yorkshire and the Humber,http://data.ordnancesurvey.co.uk/id/7000000000041430,England,http://data.ordnancesurvey.co.uk/id/country/england,,,
DN215DA,http://data.ordnancesurvey.co.uk/id/postcodeunit/DN215DA,DN21 5DA,,,,other,Postcode,494952,388181,3500,18000,,,,,,,Glentworth,http://data.ordnancesurvey.co.uk/id/4000000074574337,http://www.ordnancesurvey.co.uk/xml/codelists/localtype.xml#village,West Lindsey,http://data.ordnancesurvey.co.uk/id/7000000000043527,http://data.ordnancesurvey.co.uk/ontology/admingeo/District,Lincolnshire,http://data.ordnancesurvey.co.uk/id/7000000000005942,http://data.ordnancesurvey.co.uk/ontology/admingeo/County,East Midlands,http://data.ordnancesurvey.co.uk/id/7000000000041423,England,http://data.ordnancesurvey.co.uk/id/country/england,,,
DN215QB,http://data.ordnancesurvey.co.uk/id/postcodeunit/DN215QB,DN21 5QB,,,,other,Postcode,487472,389760,3500,18000,,,,,,,Springthorpe,http://data.ordnancesurvey.co.uk/id/4000000074575141,http://www.ordnancesurvey.co.uk/xml/codelists/localtype.xml#village,West Lindsey,http://data.ordnancesurvey.co.uk/id/7000000000043527,http://data.ordnancesurvey.co.uk/ontology/admingeo/District,Lincolnshire,http://data.ordnancesurvey.co.uk/id/7000000000005942,http://data.ordnancesurvey.co.uk/ontology/admingeo/County,East Midlands,http://data.ordnancesurvey.co.uk/id/7000000000041423,England,http://data.ordnancesurvey.co.uk/id/country/england,,,
DN215FF,http://data.ordnancesurvey.co.uk/id/postcodeunit/DN215FF,DN21 5FF,,,,other,Postcode,486769,387053,3500,18000,,,,,,,Upton,http://data.ordnancesurvey.co.uk/id/4000000074578003,http://www.ordnancesurvey.co.uk/xml/codelists/localtype.xml#village,West Lindsey,http://data.ordnancesurvey.co.uk/id/7000000000043527,http://data.ordnancesurvey.co.uk/ontology/admingeo/District,Lincolnshire,http://data.ordnancesurvey.co.uk/id/7000000000005942,http://data.ordnancesurvey.co.uk/ontology/admingeo/County,East Midlands,http://data.ordnancesurvey.co.uk/id/7000000000041423,England,http://data.ordnancesurvey.co.uk/id/country/england,,,
DN211LB,http://data.ordnancesurvey.co.uk/id/postcodeunit/DN211LB,DN21 1LB,,,,other,Postcode,481699,388878,3500,18000,,,,,,,Gainsborough,http://data.ordnancesurvey.co.uk/id/4000000074575425,http://www.ordnancesurvey.co.uk/xml/codelists/localtype.xml#town,West Lindsey,http://data.ordnancesurvey.co.uk/id/7000000000043527,http://data.ordnancesurvey.co.uk/ontology/admingeo/District,Lincolnshire,http://data.ordnancesurvey.co.uk/id/7000000000005942,http://data.ordnancesurvey.co.uk/ontology/admingeo/County,East Midlands,http://data.ordnancesurvey.co.uk/id/7000000000041423,England,http://data.ordnancesurvey.co.uk/id/country/england,,,
DN212LN,http://data.ordnancesurvey.co.uk/id/postcodeunit/DN212LN,DN21 2LN,,,,other,Postcode,481395,390246,3500,18000,,,,,,,Gainsborough,http://data.ordnancesurvey.co.uk/id/4000000074575425,http://www.ordnancesurvey.co.uk/xml/codelists/localtype.xml#town,West Lindsey,http://data.ordnancesurvey.co.uk/id/7000000000043527,http://data.ordnancesurvey.co.uk/ontology/admingeo/District,Lincolnshire,http://data.ordnancesurvey.co.uk/id/7000000000005942,http://data.ordnancesurvey.co.uk/ontology/admingeo/County,East Midlands,http://data.ordnancesurvey.co.uk/id/7000000000041423,England,http://data.ordnancesurvey.co.uk/id/country/england,,,
DN214BY,http://data.ordnancesurvey.co.uk/id/postcodeunit/DN214BY,DN21 4BY,,,,other,Postcode,493256,398765,3500,18000,,,,,,,Kirton in Lindsey,http://data.ordnancesurvey.co.uk/id/4000000074574884,http://www.ordnancesurvey.co.uk/xml/codelists/localtype.xml#town,,,,North Lincolnshire,http://data.ordnancesurvey.co.uk/id/7000000000025623,http://data.ordnancesurvey.co.uk/ontology/admingeo/UnitaryAuthority,Yorkshire and the Humber,http://data.ordnancesurvey.co.uk/id/7000000000041430,England,http://data.ordnancesurvey.co.uk/id/country/england,,,
DN212DZ,http://data.ordnancesurvey.co.uk/id/postcodeunit/DN212DZ,DN21 2DZ,,,,other,Postcode,481537,389634,3500,18000,,,,,,,Gainsborough,http://data.ordnancesurvey.co.uk/id/4000000074575425,http://www.ordnancesurvey.co.uk/xml/codelists/localtype.xml#town,West Lindsey,http://data.ordnancesurvey.co.uk/id/7000000000043527,http://data.ordnancesurvey.co.uk/ontology/admingeo/District,Lincolnshire,http://data.ordnancesurvey.co.uk/id/7000000000005942,http://data.ordnancesurvey.co.uk/ontology/admingeo/County,East Midlands,http://data.ordnancesurvey.co.uk/id/7000000000041423,England,http://data.ordnancesurvey.co.uk/id/country/england,,,
DN211LP,http://data.ordnancesurvey.co.uk/id/postcodeunit/DN211LP,DN21 1LP,,,,other,Postcode,481465,389321,3500,18000,,,,,,,Gainsborough,http://data.ordnancesurvey.co.uk/id/4000000074575425,http://www.ordnancesurvey.co.uk/xml/codelists/localtype.xml#town,West Lindsey,http://data.ordnancesurvey.co.uk/id/7000000000043527,http://data.ordnancesurvey.co.uk/ontology/admingeo/District,Lincolnshire,http://data.ordnancesurvey.co.uk/id/7000000000005942,http://data.ordnancesurvey.co.uk/ontology/admingeo/County,East Midlands,http://data.ordnancesurvey.co.uk/id/7000000000041423,England,http://data.ordnancesurvey.co.uk/id/country/england,,,
DN213BZ,http://data.ordnancesurvey.co.uk/id/postcodeunit/DN213BZ,DN21 3BZ,,,,other,Postcode,480642,392227,3500,18000,,,,,,,Gainsborough,http://data.ordnancesurvey.co.uk/id/4000000074575425,http://www.ordnancesurvey.co.uk/xml/codelists/localtype.xml#town,West Lindsey,http://data.ordnancesurvey.co.uk/id/7000000000043527,http://data.ordnancesurvey.co.uk/ontology/admingeo/District,Lincolnshire,http://data.ordnancesurvey.co.uk/id/7000000000005942,http://data.ordnancesurvey.co.uk/ontology/admingeo/County,East Midlands,http://data.ordnancesurvey.co.uk/id/7000000000041423,England,http://data.ordnancesurvey.co.uk/id/country/england,,,
DN213BQ,http://data.ordnancesurvey.co.uk/id/postcodeunit/DN213BQ,DN21 3BQ,,,,other,Postcode,480655,391426,3500,18000,,,,,,,Gainsborough,http://data.ordnancesurvey.co.uk/id/4000000074575425,http://www.ordnancesurvey.co.uk/xml/codelists/localtype.xml#town,West Lindsey,http://data.ordnancesurvey.co.uk/id/7000000000043527,http://data.ordnancesurvey.co.uk/ontology/admingeo/District,Lincolnshire,http://data.ordnancesurvey.co.uk/id/7000000000005942,http://data.ordnancesurvey.co.uk/ontology/admingeo/County,East Midlands,http://data.ordnancesurvey.co.uk/id/7000000000041423,England,http://data.ordnancesurvey.co.uk/id/country/england,,,
DN211GF,http://data.ordnancesurvey.co.uk/id/postcodeunit/DN211GF,DN21 1GF,,,,other,Postcode,482910,390273,3500,18000,,,,,,,Gainsborough,http://data.ordnancesurvey.co.uk/id/4000000074575425,http://www.ordnancesurvey.co.uk/xml/codelists/localtype.xml#town,West Lindsey,http://data.ordnancesurvey.co.uk/id/7000000000043527,http://data.ordnancesurvey.co.uk/ontology/admingeo/District,Lincolnshire,http://data.ordnancesurvey.co.uk/id/7000000000005942,http://data.ordnancesurvey.co.uk/ontology/admingeo/County,East Midlands,http://data.ordnancesurvey.co.uk/id/7000000000041423,England,http://data.ordnancesurvey.co.uk/id/country/england,,,
DN212JF,http://data.ordnancesurvey.co.uk/id/postcodeunit/DN212JF,DN21 2JF,,,,other,Postcode,481693,390198,3500,18000,,,,,,,Gainsborough,http://data.ordnancesurvey.co.uk/id/4000000074575425,http://www.ordnancesurvey.co.uk/xml/codelists/localtype.xml#town,West Lindsey,http://data.ordnancesurvey.co.uk/id/7000000000043527,http://data.ordnancesurvey.co.uk/ontology/admingeo/District,Lincolnshire,http://data.ordnancesurvey.co.uk/id/7000000000005942,http://data.ordnancesurvey.co.uk/ontology/admingeo/County,East Midlands,http://data.ordnancesurvey.co.uk/id/7000000000041423,England,http://data.ordnancesurvey.co.uk/id/country/england,,,
DN211BG,http://data.ordnancesurvey.co.uk/id/postcodeunit/DN211BG,DN21 1BG,,,,other,Postcode,481803,389425,3500,18000,,,,,,,Gainsborough,http://data.ordnancesurvey.co.uk/id/4000000074575425,http://www.ordnancesurvey.co.uk/xml/codelists/localtype.xml#town,West Lindsey,http://data.ordnancesurvey.co.uk/id/7000000000043527,http://data.ordnancesurvey.co.uk/ontology/admingeo/District,Lincolnshire,http://data.ordnancesurvey.co.uk/id/7000000000005942,http://data.ordnancesurvey.co.uk/ontology/admingeo/County,East Midlands,http://data.ordnancesurvey.co.uk/id/7000000000041423,England,http://data.ordnancesurvey.co.uk/id/country/england,,,
DN211PQ,http://data.ordnancesurvey.co.uk/id/postcodeunit/DN211PQ,DN21 1PQ,,,,other,Postcode,482574,388900,3500,18000,,,,,,,Gainsborough,http://data.ordnancesurvey.co.uk/id/4000000074575425,http://www.ordnancesurvey.co.uk/xml/codelists/localtype.xml#town,West Lindsey,http://data.ordnancesurvey.co.uk/id/7000000000043527,http://data.ordnancesurvey.co.uk/ontology/admingeo/District,Lincolnshire,http://data.ordnancesurvey.co.uk/id/7000000000005942,http://data.ordnancesurvey.co.uk/ontology/admingeo/County,East Midlands,http://data.ordnancesurvey.co.uk/id/7000000000041423,England,http://data.ordnancesurvey.co.uk/id/country/england,,,
DN211NX,http://data.ordnancesurvey.co.uk/id/postcodeunit/DN211NX,DN21 1NX,,,,other,Postcode,482517,388996,3500,18000,,,,,,,Gainsborough,http://data.ordnancesurvey.co.uk/id/4000000074575425,http://www.ordnancesurvey.co.uk/xml/codelists/localtype.xml#town,West Lindsey,http://data.ordnancesurvey.co.uk/id/7000000000043527,http://data.ordnancesurvey.co.uk/ontology/admingeo/District,Lincolnshire,http://data.ordnancesurvey.co.uk/id/7000000000005942,http://data.ordnancesurvey.co.uk/ontology/admingeo/County,East Midlands,http://data.ordnancesurvey.co.uk/id/7000000000041423,England,http://data.ordnancesurvey.co.uk/id/country/england,,,
DN211BE,http://data.ordnancesurvey.co.uk/id/postcodeunit/DN211BE,DN21 1BE,,,,other,Postcode,481768,389469,3500,18000,,,,,,,Gainsborough,http://data.ordnancesurvey.co.uk/id/4000000074575425,http://www.ordnancesurvey.co.uk/xml/codelists/localtype.xml#town,West Lindsey,http://data.ordnancesurvey.co.uk/id/7000000000043527,http://data.ordnancesurvey.co.uk/ontology/admingeo/District,Lincolnshire,http://data.ordnancesurvey.co.uk/id/7000000000005942,http://data.ordnancesurvey.co.uk/ontology/admingeo/County,East Midlands,http://data.ordnancesurvey.co.uk/id/7000000000041423,England,http://data.ordnancesurvey.co.uk/id/country/england,,,
DN212PU,http://data.ordnancesurvey.co.uk/id/postcodeunit/DN212PU,DN21 2PU,,,,other,Postcode,480861,390514,3500,18000,,,,,,,Gainsborough,http://data.ordnancesurvey.co.uk/id/4000000074575425,http://www.ordnancesurvey.co.uk/xml/codelists/localtype.xml#town,West Lindsey,http://data.ordnancesurvey.co.uk/id/7000000000043527,http://data.ordnancesurvey.co.uk/ontology/admingeo/District,Lincolnshire,http://data.ordnancesurvey.co.uk/id/7000000000005942,http://data.ordnancesurvey.co.uk/ontology/admingeo/County,East Midlands,http://data.ordnancesurvey.co.uk/id/7000000000041423,England,http://data.ordnancesurvey.co.uk/id/country/england,,,
DN215FH,http://data.ordnancesurvey.co.uk/id/postcodeunit/DN215FH,DN21 5FH,,,,other,Postcode,483037,386506,3500,18000,,,,,,,Lea,http://data.ordnancesurvey.co.uk/id/4000000074578253,http://www.ordnancesurvey.co.uk/xml/codelists/localtype.xml#village,West Lindsey,http://data.ordnancesurvey.co.uk/id/7000000000043527,http://data.ordnancesurvey.co.uk/ontology/admingeo/District,Lincolnshire,http://data.ordnancesurvey.co.uk/id/7000000000005942,http://data.ordnancesurvey.co.uk/ontology/admingeo/County,East Midlands,http://data.ordnancesurvey.co.uk/id/7000000000041423,England,http://data.ordnancesurvey.co.uk/id/country/england,,,
LN12BL,http://data.ordnancesurvey.co.uk/id/postcodeunit/LN12BL,LN1 2BL,,,,other,Postcode,489084,380924,3500,18000,,,,,,,Sturton by Stow,http://data.ordnancesurvey.co.uk/id/4000000074574600,http://www.ordnancesurvey.co.uk/xml/codelists/localtype.xml#village,West Lindsey,http://data.ordnancesurvey.co.uk/id/7000000000043527,http://data.ordnancesurvey.co.uk/ontology/admingeo/District,Lincolnshire,http://data.ordnancesurvey.co.uk/id/7000000000005942,http://data.ordnancesurvey.co.uk/ontology/admingeo/County,East Midlands,http://data.ordnancesurvey.co.uk/id/7000000000041423,England,http://data.ordnancesurvey.co.uk/id/country/england,,,
DN215AH,http://data.ordnancesurvey.co.uk/id/postcodeunit/DN215AH,DN21 5AH,,,,other,Postcode,484004,381879,3500,18000,,,,,,,Marton,http://data.ordnancesurvey.co.uk/id/4000000074577537,http://www.ordnancesurvey.co.uk/xml/codelists/localtype.xml#village,West Lindsey,http://data.ordnancesurvey.co.uk/id/7000000000043527,http://data.ordnancesurvey.co.uk/ontology/admingeo/District,Lincolnshire,http://data.ordnancesurvey.co.uk/id/7000000000005942,http://data.ordnancesurvey.co.uk/ontology/admingeo/County,East Midlands,http://data.ordnancesurvey.co.uk/id/7000000000041423,England,http://data.ordnancesurvey.co.uk/id/country/england,,,
LN12FZ,http://data.ordnancesurvey.co.uk/id/postcodeunit/LN12FZ,LN1 2FZ,,,,other,Postcode,488890,381427,3500,18000,,,,,,,Sturton by Stow,http://data.ordnancesurvey.co.uk/id/4000000074574600,http://www.ordnancesurvey.co.uk/xml/codelists/localtype.xml#village,West Lindsey,http://data.ordnancesurvey.co.uk/id/7000000000043527,http://data.ordnancesurvey.co.uk/ontology/admingeo/District,Lincolnshire,http://data.ordnancesurvey.co.uk/id/7000000000005942,http://data.ordnancesurvey.co.uk/ontology/admingeo/County,East Midlands,http://data.ordnancesurvey.co.uk/id/7000000000041423,England,http://data.ordnancesurvey.co.uk/id/country/england,,,
DN213LG,http://data.ordnancesurvey.co.uk/id/postcodeunit/DN213LG,DN21 3LG,,,,other,Postcode,485699,395225,3500,18000,,,,,,,Blyton,http://data.ordnancesurvey.co.uk/id/4000000074575429,http://www.ordnancesurvey.co.uk/xml/codelists/localtype.xml#village,West Lindsey,http://data.ordnancesurvey.co.uk/id/7000000000043527,http://data.ordnancesurvey.co.uk/ontology/admingeo/District,Lincolnshire,http://data.ordnancesurvey.co.uk/id/7000000000005942,http://data.ordnancesurvey.co.uk/ontology/admingeo/County,East Midlands,http://data.ordnancesurvey.co.uk/id/7000000000041423,England,http://data.ordnancesurvey.co.uk/id/country/england,,,
DN212TA,http://data.ordnancesurvey.co.uk/id/postcodeunit/DN212TA,DN21 2TA,,,,other,Postcode,481248,391101,3500,18000,,,,,,,Gainsborough,http://data.ordnancesurvey.co.uk/id/4000000074575425,http://www.ordnancesurvey.co.uk/xml/codelists/localtype.xml#town,West Lindsey,http://data.ordnancesurvey.co.uk/id/7000000000043527,http://data.ordnancesurvey.co.uk/ontology/admingeo/District,Lincolnshire,http://data.ordnancesurvey.co.uk/id/7000000000005942,http://data.ordnancesurvey.co.uk/ontology/admingeo/County,East Midlands,http://data.ordnancesurvey.co.uk/id/7000000000041423,England,http://data.ordnancesurvey.co.uk/id/country/england,,,
DN213AR,http://data.ordnancesurvey.co.uk/id/postcodeunit/DN213AR,DN21 3AR,,,,other,Postcode,480866,391695,3500,18000,,,,,,,Gainsborough,http://data.ordnancesurvey.co.uk/id/4000000074575425,http://www.ordnancesurvey.co.uk/xml/codelists/localtype.xml#town,West Lindsey,http://data.ordnancesurvey.co.uk/id/7000000000043527,http://data.ordnancesurvey.co.uk/ontology/admingeo/District,Lincolnshire,http://data.ordnancesurvey.co.uk/id/7000000000005942,http://data.ordnancesurvey.co.uk/ontology/admingeo/County,East Midlands,http://data.ordnancesurvey.co.uk/id/7000000000041423,England,http://data.ordnancesurvey.co.uk/id/country/england,,,
DN214TX,http://data.ordnancesurvey.co.uk/id/postcodeunit/DN214TX,DN21 4TX,,,,other,Postcode,498531,394774,3500,18000,,,,,,,Snitterby,http://data.ordnancesurvey.co.uk/id/4000000074574606,http://www.ordnancesurvey.co.uk/xml/codelists/localtype.xml#village,West Lindsey,http://data.ordnancesurvey.co.uk/id/7000000000043527,http://data.ordnancesurvey.co.uk/ontology/admingeo/District,Lincolnshire,http://data.ordnancesurvey.co.uk/id/7000000000005942,http://data.ordnancesurvey.co.uk/ontology/admingeo/County,East Midlands,http://data.ordnancesurvey.co.uk/id/7000000000041423,England,http://data.ordnancesurvey.co.uk/id/country/england,,,
DN211SS,http://data.ordnancesurvey.co.uk/id/postcodeunit/DN211SS,DN21 1SS,,,,other,Postcode,482873,389677,3500,18000,,,,,,,Gainsborough,http://data.ordnancesurvey.co.uk/id/4000000074575425,http://www.ordnancesurvey.co.uk/xml/codelists/localtype.xml#town,West Lindsey,http://data.ordnancesurvey.co.uk/id/7000000000043527,http://data.ordnancesurvey.co.uk/ontology/admingeo/District,Lincolnshire,http://data.ordnancesurvey.co.uk/id/7000000000005942,http://data.ordnancesurvey.co.uk/ontology/admingeo/County,East Midlands,http://data.ordnancesurvey.co.uk/id/7000000000041423,England,http://data.ordnancesurvey.co.uk/id/country/england,,,
DN212TG,http://data.ordnancesurvey.co.uk/id/postcodeunit/DN212TG,DN21 2TG,,,,other,Postcode,480736,391182,3500,18000,,,,,,,Gainsborough,http://data.ordnancesurvey.co.uk/id/4000000074575425,http://www.ordnancesurvey.co.uk/xml/codelists/localtype.xml#town,West Lindsey,http://data.ordnancesurvey.co.uk/id/7000000000043527,http://data.ordnancesurvey.co.uk/ontology/admingeo/District,Lincolnshire,http://data.ordnancesurvey.co.uk/id/7000000000005942,http://data.ordnancesurvey.co.uk/ontology/admingeo/County,East Midlands,http://data.ordnancesurvey.co.uk/id/7000000000041423,England,http://data.ordnancesurvey.co.uk/id/country/england,,,
LN12YB,http://data.ordnancesurvey.co.uk/id/postcodeunit/LN12YB,LN1 2YB,,,,other,Postcode,494186,383576,3500,18000,,,,,,,Ingham,http://data.ordnancesurvey.co.uk/id/4000000074574875,http://www.ordnancesurvey.co.uk/xml/codelists/localtype.xml#village,West Lindsey,http://data.ordnancesurvey.co.uk/id/7000000000043527,http://data.ordnancesurvey.co.uk/ontology/admingeo/District,Lincolnshire,http://data.ordnancesurvey.co.uk/id/7000000000005942,http://data.ordnancesurvey.co.uk/ontology/admingeo/County,East Midlands,http://data.ordnancesurvey.co.uk/id/7000000000041423,England,http://data.ordnancesurvey.co.uk/id/country/england,,,
DN214SH,http://data.ordnancesurvey.co.uk/id/postcodeunit/DN214SH,DN21 4SH,,,,other,Postcode,498266,396020,3500,18000,,,,,,,Waddingham,http://data.ordnancesurvey.co.uk/id/4000000074574880,http://www.ordnancesurvey.co.uk/xml/codelists/localtype.xml#village,West Lindsey,http://data.ordnancesurvey.co.uk/id/7000000000043527,http://data.ordnancesurvey.co.uk/ontology/admingeo/District,Lincolnshire,http://data.ordnancesurvey.co.uk/id/7000000000005942,http://data.ordnancesurvey.co.uk/ontology/admingeo/County,East Midlands,http://data.ordnancesurvey.co.uk/id/7000000000041423,England,http://data.ordnancesurvey.co.uk/id/country/england,,,
DN214TT,http://data.ordnancesurvey.co.uk/id/postcodeunit/DN214TT,DN21 4TT,,,,other,Postcode,498633,394706,3500,18000,,,,,,,Snitterby,http://data.ordnancesurvey.co.uk/id/4000000074574606,http://www.ordnancesurvey.co.uk/xml/codelists/localtype.xml#village,West Lindsey,http://data.ordnancesurvey.co.uk/id/7000000000043527,http://data.ordnancesurvey.co.uk/ontology/admingeo/District,Lincolnshire,http://data.ordnancesurvey.co.uk/id/7000000000005942,http://data.ordnancesurvey.co.uk/ontology/admingeo/County,East Midlands,http://data.ordnancesurvey.co.uk/id/7000000000041423,England,http://data.ordnancesurvey.co.uk/id/country/england,,,
DN211UN,http://data.ordnancesurvey.co.uk/id/postcodeunit/DN211UN,DN21 1UN,,,,other,Postcode,482453,389297,3500,18000,,,,,,,Gainsborough,http://data.ordnancesurvey.co.uk/id/4000000074575425,http://www.ordnancesurvey.co.uk/xml/codelists/localtype.xml#town,West Lindsey,http://data.ordnancesurvey.co.uk/id/7000000000043527,http://data.ordnancesurvey.co.uk/ontology/admingeo/District,Lincolnshire,http://data.ordnancesurvey.co.uk/id/7000000000005942,http://data.ordnancesurvey.co.uk/ontology/admingeo/County,East Midlands,http://data.ordnancesurvey.co.uk/id/7000000000041423,England,http://data.ordnancesurvey.co.uk/id/country/england,,,
LN12FE,http://data.ordnancesurvey.co.uk/id/postcodeunit/LN12FE,LN1 2FE,,,,other,Postcode,488816,381349,3500,18000,,,,,,,Sturton by Stow,http://data.ordnancesurvey.co.uk/id/4000000074574600,http://www.ordnancesurvey.co.uk/xml/codelists/localtype.xml#village,West Lindsey,http://data.ordnancesurvey.co.uk/id/7000000000043527,http://data.ordnancesurvey.co.uk/ontology/admingeo/District,Lincolnshire,http://data.ordnancesurvey.co.uk/id/7000000000005942,http://data.ordnancesurvey.co.uk/ontology/admingeo/County,East Midlands,http://data.ordnancesurvey.co.uk/id/7000000000041423,England,http://data.ordnancesurvey.co.uk/id/country/england,,,
DN214TR,http://data.ordnancesurvey.co.uk/id/postcodeunit/DN214TR,DN21 4TR,,,,other,Postcode,498436,394707,3500,18000,,,,,,,Snitterby,http://data.ordnancesurvey.co.uk/id/4000000074574606,http://www.ordnancesurvey.co.uk/xml/codelists/localtype.xml#village,West Lindsey,http://data.ordnancesurvey.co.uk/id/7000000000043527,http://data.ordnancesurvey.co.uk/ontology/admingeo/District,Lincolnshire,http://data.ordnancesurvey.co.uk/id/7000000000005942,http://data.ordnancesurvey.co.uk/ontology/admingeo/County,East Midlands,http://data.ordnancesurvey.co.uk/id/7000000000041423,England,http://data.ordnancesurvey.co.uk/id/country/england,,,
DN211XR,http://data.ordnancesurvey.co.uk/id/postcodeunit/DN211XR,DN21 1XR,,,,other,Postcode,482222,389740,3500,18000,,,,,,,Gainsborough,http://data.ordnancesurvey.co.uk/id/4000000074575425,http://www.ordnancesurvey.co.uk/xml/codelists/localtype.xml#town,West Lindsey,http://data.ordnancesurvey.co.uk/id/7000000000043527,http://data.ordnancesurvey.co.uk/ontology/admingeo/District,Lincolnshire,http://data.ordnancesurvey.co.uk/id/7000000000005942,http://data.ordnancesurvey.co.uk/ontology/admingeo/County,East Midlands,http://data.ordnancesurvey.co.uk/id/7000000000041423,England,http://data.ordnancesurvey.co.uk/id/country/england,,,
DN212SA,http://data.ordnancesurvey.co.uk/id/postcodeunit/DN212SA,DN21 2SA,,,,other,Postcode,481153,390808,3500,18000,,,,,,,Gainsborough,http://data.ordnancesurvey.co.uk/id/4000000074575425,http://www.ordnancesurvey.co.uk/xml/codelists/localtype.xml#town,West Lindsey,http://data.ordnancesurvey.co.uk/id/7000000000043527,http://data.ordnancesurvey.co.uk/ontology/admingeo/District,Lincolnshire,http://data.ordnancesurvey.co.uk/id/7000000000005942,http://data.ordnancesurvey.co.uk/ontology/admingeo/County,East Midlands,http://data.ordnancesurvey.co.uk/id/7000000000041423,England,http://data.ordnancesurvey.co.uk/id/country/england,,,
DN219SB,http://data.ordnancesurvey.co.uk/id/postcodeunit/DN219SB,DN21 9SB,,,,other,Postcode,481685,389904,3500,18000,,,,,,,Gainsborough,http://data.ordnancesurvey.co.uk/id/4000000074575425,http://www.ordnancesurvey.co.uk/xml/codelists/localtype.xml#town,West Lindsey,http://data.ordnancesurvey.co.uk/id/7000000000043527,http://data.ordnancesurvey.co.uk/ontology/admingeo/District,Lincolnshire,http://data.ordnancesurvey.co.uk/id/7000000000005942,http://data.ordnancesurvey.co.uk/ontology/admingeo/County,East Midlands,http://data.ordnancesurvey.co.uk/id/7000000000041423,England,http://data.ordnancesurvey.co.uk/id/country/england,,,
DN213AW,http://data.ordnancesurvey.co.uk/id/postcodeunit/DN213AW,DN21 3AW,,,,other,Postcode,480800,391648,3500,18000,,,,,,,Gainsborough,http://data.ordnancesurvey.co.uk/id/4000000074575425,http://www.ordnancesurvey.co.uk/xml/codelists/localtype.xml#town,West Lindsey,http://data.ordnancesurvey.co.uk/id/7000000000043527,http://data.ordnancesurvey.co.uk/ontology/admingeo/District,Lincolnshire,http://data.ordnancesurvey.co.uk/id/7000000000005942,http://data.ordnancesurvey.co.uk/ontology/admingeo/County,East Midlands,http://data.ordnancesurvey.co.uk/id/7000000000041423,England,http://data.ordnancesurvey.co.uk/id/country/england,,,
DN211XH,http://data.ordnancesurvey.co.uk/id/postcodeunit/DN211XH,DN21 1XH,,,,other,Postcode,482098,389515,3500,18000,,,,,,,Gainsborough,http://data.ordnancesurvey.co.uk/id/4000000074575425,http://www.ordnancesurvey.co.uk/xml/codelists/localtype.xml#town,West Lindsey,http://data.ordnancesurvey.co.uk/id/7000000000043527,http://data.ordnancesurvey.co.uk/ontology/admingeo/District,Lincolnshire,http://data.ordnancesurvey.co.uk/id/7000000000005942,http://data.ordnancesurvey.co.uk/ontology/admingeo/County,East Midlands,http://data.ordnancesurvey.co.uk/id/7000000000041423,England,http://data.ordnancesurvey.co.uk/id/country/england,,,
DN215XL,http://data.ordnancesurvey.co.uk/id/postcodeunit/DN215XL,DN21 5XL,,,,other,Postcode,495064,389686,3500,18000,,,,,,,Hemswell Cliff,http://data.ordnancesurvey.co.uk/id/4000000074574338,http://www.ordnancesurvey.co.uk/xml/codelists/localtype.xml#village,West Lindsey,http://data.ordnancesurvey.co.uk/id/7000000000043527,http://data.ordnancesurvey.co.uk/ontology/admingeo/District,Lincolnshire,http://data.ordnancesurvey.co.uk/id/7000000000005942,http://data.ordnancesurvey.co.uk/ontology/admingeo/County,East Midlands,http://data.ordnancesurvey.co.uk/id/7000000000041423,England,http://data.ordnancesurvey.co.uk/id/country/england,,,
LN12AE,http://data.ordnancesurvey.co.uk/id/postcodeunit/LN12AE,LN1 2AE,,,,other,Postcode,488991,380632,3500,18000,,,,,,,Sturton by Stow,http://data.ordnancesurvey.co.uk/id/4000000074574600,http://www.ordnancesurvey.co.uk/xml/codelists/localtype.xml#village,West Lindsey,http://data.ordnancesurvey.co.uk/id/7000000000043527,http://data.ordnancesurvey.co.uk/ontology/admingeo/District,Lincolnshire,http://data.ordnancesurvey.co.uk/id/7000000000005942,http://data.ordnancesurvey.co.uk/ontology/admingeo/County,East Midlands,http://data.ordnancesurvey.co.uk/id/7000000000041423,England,http://data.ordnancesurvey.co.uk/id/country/england,,,
DN211WR,http://data.ordnancesurvey.co.uk/id/postcodeunit/DN211WR,DN21 1WR,,,,other,Postcode,482347,389120,3500,18000,,,,,,,Gainsborough,http://data.ordnancesurvey.co.uk/id/4000000074575425,http://www.ordnancesurvey.co.uk/xml/codelists/localtype.xml#town,West Lindsey,http://data.ordnancesurvey.co.uk/id/7000000000043527,http://data.ordnancesurvey.co.uk/ontology/admingeo/District,Lincolnshire,http://data.ordnancesurvey.co.uk/id/7000000000005942,http://data.ordnancesurvey.co.uk/ontology/admingeo/County,East Midlands,http://data.ordnancesurvey.co.uk/id/7000000000041423,England,http://data.ordnancesurvey.co.uk/id/country/england,,,
osgb4000000015658545,http://data.ordnancesurvey.co.uk/id/4000000015658545,West Cross Street,,,,transportNetwork,Named Road,493576,398361,1000,20000,493539,398311,493590,398448,DN21,http://data.ordnancesurvey.co.uk/id/postcodedistrict/DN21,Kirton in Lindsey,http://data.ordnancesurvey.co.uk/id/4000000074574884,http://www.ordnancesurvey.co.uk/xml/codelists/localtype.xml#town,,,,North Lincolnshire,http://data.ordnancesurvey.co.uk/id/7000000000025623,http://data.ordnancesurvey.co.uk/ontology/admingeo/UnitaryAuthority,Yorkshire and the Humber,http://data.ordnancesurvey.co.uk/id/7000000000041430,England,http://data.ordnancesurvey.co.uk/id/country/england,,,
osgb4000000015896485,http://data.ordnancesurvey.co.uk/id/4000000015896485,Meadow Court,,,,transportNetwork,Named Road,493525,396328,1000,20000,493474,396328,493525,396330,DN21,http://data.ordnancesurvey.co.uk/id/postcodedistrict/DN21,Grayingham,http://data.ordnancesurvey.co.uk/id/4000000074574883,http://www.ordnancesurvey.co.uk/xml/codelists/localtype.xml#village,West Lindsey,http://data.ordnancesurvey.co.uk/id/7000000000043527,http://data.ordnancesurvey.co.uk/ontology/admingeo/District,Lincolnshire,http://data.ordnancesurvey.co.uk/id/7000000000005942,http://data.ordnancesurvey.co.uk/ontology/admingeo/County,East Midlands,http://data.ordnancesurvey.co.uk/id/7000000000041423,England,http://data.ordnancesurvey.co.uk/id/country/england,,,
osgb5000005256492251,http://data.ordnancesurvey.co.uk/id/5000005256492251,The Orchard,,,,transportNetwork,Named Road,487311,384436,1000,20000,487276,384424,487348,384437,DN21,http://data.ordnancesurvey.co.uk/id/postcodedistrict/DN21,Willingham by Stow,http://data.ordnancesurvey.co.uk/id/4000000074575139,http://www.ordnancesurvey.co.uk/xml/codelists/localtype.xml#village,West Lindsey,http://data.ordnancesurvey.co.uk/id/7000000000043527,http://data.ordnancesurvey.co.uk/ontology/admingeo/District,Lincolnshire,http://data.ordnancesurvey.co.uk/id/7000000000005942,http://data.ordnancesurvey.co.uk/ontology/admingeo/County,East Midlands,http://data.ordnancesurvey.co.uk/id/7000000000041423,England,http://data.ordnancesurvey.co.uk/id/country/england,,,
osgb5000005336859727,http://data.ordnancesurvey.co.uk/id/5000005336859727,Sir Thomas Burgh Road,,,,transportNetwork,Named Road,483164,390717,1000,20000,483098,390675,483255,390728,DN21,http://data.ordnancesurvey.co.uk/id/postcodedistrict/DN21,Gainsborough,http://data.ordnancesurvey.co.uk/id/4000000074575425,http://www.ordnancesurvey.co.uk/xml/codelists/localtype.xml#town,West Lindsey,http://data.ordnancesurvey.co.uk/id/7000000000043527,http://data.ordnancesurvey.co.uk/ontology/admingeo/District,Lincolnshire,http://data.ordnancesurvey.co.uk/id/7000000000005942,http://data.ordnancesurvey.co.uk/ontology/admingeo/County,East Midlands,http://data.ordnancesurvey.co.uk/id/7000000000041423,England,http://data.ordnancesurvey.co.uk/id/country/england,,,
osgb4000000015658558,http://data.ordnancesurvey.co.uk/id/4000000015658558,March Street,,,,transportNetwork,Named Road,493505,398662,1000,20000,493443,398561,493562,398763,DN21,http://data.ordnancesurvey.co.uk/id/postcodedistrict/DN21,Kirton in Lindsey,http://data.ordnancesurvey.co.uk/id/4000000074574884,http://www.ordnancesurvey.co.uk/xml/codelists/localtype.xml#town,,,,North Lincolnshire,http://data.ordnancesurvey.co.uk/id/7000000000025623,http://data.ordnancesurvey.co.uk/ontology/admingeo/UnitaryAuthority,Yorkshire and the Humber,http://data.ordnancesurvey.co.uk/id/7000000000041430,England,http://data.ordnancesurvey.co.uk/id/country/england,,,
651b3a15-1ca6-421f-981e-63ea5a819725,http://data.ordnancesurvey.co.uk/id/651b3a15-1ca6-421f-981e-63ea5a819725,Lincoln Road,,,,transportNetwork,Section Of Named Road,494865,383126,5000,25000,494816,382781,494918,383475,LN1,http://data.ordnancesurvey.co.uk/id/postcodedistrict/LN1,Ingham,http://data.ordnancesurvey.co.uk/id/4000000074574875,http://www.ordnancesurvey.co.uk/xml/codelists/localtype.xml#village,West Lindsey,http://data.ordnancesurvey.co.uk/id/7000000000043527,http://data.ordnancesurvey.co.uk/ontology/admingeo/District,Lincolnshire,http://data.ordnancesurvey.co.uk/id/7000000000005942,http://data.ordnancesurvey.co.uk/ontology/admingeo/County,East Midlands,http://data.ordnancesurvey.co.uk/id/7000000000041423,England,http://data.ordnancesurvey.co.uk/id/country/england,osgb4000000015634006,,
osgb4000000015658496,http://data.ordnancesurvey.co.uk/id/4000000015658496,Bradway,,,,transportNetwork,Named Road,489181,380391,1000,20000,489109,380382,489250,380480,LN1,http://data.ordnancesurvey.co.uk/id/postcodedistrict/LN1,Sturton by Stow,http://data.ordnancesurvey.co.uk/id/4000000074574600,http://www.ordnancesurvey.co.uk/xml/codelists/localtype.xml#village,West Lindsey,http://data.ordnancesurvey.co.uk/id/7000000000043527,http://data.ordnancesurvey.co.uk/ontology/admingeo/District,Lincolnshire,http://data.ordnancesurvey.co.uk/id/7000000000005942,http://data.ordnancesurvey.co.uk/ontology/admingeo/County,East Midlands,http://data.ordnancesurvey.co.uk/id/7000000000041423,England,http://data.ordnancesurvey.co.uk/id/country/england,,,
ac65a7da-57bd-4030-8d0b-43a73d069fd5,http://data.ordnancesurvey.co.uk/id/ac65a7da-57bd-4030-8d0b-43a73d069fd5,Sturton Road,,,,transportNetwork,Section Of Named Road,488289,381831,2000,25000,488231,381699,488321,381949,LN1,http://data.ordnancesurvey.co.uk/id/postcodedistrict/LN1,Stow,http://data.ordnancesurvey.co.uk/id/4000000074574878,http://www.ordnancesurvey.co.uk/xml/codelists/localtype.xml#village,West Lindsey,http://data.ordnancesurvey.co.uk/id/7000000000043527,http://data.ordnancesurvey.co.uk/ontology/admingeo/District,Lincolnshire,http://data.ordnancesurvey.co.uk/id/7000000000005942,http://data.ordnancesurvey.co.uk/ontology/admingeo/County,East Midlands,http://data.ordnancesurvey.co.uk/id/7000000000041423,England,http://data.ordnancesurvey.co.uk/id/country/england,osgb4000000015634000,,
osgb4000000015657032,http://data.ordnancesurvey.co.uk/id/4000000015657032,The Paddock,,,,transportNetwork,Named Road,484057,381958,1000,20000,483988,381950,484104,381958,DN21,http://data.ordnancesurvey.co.uk/id/postcodedistrict/DN21,Marton,http://data.ordnancesurvey.co.uk/id/4000000074577537,http://www.ordnancesurvey.co.uk/xml/codelists/localtype.xml#village,West Lindsey,http://data.ordnancesurvey.co.uk/id/7000000000043527,http://data.ordnancesurvey.co.uk/ontology/admingeo/District,Lincolnshire,http://data.ordnancesurvey.co.uk/id/7000000000005942,http://data.ordnancesurvey.co.uk/ontology/admingeo/County,East Midlands,http://data.ordnancesurvey.co.uk/id/7000000000041423,England,http://data.ordnancesurvey.co.uk/id/country/england,,,
osgb4000000015682477,http://data.ordnancesurvey.co.uk/id/4000000015682477,Lowfield Close,,,,transportNetwork,Named Road,493399,398127,1000,20000,493389,398079,493423,398158,DN21,http://data.ordnancesurvey.co.uk/id/postcodedistrict/DN21,Kirton in Lindsey,http://data.ordnancesurvey.co.uk/id/4000000074574884,http://www.ordnancesurvey.co.uk/xml/codelists/localtype.xml#town,,,,North Lincolnshire,http://data.ordnancesurvey.co.uk/id/7000000000025623,http://data.ordnancesurvey.co.uk/ontology/admingeo/UnitaryAuthority,Yorkshire and the Humber,http://data.ordnancesurvey.co.uk/id/7000000000041430,England,http://data.ordnancesurvey.co.uk/id/country/england,,,
DN215AW,http://data.ordnancesurvey.co.uk/id/postcodeunit/DN215AW,DN21 5AW,,,,other,Postcode,484113,381243,3500,18000,,,,,,,Marton,http://data.ordnancesurvey.co.uk/id/4000000074577537,http://www.ordnancesurvey.co.uk/xml/codelists/localtype.xml#village,West Lindsey,http://data.ordnancesurvey.co.uk/id/7000000000043527,http://data.ordnancesurvey.co.uk/ontology/admingeo/District,Lincolnshire,http://data.ordnancesurvey.co.uk/id/7000000000005942,http://data.ordnancesurvey.co.uk/ontology/admingeo/County,East Midlands,http://data.ordnancesurvey.co.uk/id/7000000000041423,England,http://data.ordnancesurvey.co.uk/id/country/england,,,
DN211RR,http://data.ordnancesurvey.co.uk/id/postcodeunit/DN211RR,DN21 1RR,,,,other,Postcode,482626,389987,3500,18000,,,,,,,Gainsborough,http://data.ordnancesurvey.co.uk/id/4000000074575425,http://www.ordnancesurvey.co.uk/xml/codelists/localtype.xml#town,West Lindsey,http://data.ordnancesurvey.co.uk/id/7000000000043527,http://data.ordnancesurvey.co.uk/ontology/admingeo/District,Lincolnshire,http://data.ordnancesurvey.co.uk/id/7000000000005942,http://data.ordnancesurvey.co.uk/ontology/admingeo/County,East Midlands,http://data.ordnancesurvey.co.uk/id/7000000000041423,England,http://data.ordnancesurvey.co.uk/id/country/england,,,
DN213HH,http://data.ordnancesurvey.co.uk/id/postcodeunit/DN213HH,DN21 3HH,,,,other,Postcode,485619,389703,3500,18000,,,,,,,Somerby,http://data.ordnancesurvey.co.uk/id/4000000074815187,http://www.ordnancesurvey.co.uk/xml/codelists/localtype.xml#otherSettlement,West Lindsey,http://data.ordnancesurvey.co.uk/id/7000000000043527,http://data.ordnancesurvey.co.uk/ontology/admingeo/District,Lincolnshire,http://data.ordnancesurvey.co.uk/id/7000000000005942,http://data.ordnancesurvey.co.uk/ontology/admingeo/County,East Midlands,http://data.ordnancesurvey.co.uk/id/7000000000041423,England,http://data.ordnancesurvey.co.uk/id/country/england,,,
DN211LA,http://data.ordnancesurvey.co.uk/id/postcodeunit/DN211LA,DN21 1LA,,,,other,Postcode,481648,388971,3500,18000,,,,,,,Gainsborough,http://data.ordnancesurvey.co.uk/id/4000000074575425,http://www.ordnancesurvey.co.uk/xml/codelists/localtype.xml#town,West Lindsey,http://data.ordnancesurvey.co.uk/id/7000000000043527,http://data.ordnancesurvey.co.uk/ontology/admingeo/District,Lincolnshire,http://data.ordnancesurvey.co.uk/id/7000000000005942,http://data.ordnancesurvey.co.uk/ontology/admingeo/County,East Midlands,http://data.ordnancesurvey.co.uk/id/7000000000041423,England,http://data.ordnancesurvey.co.uk/id/country/england,,,
LN82FS,http://data.ordnancesurvey.co.uk/id/postcodeunit/LN82FS,LN8 2FS,,,,other,Postcode,499978,388185,3500,18000,,,,,,,Normanby-by-Spital,http://data.ordnancesurvey.co.uk/id/4000000074550240,http://www.ordnancesurvey.co.uk/xml/codelists/localtype.xml#village,West Lindsey,http://data.ordnancesurvey.co.uk/id/7000000000043527,http://data.ordnancesurvey.co.uk/ontology/admingeo/District,Lincolnshire,http://data.ordnancesurvey.co.uk/id/7000000000005942,http://data.ordnancesurvey.co.uk/ontology/admingeo/County,East Midlands,http://data.ordnancesurvey.co.uk/id/7000000000041423,England,http://data.ordnancesurvey.co.uk/id/country/england,,,
DN215ND,http://data.ordnancesurvey.co.uk/id/postcodeunit/DN215ND,DN21 5ND,,,,other,Postcode,487145,385780,3500,18000,,,,,,,Kexby,http://data.ordnancesurvey.co.uk/id/4000000074577769,http://www.ordnancesurvey.co.uk/xml/codelists/localtype.xml#village,West Lindsey,http://data.ordnancesurvey.co.uk/id/7000000000043527,http://data.ordnancesurvey.co.uk/ontology/admingeo/District,Lincolnshire,http://data.ordnancesurvey.co.uk/id/7000000000005942,http://data.ordnancesurvey.co.uk/ontology/admingeo/County,East Midlands,http://data.ordnancesurvey.co.uk/id/7000000000041423,England,http://data.ordnancesurvey.co.uk/id/country/england,,,
DN212FG,http://data.ordnancesurvey.co.uk/id/postcodeunit/DN212FG,DN21 2FG,,,,other,Postcode,480781,390423,3500,18000,,,,,,,Gainsborough,http://data.ordnancesurvey.co.uk/id/4000000074575425,http://www.ordnancesurvey.co.uk/xml/codelists/localtype.xml#town,West Lindsey,http://data.ordnancesurvey.co.uk/id/7000000000043527,http://data.ordnancesurvey.co.uk/ontology/admingeo/District,Lincolnshire,http://data.ordnancesurvey.co.uk/id/7000000000005942,http://data.ordnancesurvey.co.uk/ontology/admingeo/County,East Midlands,http://data.ordnancesurvey.co.uk/id/7000000000041423,England,http://data.ordnancesurvey.co.uk/id/country/england,,,
LN12YR,http://data.ordnancesurvey.co.uk/id/postcodeunit/LN12YR,LN1 2YR,,,,other,Postcode,494762,383382,3500,18000,,,,,,,Ingham,http://data.ordnancesurvey.co.uk/id/4000000074574875,http://www.ordnancesurvey.co.uk/xml/codelists/localtype.xml#village,West Lindsey,http://data.ordnancesurvey.co.uk/id/7000000000043527,http://data.ordnancesurvey.co.uk/ontology/admingeo/District,Lincolnshire,http://data.ordnancesurvey.co.uk/id/7000000000005942,http://data.ordnancesurvey.co.uk/ontology/admingeo/County,East Midlands,http://data.ordnancesurvey.co.uk/id/7000000000041423,England,http://data.ordnancesurvey.co.uk/id/country/england,,,
LN12BA,http://data.ordnancesurvey.co.uk/id/postcodeunit/LN12BA,LN1 2BA,,,,other,Postcode,488953,380939,3500,18000,,,,,,,Sturton by Stow,http://data.ordnancesurvey.co.uk/id/4000000074574600,http://www.ordnancesurvey.co.uk/xml/codelists/localtype.xml#village,West Lindsey,http://data.ordnancesurvey.co.uk/id/7000000000043527,http://data.ordnancesurvey.co.uk/ontology/admingeo/District,Lincolnshire,http://data.ordnancesurvey.co.uk/id/7000000000005942,http://data.ordnancesurvey.co.uk/ontology/admingeo/County,East Midlands,http://data.ordnancesurvey.co.uk/id/7000000000041423,England,http://data.ordnancesurvey.co.uk/id/country/england,,,
DN211FJ,http://data.ordnancesurvey.co.uk/id/postcodeunit/DN211FJ,DN21 1FJ,,,,other,Postcode,483496,389066,3500,18000,,,,,,,Gainsborough,http://data.ordnancesurvey.co.uk/id/4000000074575425,http://www.ordnancesurvey.co.uk/xml/codelists/localtype.xml#town,West Lindsey,http://data.ordnancesurvey.co.uk/id/7000000000043527,http://data.ordnancesurvey.co.uk/ontology/admingeo/District,Lincolnshire,http://data.ordnancesurvey.co.uk/id/7000000000005942,http://data.ordnancesurvey.co.uk/ontology/admingeo/County,East Midlands,http://data.ordnancesurvey.co.uk/id/7000000000041423,England,http://data.ordnancesurvey.co.uk/id/country/england,,,
DN213QZ,http://data.ordnancesurvey.co.uk/id/postcodeunit/DN213QZ,DN21 3QZ,,,,other,Postcode,488933,398908,3500,18000,,,,,,,Scotton,http://data.ordnancesurvey.co.uk/id/4000000074575140,http://www.ordnancesurvey.co.uk/xml/codelists/localtype.xml#village,West Lindsey,http://data.ordnancesurvey.co.uk/id/7000000000043527,http://data.ordnancesurvey.co.uk/ontology/admingeo/District,Lincolnshire,http://data.ordnancesurvey.co.uk/id/7000000000005942,http://data.ordnancesurvey.co.uk/ontology/admingeo/County,East Midlands,http://data.ordnancesurvey.co.uk/id/7000000000041423,England,http://data.ordnancesurvey.co.uk/id/country/england,,,
DN214PX,http://data.ordnancesurvey.co.uk/id/postcodeunit/DN214PX,DN21 4PX,,,,other,Postcode,494699,397942,3500,18000,,,,,,,Kirton in Lindsey,http://data.ordnancesurvey.co.uk/id/4000000074574884,http://www.ordnancesurvey.co.uk/xml/codelists/localtype.xml#town,,,,North Lincolnshire,http://data.ordnancesurvey.co.uk/id/7000000000025623,http://data.ordnancesurvey.co.uk/ontology/admingeo/UnitaryAuthority,Yorkshire and the Humber,http://data.ordnancesurvey.co.uk/id/7000000000041430,England,http://data.ordnancesurvey.co.uk/id/country/england,,,
LN12YQ,http://data.ordnancesurvey.co.uk/id/postcodeunit/LN12YQ,LN1 2YQ,,,,other,Postcode,495802,383349,3500,18000,,,,,,,Ingham Cliff,http://data.ordnancesurvey.co.uk/id/4000000074574874,http://www.ordnancesurvey.co.uk/xml/codelists/localtype.xml#hamlet,West Lindsey,http://data.ordnancesurvey.co.uk/id/7000000000043527,http://data.ordnancesurvey.co.uk/ontology/admingeo/District,Lincolnshire,http://data.ordnancesurvey.co.uk/id/7000000000005942,http://data.ordnancesurvey.co.uk/ontology/admingeo/County,East Midlands,http://data.ordnancesurvey.co.uk/id/7000000000041423,England,http://data.ordnancesurvey.co.uk/id/country/england,,,
DN212HN,http://data.ordnancesurvey.co.uk/id/postcodeunit/DN212HN,DN21 2HN,,,,other,Postcode,481582,390118,3500,18000,,,,,,,Gainsborough,http://data.ordnancesurvey.co.uk/id/4000000074575425,http://www.ordnancesurvey.co.uk/xml/codelists/localtype.xml#town,West Lindsey,http://data.ordnancesurvey.co.uk/id/7000000000043527,http://data.ordnancesurvey.co.uk/ontology/admingeo/District,Lincolnshire,http://data.ordnancesurvey.co.uk/id/7000000000005942,http://data.ordnancesurvey.co.uk/ontology/admingeo/County,East Midlands,http://data.ordnancesurvey.co.uk/id/7000000000041423,England,http://data.ordnancesurvey.co.uk/id/country/england,,,
DN214ET,http://data.ordnancesurvey.co.uk/id/postcodeunit/DN214ET,DN21 4ET,,,,other,Postcode,493574,396213,3500,18000,,,,,,,Grayingham,http://data.ordnancesurvey.co.uk/id/4000000074574883,http://www.ordnancesurvey.co.uk/xml/codelists/localtype.xml#village,West Lindsey,http://data.ordnancesurvey.co.uk/id/7000000000043527,http://data.ordnancesurvey.co.uk/ontology/admingeo/District,Lincolnshire,http://data.ordnancesurvey.co.uk/id/7000000000005942,http://data.ordnancesurvey.co.uk/ontology/admingeo/County,East Midlands,http://data.ordnancesurvey.co.uk/id/7000000000041423,England,http://data.ordnancesurvey.co.uk/id/country/england,,,
da6f68a6-30c8-45fa-bb7e-ef875ea5573e,http://data.ordnancesurvey.co.uk/id/da6f68a6-30c8-45fa-bb7e-ef875ea5573e,Clay Lane,,,,transportNetwork,Section Of Named Road,483860,382601,1000,25000,483773,382576,483938,382613,DN21,http://data.ordnancesurvey.co.uk/id/postcodedistrict/DN21,Gate Burton,http://data.ordnancesurvey.co.uk/id/4000000074577539,http://www.ordnancesurvey.co.uk/xml/codelists/localtype.xml#hamlet,West Lindsey,http://data.ordnancesurvey.co.uk/id/7000000000043527,http://data.ordnancesurvey.co.uk/ontology/admingeo/District,Lincolnshire,http://data.ordnancesurvey.co.uk/id/7000000000005942,http://data.ordnancesurvey.co.uk/ontology/admingeo/County,East Midlands,http://data.ordnancesurvey.co.uk/id/7000000000041423,England,http://data.ordnancesurvey.co.uk/id/country/england,osgb4000000015629625,,
osgb4000000015657713,http://data.ordnancesurvey.co.uk/id/4000000015657713,Orchard Close,,,,transportNetwork,Named Road,480883,392067,1000,20000,480864,391995,480933,392143,DN21,http://data.ordnancesurvey.co.uk/id/postcodedistrict/DN21,Gainsborough,http://data.ordnancesurvey.co.uk/id/4000000074575425,http://www.ordnancesurvey.co.uk/xml/codelists/localtype.xml#town,West Lindsey,http://data.ordnancesurvey.co.uk/id/7000000000043527,http://data.ordnancesurvey.co.uk/ontology/admingeo/District,Lincolnshire,http://data.ordnancesurvey.co.uk/id/7000000000005942,http://data.ordnancesurvey.co.uk/ontology/admingeo/County,East Midlands,http://data.ordnancesurvey.co.uk/id/7000000000041423,England,http://data.ordnancesurvey.co.uk/id/country/england,,,
osgb4000000015674472,http://data.ordnancesurvey.co.uk/id/4000000015674472,Church Lodge,,,,transportNetwork,Named Road,488270,382019,1000,20000,488243,382014,488295,382039,LN1,http://data.ordnancesurvey.co.uk/id/postcodedistrict/LN1,Stow,http://data.ordnancesurvey.co.uk/id/4000000074574878,http://www.ordnancesurvey.co.uk/xml/codelists/localtype.xml#village,West Lindsey,http://data.ordnancesurvey.co.uk/id/7000000000043527,http://data.ordnancesurvey.co.uk/ontology/admingeo/District,Lincolnshire,http://data.ordnancesurvey.co.uk/id/7000000000005942,http://data.ordnancesurvey.co.uk/ontology/admingeo/County,East Midlands,http://data.ordnancesurvey.co.uk/id/7000000000041423,England,http://data.ordnancesurvey.co.uk/id/country/england,,,
DN214DT,http://data.ordnancesurvey.co.uk/id/postcodeunit/DN214DT,DN21 4DT,,,,other,Postcode,493628,398419,3500,18000,,,,,,,Kirton in Lindsey,http://data.ordnancesurvey.co.uk/id/4000000074574884,http://www.ordnancesurvey.co.uk/xml/codelists/localtype.xml#town,,,,North Lincolnshire,http://data.ordnancesurvey.co.uk/id/7000000000025623,http://data.ordnancesurvey.co.uk/ontology/admingeo/UnitaryAuthority,Yorkshire and the Humber,http://data.ordnancesurvey.co.uk/id/7000000000041430,England,http://data.ordnancesurvey.co.uk/id/country/england,,,
osgb4000000015633785,http://data.ordnancesurvey.co.uk/id/4000000015633785,Upton Road,,,,transportNetwork,Named Road,487027,386044,4000,20000,486946,385746,487121,386340,DN21,http://data.ordnancesurvey.co.uk/id/postcodedistrict/DN21,Kexby,http://data.ordnancesurvey.co.uk/id/4000000074577769,http://www.ordnancesurvey.co.uk/xml/codelists/localtype.xml#village,West Lindsey,http://data.ordnancesurvey.co.uk/id/7000000000043527,http://data.ordnancesurvey.co.uk/ontology/admingeo/District,Lincolnshire,http://data.ordnancesurvey.co.uk/id/7000000000005942,http://data.ordnancesurvey.co.uk/ontology/admingeo/County,East Midlands,http://data.ordnancesurvey.co.uk/id/7000000000041423,England,http://data.ordnancesurvey.co.uk/id/country/england,,,
osgb4000000015642455,http://data.ordnancesurvey.co.uk/id/4000000015642455,East Lane,,,,transportNetwork,Named Road,487290,391589,2000,20000,487138,391577,487424,391595,DN21,http://data.ordnancesurvey.co.uk/id/postcodedistrict/DN21,Corringham,http://data.ordnancesurvey.co.uk/id/4000000074575143,http://www.ordnancesurvey.co.uk/xml/codelists/localtype.xml#village,West Lindsey,http://data.ordnancesurvey.co.uk/id/7000000000043527,http://data.ordnancesurvey.co.uk/ontology/admingeo/District,Lincolnshire,http://data.ordnancesurvey.co.uk/id/7000000000005942,http://data.ordnancesurvey.co.uk/ontology/admingeo/County,East Midlands,http://data.ordnancesurvey.co.uk/id/7000000000041423,England,http://data.ordnancesurvey.co.uk/id/country/england,,,
osgb4000000015673607,http://data.ordnancesurvey.co.uk/id/4000000015673607,Saracen Close,,,,transportNetwork,Named Road,482554,388950,1000,20000,482539,388909,482556,388980,DN21,http://data.ordnancesurvey.co.uk/id/postcodedistrict/DN21,Gainsborough,http://data.ordnancesurvey.co.uk/id/4000000074575425,http://www.ordnancesurvey.co.uk/xml/codelists/localtype.xml#town,West Lindsey,http://data.ordnancesurvey.co.uk/id/7000000000043527,http://data.ordnancesurvey.co.uk/ontology/admingeo/District,Lincolnshire,http://data.ordnancesurvey.co.uk/id/7000000000005942,http://data.ordnancesurvey.co.uk/ontology/admingeo/County,East Midlands,http://data.ordnancesurvey.co.uk/id/7000000000041423,England,http://data.ordnancesurvey.co.uk/id/country/england,,,
osgb4000000016037272,http://data.ordnancesurvey.co.uk/id/4000000016037272,Margaret Close,,,,transportNetwork,Named Road,481120,391234,1000,20000,481120,391199,481166,391259,DN21,http://data.ordnancesurvey.co.uk/id/postcodedistrict/DN21,Gainsborough,http://data.ordnancesurvey.co.uk/id/4000000074575425,http://www.ordnancesurvey.co.uk/xml/codelists/localtype.xml#town,West Lindsey,http://data.ordnancesurvey.co.uk/id/7000000000043527,http://data.ordnancesurvey.co.uk/ontology/admingeo/District,Lincolnshire,http://data.ordnancesurvey.co.uk/id/7000000000005942,http://data.ordnancesurvey.co.uk/ontology/admingeo/County,East Midlands,http://data.ordnancesurvey.co.uk/id/7000000000041423,England,http://data.ordnancesurvey.co.uk/id/country/england,,,
osgb4000000067707214,http://data.ordnancesurvey.co.uk/id/4000000067707214,South Parade,,,,transportNetwork,Named Road,482657,389384,1000,20000,482645,389367,482668,389400,DN21,http://data.ordnancesurvey.co.uk/id/postcodedistrict/DN21,Gainsborough,http://data.ordnancesurvey.co.uk/id/4000000074575425,http://www.ordnancesurvey.co.uk/xml/codelists/localtype.xml#town,West Lindsey,http://data.ordnancesurvey.co.uk/id/7000000000043527,http://data.ordnancesurvey.co.uk/ontology/admingeo/District,Lincolnshire,http://data.ordnancesurvey.co.uk/id/7000000000005942,http://data.ordnancesurvey.co.uk/ontology/admingeo/County,East Midlands,http://data.ordnancesurvey.co.uk/id/7000000000041423,England,http://data.ordnancesurvey.co.uk/id/country/england,,,
LN12DT,http://data.ordnancesurvey.co.uk/id/postcodeunit/LN12DT,LN1 2DT,,,,other,Postcode,489232,380361,3500,18000,,,,,,,Sturton by Stow,http://data.ordnancesurvey.co.uk/id/4000000074574600,http://www.ordnancesurvey.co.uk/xml/codelists/localtype.xml#village,West Lindsey,http://data.ordnancesurvey.co.uk/id/7000000000043527,http://data.ordnancesurvey.co.uk/ontology/admingeo/District,Lincolnshire,http://data.ordnancesurvey.co.uk/id/7000000000005942,http://data.ordnancesurvey.co.uk/ontology/admingeo/County,East Midlands,http://data.ordnancesurvey.co.uk/id/7000000000041423,England,http://data.ordnancesurvey.co.uk/id/country/england,,,
DN215JT,http://data.ordnancesurvey.co.uk/id/postcodeunit/DN215JT,DN21 5JT,,,,other,Postcode,487733,384711,3500,18000,,,,,,,Willingham by Stow,http://data.ordnancesurvey.co.uk/id/4000000074575139,http://www.ordnancesurvey.co.uk/xml/codelists/localtype.xml#village,West Lindsey,http://data.ordnancesurvey.co.uk/id/7000000000043527,http://data.ordnancesurvey.co.uk/ontology/admingeo/District,Lincolnshire,http://data.ordnancesurvey.co.uk/id/7000000000005942,http://data.ordnancesurvey.co.uk/ontology/admingeo/County,East Midlands,http://data.ordnancesurvey.co.uk/id/7000000000041423,England,http://data.ordnancesurvey.co.uk/id/country/england,,,
DN211JF,http://data.ordnancesurvey.co.uk/id/postcodeunit/DN211JF,DN21 1JF,,,,other,Postcode,481722,389267,3500,18000,,,,,,,Gainsborough,http://data.ordnancesurvey.co.uk/id/4000000074575425,http://www.ordnancesurvey.co.uk/xml/codelists/localtype.xml#town,West Lindsey,http://data.ordnancesurvey.co.uk/id/7000000000043527,http://data.ordnancesurvey.co.uk/ontology/admingeo/District,Lincolnshire,http://data.ordnancesurvey.co.uk/id/7000000000005942,http://data.ordnancesurvey.co.uk/ontology/admingeo/County,East Midlands,http://data.ordnancesurvey.co.uk/id/7000000000041423,England,http://data.ordnancesurvey.co.uk/id/country/england,,,
LN12DD,http://data.ordnancesurvey.co.uk/id/postcodeunit/LN12DD,LN1 2DD,,,,other,Postcode,488109,381881,3500,18000,,,,,,,Stow,http://data.ordnancesurvey.co.uk/id/4000000074574878,http://www.ordnancesurvey.co.uk/xml/codelists/localtype.xml#village,West Lindsey,http://data.ordnancesurvey.co.uk/id/7000000000043527,http://data.ordnancesurvey.co.uk/ontology/admingeo/District,Lincolnshire,http://data.ordnancesurvey.co.uk/id/7000000000005942,http://data.ordnancesurvey.co.uk/ontology/admingeo/County,East Midlands,http://data.ordnancesurvey.co.uk/id/7000000000041423,England,http://data.ordnancesurvey.co.uk/id/country/england,,,
LN23PG,http://data.ordnancesurvey.co.uk/id/postcodeunit/LN23PG,LN2 3PG,,,,other,Postcode,499776,382534,3500,18000,,,,,,,Hackthorn,http://data.ordnancesurvey.co.uk/id/4000000074574879,http://www.ordnancesurvey.co.uk/xml/codelists/localtype.xml#village,West Lindsey,http://data.ordnancesurvey.co.uk/id/7000000000043527,http://data.ordnancesurvey.co.uk/ontology/admingeo/District,Lincolnshire,http://data.ordnancesurvey.co.uk/id/7000000000005942,http://data.ordnancesurvey.co.uk/ontology/admingeo/County,East Midlands,http://data.ordnancesurvey.co.uk/id/7000000000041423,England,http://data.ordnancesurvey.co.uk/id/country/england,,,
DN211GD,http://data.ordnancesurvey.co.uk/id/postcodeunit/DN211GD,DN21 1GD,,,,other,Postcode,483286,389415,3500,18000,,,,,,,Gainsborough,http://data.ordnancesurvey.co.uk/id/4000000074575425,http://www.ordnancesurvey.co.uk/xml/codelists/localtype.xml#town,West Lindsey,http://data.ordnancesurvey.co.uk/id/7000000000043527,http://data.ordnancesurvey.co.uk/ontology/admingeo/District,Lincolnshire,http://data.ordnancesurvey.co.uk/id/7000000000005942,http://data.ordnancesurvey.co.uk/ontology/admingeo/County,East Midlands,http://data.ordnancesurvey.co.uk/id/7000000000041423,England,http://data.ordnancesurvey.co.uk/id/country/england,,,
DN211GB,http://data.ordnancesurvey.co.uk/id/postcodeunit/DN211GB,DN21 1GB,,,,other,Postcode,482675,389063,3500,18000,,,,,,,Gainsborough,http://data.ordnancesurvey.co.uk/id/4000000074575425,http://www.ordnancesurvey.co.uk/xml/codelists/localtype.xml#town,West Lindsey,http://data.ordnancesurvey.co.uk/id/7000000000043527,http://data.ordnancesurvey.co.uk/ontology/admingeo/District,Lincolnshire,http://data.ordnancesurvey.co.uk/id/7000000000005942,http://data.ordnancesurvey.co.uk/ontology/admingeo/County,East Midlands,http://data.ordnancesurvey.co.uk/id/7000000000041423,England,http://data.ordnancesurvey.co.uk/id/country/england,,,
DN214RD,http://data.ordnancesurvey.co.uk/id/postcodeunit/DN214RD,DN21 4RD,,,,other,Postcode,493386,398111,3500,18000,,,,,,,Kirton in Lindsey,http://data.ordnancesurvey.co.uk/id/4000000074574884,http://www.ordnancesurvey.co.uk/xml/codelists/localtype.xml#town,,,,North Lincolnshire,http://data.ordnancesurvey.co.uk/id/7000000000025623,http://data.ordnancesurvey.co.uk/ontology/admingeo/UnitaryAuthority,Yorkshire and the Humber,http://data.ordnancesurvey.co.uk/id/7000000000041430,England,http://data.ordnancesurvey.co.uk/id/country/england,,,
DN214SN,http://data.ordnancesurvey.co.uk/id/postcodeunit/DN214SN,DN21 4SN,,,,other,Postcode,498128,396074,3500,18000,,,,,,,Waddingham,http://data.ordnancesurvey.co.uk/id/4000000074574880,http://www.ordnancesurvey.co.uk/xml/codelists/localtype.xml#village,West Lindsey,http://data.ordnancesurvey.co.uk/id/7000000000043527,http://data.ordnancesurvey.co.uk/ontology/admingeo/District,Lincolnshire,http://data.ordnancesurvey.co.uk/id/7000000000005942,http://data.ordnancesurvey.co.uk/ontology/admingeo/County,East Midlands,http://data.ordnancesurvey.co.uk/id/7000000000041423,England,http://data.ordnancesurvey.co.uk/id/country/england,,,
DN215JF,http://data.ordnancesurvey.co.uk/id/postcodeunit/DN215JF,DN21 5JF,,,,other,Postcode,487212,386034,3500,18000,,,,,,,Kexby,http://data.ordnancesurvey.co.uk/id/4000000074577769,http://www.ordnancesurvey.co.uk/xml/codelists/localtype.xml#village,West Lindsey,http://data.ordnancesurvey.co.uk/id/7000000000043527,http://data.ordnancesurvey.co.uk/ontology/admingeo/District,Lincolnshire,http://data.ordnancesurvey.co.uk/id/7000000000005942,http://data.ordnancesurvey.co.uk/ontology/admingeo/County,East Midlands,http://data.ordnancesurvey.co.uk/id/7000000000041423,England,http://data.ordnancesurvey.co.uk/id/country/england,,,
osgb4000000015673654,http://data.ordnancesurvey.co.uk/id/4000000015673654,Fieldside,,,,transportNetwork,Named Road,485190,394548,1000,20000,485155,394519,485210,394596,DN21,http://data.ordnancesurvey.co.uk/id/postcodedistrict/DN21,Blyton,http://data.ordnancesurvey.co.uk/id/4000000074575429,http://www.ordnancesurvey.co.uk/xml/codelists/localtype.xml#village,West Lindsey,http://data.ordnancesurvey.co.uk/id/7000000000043527,http://data.ordnancesurvey.co.uk/ontology/admingeo/District,Lincolnshire,http://data.ordnancesurvey.co.uk/id/7000000000005942,http://data.ordnancesurvey.co.uk/ontology/admingeo/County,East Midlands,http://data.ordnancesurvey.co.uk/id/7000000000041423,England,http://data.ordnancesurvey.co.uk/id/country/england,,,
osgb5000005234791912,http://data.ordnancesurvey.co.uk/id/5000005234791912,Swale Drive,,,,transportNetwork,Named Road,482807,390700,1000,20000,482746,390676,482861,390719,DN21,http://data.ordnancesurvey.co.uk/id/postcodedistrict/DN21,Gainsborough,http://data.ordnancesurvey.co.uk/id/4000000074575425,http://www.ordnancesurvey.co.uk/xml/codelists/localtype.xml#town,West Lindsey,http://data.ordnancesurvey.co.uk/id/7000000000043527,http://data.ordnancesurvey.co.uk/ontology/admingeo/District,Lincolnshire,http://data.ordnancesurvey.co.uk/id/7000000000005942,http://data.ordnancesurvey.co.uk/ontology/admingeo/County,East Midlands,http://data.ordnancesurvey.co.uk/id/7000000000041423,England,http://data.ordnancesurvey.co.uk/id/country/england,,,
osgb4000000015642464,http://data.ordnancesurvey.co.uk/id/4000000015642464,East Ferry Road,,,,transportNetwork,Named Road,480852,397941,2000,20000,480843,397778,480865,398082,DN21,http://data.ordnancesurvey.co.uk/id/postcodedistrict/DN21,Wildsworth,http://data.ordnancesurvey.co.uk/id/4000000074576002,http://www.ordnancesurvey.co.uk/xml/codelists/localtype.xml#hamlet,West Lindsey,http://data.ordnancesurvey.co.uk/id/7000000000043527,http://data.ordnancesurvey.co.uk/ontology/admingeo/District,Lincolnshire,http://data.ordnancesurvey.co.uk/id/7000000000005942,http://data.ordnancesurvey.co.uk/ontology/admingeo/County,East Midlands,http://data.ordnancesurvey.co.uk/id/7000000000041423,England,http://data.ordnancesurvey.co.uk/id/country/england,,,
osgb5000005125623897,http://data.ordnancesurvey.co.uk/id/5000005125623897,Lindrick Drive,,,,transportNetwork,Named Road,482217,391223,1000,20000,482129,391161,482297,391248,DN21,http://data.ordnancesurvey.co.uk/id/postcodedistrict/DN21,Gainsborough,http://data.ordnancesurvey.co.uk/id/4000000074575425,http://www.ordnancesurvey.co.uk/xml/codelists/localtype.xml#town,West Lindsey,http://data.ordnancesurvey.co.uk/id/7000000000043527,http://data.ordnancesurvey.co.uk/ontology/admingeo/District,Lincolnshire,http://data.ordnancesurvey.co.uk/id/7000000000005942,http://data.ordnancesurvey.co.uk/ontology/admingeo/County,East Midlands,http://data.ordnancesurvey.co.uk/id/7000000000041423,England,http://data.ordnancesurvey.co.uk/id/country/england,,,
osgb4000000015709566,http://data.ordnancesurvey.co.uk/id/4000000015709566,Eliot Close,,,,transportNetwork,Named Road,482635,389039,1000,20000,482588,389027,482680,389046,DN21,http://data.ordnancesurvey.co.uk/id/postcodedistrict/DN21,Gainsborough,http://data.ordnancesurvey.co.uk/id/4000000074575425,http://www.ordnancesurvey.co.uk/xml/codelists/localtype.xml#town,West Lindsey,http://data.ordnancesurvey.co.uk/id/7000000000043527,http://data.ordnancesurvey.co.uk/ontology/admingeo/District,Lincolnshire,http://data.ordnancesurvey.co.uk/id/7000000000005942,http://data.ordnancesurvey.co.uk/ontology/admingeo/County,East Midlands,http://data.ordnancesurvey.co.uk/id/7000000000041423,England,http://data.ordnancesurvey.co.uk/id/country/england,,,
osgb4000000015642425,http://data.ordnancesurvey.co.uk/id/4000000015642425,Nelson Street,,,,transportNetwork,Named Road,481275,390678,2000,20000,481257,390517,481296,390813,DN21,http://data.ordnancesurvey.co.uk/id/postcodedistrict/DN21,Gainsborough,http://data.ordnancesurvey.co.uk/id/4000000074575425,http://www.ordnancesurvey.co.uk/xml/codelists/localtype.xml#town,West Lindsey,http://data.ordnancesurvey.co.uk/id/7000000000043527,http://data.ordnancesurvey.co.uk/ontology/admingeo/District,Lincolnshire,http://data.ordnancesurvey.co.uk/id/7000000000005942,http://data.ordnancesurvey.co.uk/ontology/admingeo/County,East Midlands,http://data.ordnancesurvey.co.uk/id/7000000000041423,England,http://data.ordnancesurvey.co.uk/id/country/england,,,
osgb4000000015674474,http://data.ordnancesurvey.co.uk/id/4000000015674474,South Drive,,,,transportNetwork,Named Road,488439,381937,1000,20000,488383,381920,488468,381971,LN1,http://data.ordnancesurvey.co.uk/id/postcodedistrict/LN1,Stow,http://data.ordnancesurvey.co.uk/id/4000000074574878,http://www.ordnancesurvey.co.uk/xml/codelists/localtype.xml#village,West Lindsey,http://data.ordnancesurvey.co.uk/id/7000000000043527,http://data.ordnancesurvey.co.uk/ontology/admingeo/District,Lincolnshire,http://data.ordnancesurvey.co.uk/id/7000000000005942,http://data.ordnancesurvey.co.uk/ontology/admingeo/County,East Midlands,http://data.ordnancesurvey.co.uk/id/7000000000041423,England,http://data.ordnancesurvey.co.uk/id/country/england,,,
osgb4000000015629889,http://data.ordnancesurvey.co.uk/id/4000000015629889,High Street,,,,transportNetwork,Named Road,498211,396121,2000,20000,498092,396035,498323,396190,DN21,http://data.ordnancesurvey.co.uk/id/postcodedistrict/DN21,Waddingham,http://data.ordnancesurvey.co.uk/id/4000000074574880,http://www.ordnancesurvey.co.uk/xml/codelists/localtype.xml#village,West Lindsey,http://data.ordnancesurvey.co.uk/id/7000000000043527,http://data.ordnancesurvey.co.uk/ontology/admingeo/District,Lincolnshire,http://data.ordnancesurvey.co.uk/id/7000000000005942,http://data.ordnancesurvey.co.uk/ontology/admingeo/County,East Midlands,http://data.ordnancesurvey.co.uk/id/7000000000041423,England,http://data.ordnancesurvey.co.uk/id/country/england,,,
DN212LW,http://data.ordnancesurvey.co.uk/id/postcodeunit/DN212LW,DN21 2LW,,,,other,Postcode,481592,390096,3500,18000,,,,,,,Gainsborough,http://data.ordnancesurvey.co.uk/id/4000000074575425,http://www.ordnancesurvey.co.uk/xml/codelists/localtype.xml#town,West Lindsey,http://data.ordnancesurvey.co.uk/id/7000000000043527,http://data.ordnancesurvey.co.uk/ontology/admingeo/District,Lincolnshire,http://data.ordnancesurvey.co.uk/id/7000000000005942,http://data.ordnancesurvey.co.uk/ontology/admingeo/County,East Midlands,http://data.ordnancesurvey.co.uk/id/7000000000041423,England,http://data.ordnancesurvey.co.uk/id/country/england,,,
DN211QW,http://data.ordnancesurvey.co.uk/id/postcodeunit/DN211QW,DN21 1QW,,,,other,Postcode,482564,388755,3500,18000,,,,,,,Gainsborough,http://data.ordnancesurvey.co.uk/id/4000000074575425,http://www.ordnancesurvey.co.uk/xml/codelists/localtype.xml#town,West Lindsey,http://data.ordnancesurvey.co.uk/id/7000000000043527,http://data.ordnancesurvey.co.uk/ontology/admingeo/District,Lincolnshire,http://data.ordnancesurvey.co.uk/id/7000000000005942,http://data.ordnancesurvey.co.uk/ontology/admingeo/County,East Midlands,http://data.ordnancesurvey.co.uk/id/7000000000041423,England,http://data.ordnancesurvey.co.uk/id/country/england,,,
DN212HD,http://data.ordnancesurvey.co.uk/id/postcodeunit/DN212HD,DN21 2HD,,,,other,Postcode,481688,390041,3500,18000,,,,,,,Gainsborough,http://data.ordnancesurvey.co.uk/id/4000000074575425,http://www.ordnancesurvey.co.uk/xml/codelists/localtype.xml#town,West Lindsey,http://data.ordnancesurvey.co.uk/id/7000000000043527,http://data.ordnancesurvey.co.uk/ontology/admingeo/District,Lincolnshire,http://data.ordnancesurvey.co.uk/id/7000000000005942,http://data.ordnancesurvey.co.uk/ontology/admingeo/County,East Midlands,http://data.ordnancesurvey.co.uk/id/7000000000041423,England,http://data.ordnancesurvey.co.uk/id/country/england,,,
DN215ST,http://data.ordnancesurvey.co.uk/id/postcodeunit/DN215ST,DN21 5ST,,,,other,Postcode,493565,393313,3500,18000,,,,,,,Willoughton,http://data.ordnancesurvey.co.uk/id/4000000074574604,http://www.ordnancesurvey.co.uk/xml/codelists/localtype.xml#village,West Lindsey,http://data.ordnancesurvey.co.uk/id/7000000000043527,http://data.ordnancesurvey.co.uk/ontology/admingeo/District,Lincolnshire,http://data.ordnancesurvey.co.uk/id/7000000000005942,http://data.ordnancesurvey.co.uk/ontology/admingeo/County,East Midlands,http://data.ordnancesurvey.co.uk/id/7000000000041423,England,http://data.ordnancesurvey.co.uk/id/country/england,,,
DN213BX,http://data.ordnancesurvey.co.uk/id/postcodeunit/DN213BX,DN21 3BX,,,,other,Postcode,481023,391935,3500,18000,,,,,,,Gainsborough,http://data.ordnancesurvey.co.uk/id/4000000074575425,http://www.ordnancesurvey.co.uk/xml/codelists/localtype.xml#town,West Lindsey,http://data.ordnancesurvey.co.uk/id/7000000000043527,http://data.ordnancesurvey.co.uk/ontology/admingeo/District,Lincolnshire,http://data.ordnancesurvey.co.uk/id/7000000000005942,http://data.ordnancesurvey.co.uk/ontology/admingeo/County,East Midlands,http://data.ordnancesurvey.co.uk/id/7000000000041423,England,http://data.ordnancesurvey.co.uk/id/country/england,,,
DN211RT,http://data.ordnancesurvey.co.uk/id/postcodeunit/DN211RT,DN21 1RT,,,,other,Postcode,482726,390063,3500,18000,,,,,,,Gainsborough,http://data.ordnancesurvey.co.uk/id/4000000074575425,http://www.ordnancesurvey.co.uk/xml/codelists/localtype.xml#town,West Lindsey,http://data.ordnancesurvey.co.uk/id/7000000000043527,http://data.ordnancesurvey.co.uk/ontology/admingeo/District,Lincolnshire,http://data.ordnancesurvey.co.uk/id/7000000000005942,http://data.ordnancesurvey.co.uk/ontology/admingeo/County,East Midlands,http://data.ordnancesurvey.co.uk/id/7000000000041423,England,http://data.ordnancesurvey.co.uk/id/country/england,,,
DN214TH,http://data.ordnancesurvey.co.uk/id/postcodeunit/DN214TH,DN21 4TH,,,,other,Postcode,498596,396256,3500,18000,,,,,,,Waddingham,http://data.ordnancesurvey.co.uk/id/4000000074574880,http://www.ordnancesurvey.co.uk/xml/codelists/localtype.xml#village,West Lindsey,http://data.ordnancesurvey.co.uk/id/7000000000043527,http://data.ordnancesurvey.co.uk/ontology/admingeo/District,Lincolnshire,http://data.ordnancesurvey.co.uk/id/7000000000005942,http://data.ordnancesurvey.co.uk/ontology/admingeo/County,East Midlands,http://data.ordnancesurvey.co.uk/id/7000000000041423,England,http://data.ordnancesurvey.co.uk/id/country/england,,,
osgb4000000026943507,http://data.ordnancesurvey.co.uk/id/4000000026943507,Penfold Lane,,,,transportNetwork,Named Road,499984,388165,1000,20000,499948,388126,500024,388187,LN8,http://data.ordnancesurvey.co.uk/id/postcodedistrict/LN8,Normanby-by-Spital,http://data.ordnancesurvey.co.uk/id/4000000074550240,http://www.ordnancesurvey.co.uk/xml/codelists/localtype.xml#village,West Lindsey,http://data.ordnancesurvey.co.uk/id/7000000000043527,http://data.ordnancesurvey.co.uk/ontology/admingeo/District,Lincolnshire,http://data.ordnancesurvey.co.uk/id/7000000000005942,http://data.ordnancesurvey.co.uk/ontology/admingeo/County,East Midlands,http://data.ordnancesurvey.co.uk/id/7000000000041423,England,http://data.ordnancesurvey.co.uk/id/country/england,,,
15a9bdae-a240-4985-a328-a03e78636a94,http://data.ordnancesurvey.co.uk/id/15a9bdae-a240-4985-a328-a03e78636a94,Northorpe Road,,,,transportNetwork,Section Of Named Road,489051,398998,1000,25000,489006,398880,489108,399106,DN21,http://data.ordnancesurvey.co.uk/id/postcodedistrict/DN21,Scotton,http://data.ordnancesurvey.co.uk/id/4000000074575140,http://www.ordnancesurvey.co.uk/xml/codelists/localtype.xml#village,West Lindsey,http://data.ordnancesurvey.co.uk/id/7000000000043527,http://data.ordnancesurvey.co.uk/ontology/admingeo/District,Lincolnshire,http://data.ordnancesurvey.co.uk/id/7000000000005942,http://data.ordnancesurvey.co.uk/ontology/admingeo/County,East Midlands,http://data.ordnancesurvey.co.uk/id/7000000000041423,England,http://data.ordnancesurvey.co.uk/id/country/england,osgb4000000015634015,,
2ebb5002-3ce3-478e-9eb7-a7c6042ac130,http://data.ordnancesurvey.co.uk/id/2ebb5002-3ce3-478e-9eb7-a7c6042ac130,Redbourne Mere,,,,transportNetwork,Section Of Named Road,494051,398799,2000,25000,493870,398776,494247,398816,DN21,http://data.ordnancesurvey.co.uk/id/postcodedistrict/DN21,Kirton in Lindsey,http://data.ordnancesurvey.co.uk/id/4000000074574884,http://www.ordnancesurvey.co.uk/xml/codelists/localtype.xml#town,,,,North Lincolnshire,http://data.ordnancesurvey.co.uk/id/7000000000025623,http://data.ordnancesurvey.co.uk/ontology/admingeo/UnitaryAuthority,Yorkshire and the Humber,http://data.ordnancesurvey.co.uk/id/7000000000041430,England,http://data.ordnancesurvey.co.uk/id/country/england,osgb4000000015683549,,
eda5e93c-8f38-4440-882f-8e81bfc827f7,http://data.ordnancesurvey.co.uk/id/eda5e93c-8f38-4440-882f-8e81bfc827f7,Corringham Road,,,,transportNetwork,Section Of Named Road,483020,390480,10000,25000,482263,390410,483759,390564,DN21,http://data.ordnancesurvey.co.uk/id/postcodedistrict/DN21,Gainsborough,http://data.ordnancesurvey.co.uk/id/4000000074575425,http://www.ordnancesurvey.co.uk/xml/codelists/localtype.xml#town,West Lindsey,http://data.ordnancesurvey.co.uk/id/7000000000043527,http://data.ordnancesurvey.co.uk/ontology/admingeo/District,Lincolnshire,http://data.ordnancesurvey.co.uk/id/7000000000005942,http://data.ordnancesurvey.co.uk/ontology/admingeo/County,East Midlands,http://data.ordnancesurvey.co.uk/id/7000000000041423,England,http://data.ordnancesurvey.co.uk/id/country/england,osgb4000000015627037,,
osgb5000005253332116,http://data.ordnancesurvey.co.uk/id/5000005253332116,Millers Court,,,,transportNetwork,Named Road,489093,380057,1000,20000,489056,380049,489119,380065,LN1,http://data.ordnancesurvey.co.uk/id/postcodedistrict/LN1,Sturton by Stow,http://data.ordnancesurvey.co.uk/id/4000000074574600,http://www.ordnancesurvey.co.uk/xml/codelists/localtype.xml#village,West Lindsey,http://data.ordnancesurvey.co.uk/id/7000000000043527,http://data.ordnancesurvey.co.uk/ontology/admingeo/District,Lincolnshire,http://data.ordnancesurvey.co.uk/id/7000000000005942,http://data.ordnancesurvey.co.uk/ontology/admingeo/County,East Midlands,http://data.ordnancesurvey.co.uk/id/7000000000041423,England,http://data.ordnancesurvey.co.uk/id/country/england,,,
osgb4000000015673623,http://data.ordnancesurvey.co.uk/id/4000000015673623,Springfield Close,,,,transportNetwork,Named Road,482422,389880,1000,20000,482421,389845,482424,389924,DN21,http://data.ordnancesurvey.co.uk/id/postcodedistrict/DN21,Gainsborough,http://data.ordnancesurvey.co.uk/id/4000000074575425,http://www.ordnancesurvey.co.uk/xml/codelists/localtype.xml#town,West Lindsey,http://data.ordnancesurvey.co.uk/id/7000000000043527,http://data.ordnancesurvey.co.uk/ontology/admingeo/District,Lincolnshire,http://data.ordnancesurvey.co.uk/id/7000000000005942,http://data.ordnancesurvey.co.uk/ontology/admingeo/County,East Midlands,http://data.ordnancesurvey.co.uk/id/7000000000041423,England,http://data.ordnancesurvey.co.uk/id/country/england,,,
38337c04-a651-4519-883b-6721c357d651,http://data.ordnancesurvey.co.uk/id/38337c04-a651-4519-883b-6721c357d651,Sandars Road,,,,transportNetwork,Section Of Named Road,483422,389177,3000,25000,483172,389028,483707,389336,DN21,http://data.ordnancesurvey.co.uk/id/postcodedistrict/DN21,Gainsborough,http://data.ordnancesurvey.co.uk/id/4000000074575425,http://www.ordnancesurvey.co.uk/xml/codelists/localtype.xml#town,West Lindsey,http://data.ordnancesurvey.co.uk/id/7000000000043527,http://data.ordnancesurvey.co.uk/ontology/admingeo/District,Lincolnshire,http://data.ordnancesurvey.co.uk/id/7000000000005942,http://data.ordnancesurvey.co.uk/ontology/admingeo/County,East Midlands,http://data.ordnancesurvey.co.uk/id/7000000000041423,England,http://data.ordnancesurvey.co.uk/id/country/england,osgb4000000015642438,,
osgb4000000015657696,http://data.ordnancesurvey.co.uk/id/4000000015657696,Hill Crescent,,,,transportNetwork,Named Road,482694,390081,1000,20000,482630,390007,482752,390082,DN21,http://data.ordnancesurvey.co.uk/id/postcodedistrict/DN21,Gainsborough,http://data.ordnancesurvey.co.uk/id/4000000074575425,http://www.ordnancesurvey.co.uk/xml/codelists/localtype.xml#town,West Lindsey,http://data.ordnancesurvey.co.uk/id/7000000000043527,http://data.ordnancesurvey.co.uk/ontology/admingeo/District,Lincolnshire,http://data.ordnancesurvey.co.uk/id/7000000000005942,http://data.ordnancesurvey.co.uk/ontology/admingeo/County,East Midlands,http://data.ordnancesurvey.co.uk/id/7000000000041423,England,http://data.ordnancesurvey.co.uk/id/country/england,,,
912c8c69-b653-4049-8fd3-9e9c3e6be33d,http://data.ordnancesurvey.co.uk/id/912c8c69-b653-4049-8fd3-9e9c3e6be33d,Clay Lane,,,,transportNetwork,Section Of Named Road,493365,398250,1000,25000,493296,398215,493427,398286,DN21,http://data.ordnancesurvey.co.uk/id/postcodedistrict/DN21,Kirton in Lindsey,http://data.ordnancesurvey.co.uk/id/4000000074574884,http://www.ordnancesurvey.co.uk/xml/codelists/localtype.xml#town,,,,North Lincolnshire,http://data.ordnancesurvey.co.uk/id/7000000000025623,http://data.ordnancesurvey.co.uk/ontology/admingeo/UnitaryAuthority,Yorkshire and the Humber,http://data.ordnancesurvey.co.uk/id/7000000000041430,England,http://data.ordnancesurvey.co.uk/id/country/england,osgb5000005231828257,,
osgb4000000015681813,http://data.ordnancesurvey.co.uk/id/4000000015681813,Spafford Close,,,,transportNetwork,Named Road,484500,381721,1000,20000,484464,381720,484519,381746,DN21,http://data.ordnancesurvey.co.uk/id/postcodedistrict/DN21,Marton,http://data.ordnancesurvey.co.uk/id/4000000074577537,http://www.ordnancesurvey.co.uk/xml/codelists/localtype.xml#village,West Lindsey,http://data.ordnancesurvey.co.uk/id/7000000000043527,http://data.ordnancesurvey.co.uk/ontology/admingeo/District,Lincolnshire,http://data.ordnancesurvey.co.uk/id/7000000000005942,http://data.ordnancesurvey.co.uk/ontology/admingeo/County,East Midlands,http://data.ordnancesurvey.co.uk/id/7000000000041423,England,http://data.ordnancesurvey.co.uk/id/country/england,,,
osgb4000000067707225,http://data.ordnancesurvey.co.uk/id/4000000067707225,Pingle Hill,,,,transportNetwork,Named Road,482097,389768,3000,20000,481872,389745,482352,389793,DN21,http://data.ordnancesurvey.co.uk/id/postcodedistrict/DN21,Gainsborough,http://data.ordnancesurvey.co.uk/id/4000000074575425,http://www.ordnancesurvey.co.uk/xml/codelists/localtype.xml#town,West Lindsey,http://data.ordnancesurvey.co.uk/id/7000000000043527,http://data.ordnancesurvey.co.uk/ontology/admingeo/District,Lincolnshire,http://data.ordnancesurvey.co.uk/id/7000000000005942,http://data.ordnancesurvey.co.uk/ontology/admingeo/County,East Midlands,http://data.ordnancesurvey.co.uk/id/7000000000041423,England,http://data.ordnancesurvey.co.uk/id/country/england,,,
osgb4000000015683488,http://data.ordnancesurvey.co.uk/id/4000000015683488,Park Springs Road,,,,transportNetwork,Named Road,482663,388967,3000,20000,482427,388606,482823,388981,DN21,http://data.ordnancesurvey.co.uk/id/postcodedistrict/DN21,Gainsborough,http://data.ordnancesurvey.co.uk/id/4000000074575425,http://www.ordnancesurvey.co.uk/xml/codelists/localtype.xml#town,West Lindsey,http://data.ordnancesurvey.co.uk/id/7000000000043527,http://data.ordnancesurvey.co.uk/ontology/admingeo/District,Lincolnshire,http://data.ordnancesurvey.co.uk/id/7000000000005942,http://data.ordnancesurvey.co.uk/ontology/admingeo/County,East Midlands,http://data.ordnancesurvey.co.uk/id/7000000000041423,England,http://data.ordnancesurvey.co.uk/id/country/england,,,
osgb4000000015657670,http://data.ordnancesurvey.co.uk/id/4000000015657670,Ash Grove,,,,transportNetwork,Named Road,482000,390659,1000,20000,481941,390651,482043,390667,DN21,http://data.ordnancesurvey.co.uk/id/postcodedistrict/DN21,Gainsborough,http://data.ordnancesurvey.co.uk/id/4000000074575425,http://www.ordnancesurvey.co.uk/xml/codelists/localtype.xml#town,West Lindsey,http://data.ordnancesurvey.co.uk/id/7000000000043527,http://data.ordnancesurvey.co.uk/ontology/admingeo/District,Lincolnshire,http://data.ordnancesurvey.co.uk/id/7000000000005942,http://data.ordnancesurvey.co.uk/ontology/admingeo/County,East Midlands,http://data.ordnancesurvey.co.uk/id/7000000000041423,England,http://data.ordnancesurvey.co.uk/id/country/england,,,
osgb5000005238643091,http://data.ordnancesurvey.co.uk/id/5000005238643091,Bransby Fields,,,,transportNetwork,Named Road,489521,380152,1000,20000,489519,380125,489523,380190,LN1,http://data.ordnancesurvey.co.uk/id/postcodedistrict/LN1,Sturton by Stow,http://data.ordnancesurvey.co.uk/id/4000000074574600,http://www.ordnancesurvey.co.uk/xml/codelists/localtype.xml#village,West Lindsey,http://data.ordnancesurvey.co.uk/id/7000000000043527,http://data.ordnancesurvey.co.uk/ontology/admingeo/District,Lincolnshire,http://data.ordnancesurvey.co.uk/id/7000000000005942,http://data.ordnancesurvey.co.uk/ontology/admingeo/County,East Midlands,http://data.ordnancesurvey.co.uk/id/7000000000041423,England,http://data.ordnancesurvey.co.uk/id/country/england,,,
osgb5000005327270261,http://data.ordnancesurvey.co.uk/id/5000005327270261,Bridle Walk,,,,transportNetwork,Named Road,498434,394809,1000,20000,498434,394746,498452,394809,DN21,http://data.ordnancesurvey.co.uk/id/postcodedistrict/DN21,Snitterby,http://data.ordnancesurvey.co.uk/id/4000000074574606,http://www.ordnancesurvey.co.uk/xml/codelists/localtype.xml#village,West Lindsey,http://data.ordnancesurvey.co.uk/id/7000000000043527,http://data.ordnancesurvey.co.uk/ontology/admingeo/District,Lincolnshire,http://data.ordnancesurvey.co.uk/id/7000000000005942,http://data.ordnancesurvey.co.uk/ontology/admingeo/County,East Midlands,http://data.ordnancesurvey.co.uk/id/7000000000041423,England,http://data.ordnancesurvey.co.uk/id/country/england,,,
osgb4000000015633797,http://data.ordnancesurvey.co.uk/id/4000000015633797,The Avenue,,,,transportNetwork,Named Road,482021,390873,5000,20000,482020,390475,482100,391273,DN21,http://data.ordnancesurvey.co.uk/id/postcodedistrict/DN21,Gainsborough,http://data.ordnancesurvey.co.uk/id/4000000074575425,http://www.ordnancesurvey.co.uk/xml/codelists/localtype.xml#town,West Lindsey,http://data.ordnancesurvey.co.uk/id/7000000000043527,http://data.ordnancesurvey.co.uk/ontology/admingeo/District,Lincolnshire,http://data.ordnancesurvey.co.uk/id/7000000000005942,http://data.ordnancesurvey.co.uk/ontology/admingeo/County,East Midlands,http://data.ordnancesurvey.co.uk/id/7000000000041423,England,http://data.ordnancesurvey.co.uk/id/country/england,,,
osgb4000000015629741,http://data.ordnancesurvey.co.uk/id/4000000015629741,Middlefield Lane,,,,transportNetwork,Named Road,482429,389191,8000,20000,482346,388561,482475,389831,DN21,http://data.ordnancesurvey.co.uk/id/postcodedistrict/DN21,Gainsborough,http://data.ordnancesurvey.co.uk/id/4000000074575425,http://www.ordnancesurvey.co.uk/xml/codelists/localtype.xml#town,West Lindsey,http://data.ordnancesurvey.co.uk/id/7000000000043527,http://data.ordnancesurvey.co.uk/ontology/admingeo/District,Lincolnshire,http://data.ordnancesurvey.co.uk/id/7000000000005942,http://data.ordnancesurvey.co.uk/ontology/admingeo/County,East Midlands,http://data.ordnancesurvey.co.uk/id/7000000000041423,England,http://data.ordnancesurvey.co.uk/id/country/england,,,
osgb4000000015673599,http://data.ordnancesurvey.co.uk/id/4000000015673599,St Helen's Road,,,,transportNetwork,Named Road,483144,386639,1000,20000,483113,386596,483195,386714,DN21,http://data.ordnancesurvey.co.uk/id/postcodedistrict/DN21,Lea,http://data.ordnancesurvey.co.uk/id/4000000074578253,http://www.ordnancesurvey.co.uk/xml/codelists/localtype.xml#village,West Lindsey,http://data.ordnancesurvey.co.uk/id/7000000000043527,http://data.ordnancesurvey.co.uk/ontology/admingeo/District,Lincolnshire,http://data.ordnancesurvey.co.uk/id/7000000000005942,http://data.ordnancesurvey.co.uk/ontology/admingeo/County,East Midlands,http://data.ordnancesurvey.co.uk/id/7000000000041423,England,http://data.ordnancesurvey.co.uk/id/country/england,,,
osgb4000000073316279,http://data.ordnancesurvey.co.uk/id/4000000073316279,Willoughton Primary School,,,,other,Primary Education,492956,393358,1000,50000,492706,393108,493206,393608,DN21,http://data.ordnancesurvey.co.uk/id/postcodedistrict/DN21,Willoughton,http://data.ordnancesurvey.co.uk/id/4000000074574604,http://www.ordnancesurvey.co.uk/xml/codelists/localtype.xml#village,West Lindsey,http://data.ordnancesurvey.co.uk/id/7000000000043527,http://data.ordnancesurvey.co.uk/ontology/admingeo/District,Lincolnshire,http://data.ordnancesurvey.co.uk/id/7000000000005942,http://data.ordnancesurvey.co.uk/ontology/admingeo/County,East Midlands,http://data.ordnancesurvey.co.uk/id/7000000000041423,England,http://data.ordnancesurvey.co.uk/id/country/england,,,
osgb5000005325700182,http://data.ordnancesurvey.co.uk/id/5000005325700182,Blyton cum Laughton Church of England Primary School,,,,other,Primary Education,484877,397291,1000,50000,484628,397047,485128,397547,DN21,http://data.ordnancesurvey.co.uk/id/postcodedistrict/DN21,Laughton,http://data.ordnancesurvey.co.uk/id/4000000074575722,http://www.ordnancesurvey.co.uk/xml/codelists/localtype.xml#village,West Lindsey,http://data.ordnancesurvey.co.uk/id/7000000000043527,http://data.ordnancesurvey.co.uk/ontology/admingeo/District,Lincolnshire,http://data.ordnancesurvey.co.uk/id/7000000000005942,http://data.ordnancesurvey.co.uk/ontology/admingeo/County,East Midlands,http://data.ordnancesurvey.co.uk/id/7000000000041423,England,http://data.ordnancesurvey.co.uk/id/country/england,,,
osgb4000000073338201,http://data.ordnancesurvey.co.uk/id/4000000073338201,Kirton Lindsey,,,,transportNetwork,Railway Station,493457,399683,1000,50000,493207,399432,493707,399932,DN21,http://data.ordnancesurvey.co.uk/id/postcodedistrict/DN21,Kirton in Lindsey,http://data.ordnancesurvey.co.uk/id/4000000074574884,http://www.ordnancesurvey.co.uk/xml/codelists/localtype.xml#town,,,,North Lincolnshire,http://data.ordnancesurvey.co.uk/id/7000000000025623,http://data.ordnancesurvey.co.uk/ontology/admingeo/UnitaryAuthority,Yorkshire and the Humber,http://data.ordnancesurvey.co.uk/id/7000000000041430,England,http://data.ordnancesurvey.co.uk/id/country/england,,,
9c48247e-ba52-400d-90b1-d28bfc08ae57,http://data.ordnancesurvey.co.uk/id/9c48247e-ba52-400d-90b1-d28bfc08ae57,Westbeck Lane,,,,transportNetwork,Section Of Named Road,493731,394246,5000,25000,493359,394109,494073,394300,DN21,http://data.ordnancesurvey.co.uk/id/postcodedistrict/DN21,Blyborough,http://data.ordnancesurvey.co.uk/id/4000000074574882,http://www.ordnancesurvey.co.uk/xml/codelists/localtype.xml#hamlet,West Lindsey,http://data.ordnancesurvey.co.uk/id/7000000000043527,http://data.ordnancesurvey.co.uk/ontology/admingeo/District,Lincolnshire,http://data.ordnancesurvey.co.uk/id/7000000000005942,http://data.ordnancesurvey.co.uk/ontology/admingeo/County,East Midlands,http://data.ordnancesurvey.co.uk/id/7000000000041423,England,http://data.ordnancesurvey.co.uk/id/country/england,osgb4000000015627696,,
49a3d3ad-9d3b-453c-b512-97571bb3e1da,http://data.ordnancesurvey.co.uk/id/49a3d3ad-9d3b-453c-b512-97571bb3e1da,Beck Lane,,,,transportNetwork,Section Of Named Road,492822,391123,2000,25000,492601,391117,492884,391128,DN21,http://data.ordnancesurvey.co.uk/id/postcodedistrict/DN21,Hemswell,http://data.ordnancesurvey.co.uk/id/4000000074574603,http://www.ordnancesurvey.co.uk/xml/codelists/localtype.xml#village,West Lindsey,http://data.ordnancesurvey.co.uk/id/7000000000043527,http://data.ordnancesurvey.co.uk/ontology/admingeo/District,Lincolnshire,http://data.ordnancesurvey.co.uk/id/7000000000005942,http://data.ordnancesurvey.co.uk/ontology/admingeo/County,East Midlands,http://data.ordnancesurvey.co.uk/id/7000000000041423,England,http://data.ordnancesurvey.co.uk/id/country/england,osgb5000005231826793,,
osgb4000000015682482,http://data.ordnancesurvey.co.uk/id/4000000015682482,Sunny Hill,,,,transportNetwork,Named Road,493646,398748,1000,20000,493612,398728,493676,398748,DN21,http://data.ordnancesurvey.co.uk/id/postcodedistrict/DN21,Kirton in Lindsey,http://data.ordnancesurvey.co.uk/id/4000000074574884,http://www.ordnancesurvey.co.uk/xml/codelists/localtype.xml#town,,,,North Lincolnshire,http://data.ordnancesurvey.co.uk/id/7000000000025623,http://data.ordnancesurvey.co.uk/ontology/admingeo/UnitaryAuthority,Yorkshire and the Humber,http://data.ordnancesurvey.co.uk/id/7000000000041430,England,http://data.ordnancesurvey.co.uk/id/country/england,,,
osgb4000000015674487,http://data.ordnancesurvey.co.uk/id/4000000015674487,Heapham Lane,,,,transportNetwork,Named Road,488157,388710,1000,20000,488144,388639,488172,388793,DN21,http://data.ordnancesurvey.co.uk/id/postcodedistrict/DN21,Heapham,http://data.ordnancesurvey.co.uk/id/4000000074574601,http://www.ordnancesurvey.co.uk/xml/codelists/localtype.xml#village,West Lindsey,http://data.ordnancesurvey.co.uk/id/7000000000043527,http://data.ordnancesurvey.co.uk/ontology/admingeo/District,Lincolnshire,http://data.ordnancesurvey.co.uk/id/7000000000005942,http://data.ordnancesurvey.co.uk/ontology/admingeo/County,East Midlands,http://data.ordnancesurvey.co.uk/id/7000000000041423,England,http://data.ordnancesurvey.co.uk/id/country/england,,,
osgb5000005335999449,http://data.ordnancesurvey.co.uk/id/5000005335999449,Albert Close,,,,transportNetwork,Named Road,485407,394952,1000,20000,485398,394927,485420,394975,DN21,http://data.ordnancesurvey.co.uk/id/postcodedistrict/DN21,Blyton,http://data.ordnancesurvey.co.uk/id/4000000074575429,http://www.ordnancesurvey.co.uk/xml/codelists/localtype.xml#village,West Lindsey,http://data.ordnancesurvey.co.uk/id/7000000000043527,http://data.ordnancesurvey.co.uk/ontology/admingeo/District,Lincolnshire,http://data.ordnancesurvey.co.uk/id/7000000000005942,http://data.ordnancesurvey.co.uk/ontology/admingeo/County,East Midlands,http://data.ordnancesurvey.co.uk/id/7000000000041423,England,http://data.ordnancesurvey.co.uk/id/country/england,,,
osgb4000000073316375,http://data.ordnancesurvey.co.uk/id/4000000073316375,Marton Primary School,,,,other,Primary Education,484301,381850,1000,50000,484047,381601,484547,382101,DN21,http://data.ordnancesurvey.co.uk/id/postcodedistrict/DN21,Marton,http://data.ordnancesurvey.co.uk/id/4000000074577537,http://www.ordnancesurvey.co.uk/xml/codelists/localtype.xml#village,West Lindsey,http://data.ordnancesurvey.co.uk/id/7000000000043527,http://data.ordnancesurvey.co.uk/ontology/admingeo/District,Lincolnshire,http://data.ordnancesurvey.co.uk/id/7000000000005942,http://data.ordnancesurvey.co.uk/ontology/admingeo/County,East Midlands,http://data.ordnancesurvey.co.uk/id/7000000000041423,England,http://data.ordnancesurvey.co.uk/id/country/england,,,
1c8f4b26-e500-4631-92d9-dfce18799eaa,http://data.ordnancesurvey.co.uk/id/1c8f4b26-e500-4631-92d9-dfce18799eaa,Laughton Road,,,,transportNetwork,Section Of Named Road,488703,398791,1000,25000,488659,398774,488735,398807,DN21,http://data.ordnancesurvey.co.uk/id/postcodedistrict/DN21,Scotton,http://data.ordnancesurvey.co.uk/id/4000000074575140,http://www.ordnancesurvey.co.uk/xml/codelists/localtype.xml#village,West Lindsey,http://data.ordnancesurvey.co.uk/id/7000000000043527,http://data.ordnancesurvey.co.uk/ontology/admingeo/District,Lincolnshire,http://data.ordnancesurvey.co.uk/id/7000000000005942,http://data.ordnancesurvey.co.uk/ontology/admingeo/County,East Midlands,http://data.ordnancesurvey.co.uk/id/7000000000041423,England,http://data.ordnancesurvey.co.uk/id/country/england,osgb5000005213278980,,
8e1bd48b-b7ec-4d0f-be8d-f890186f9043,http://data.ordnancesurvey.co.uk/id/8e1bd48b-b7ec-4d0f-be8d-f890186f9043,Headstead Bank,,,,transportNetwork,Section Of Named Road,481892,380322,1000,25000,481891,380313,481893,380328,DN22,http://data.ordnancesurvey.co.uk/id/postcodedistrict/DN22,Cottam,http://data.ordnancesurvey.co.uk/id/4000000074575721,http://www.ordnancesurvey.co.uk/xml/codelists/localtype.xml#village,Bassetlaw,http://data.ordnancesurvey.co.uk/id/7000000000008122,http://data.ordnancesurvey.co.uk/ontology/admingeo/District,Nottinghamshire,http://data.ordnancesurvey.co.uk/id/7000000000008127,http://data.ordnancesurvey.co.uk/ontology/admingeo/County,East Midlands,http://data.ordnancesurvey.co.uk/id/7000000000041423,England,http://data.ordnancesurvey.co.uk/id/country/england,osgb4000000015633593,,
725bb38d-5148-4684-8e34-683313e729cc,http://data.ordnancesurvey.co.uk/id/725bb38d-5148-4684-8e34-683313e729cc,Coates Road,,,,transportNetwork,Section Of Named Road,482081,381395,3000,25000,481983,381221,482094,381611,DN22,http://data.ordnancesurvey.co.uk/id/postcodedistrict/DN22,Coates,http://data.ordnancesurvey.co.uk/id/4000000074578423,http://www.ordnancesurvey.co.uk/xml/codelists/localtype.xml#otherSettlement,Bassetlaw,http://data.ordnancesurvey.co.uk/id/7000000000008122,http://data.ordnancesurvey.co.uk/ontology/admingeo/District,Nottinghamshire,http://data.ordnancesurvey.co.uk/id/7000000000008127,http://data.ordnancesurvey.co.uk/ontology/admingeo/County,East Midlands,http://data.ordnancesurvey.co.uk/id/7000000000041423,England,http://data.ordnancesurvey.co.uk/id/country/england,osgb4000000015633594,,
4909ac3e-3f44-43cd-a13a-d24fa9f7807b,http://data.ordnancesurvey.co.uk/id/4909ac3e-3f44-43cd-a13a-d24fa9f7807b,Field Lane,,,,transportNetwork,Section Of Named Road,480500,391901,4000,25000,480199,391825,480747,392122,DN21,http://data.ordnancesurvey.co.uk/id/postcodedistrict/DN21,Gainsborough,http://data.ordnancesurvey.co.uk/id/4000000074575425,http://www.ordnancesurvey.co.uk/xml/codelists/localtype.xml#town,West Lindsey,http://data.ordnancesurvey.co.uk/id/7000000000043527,http://data.ordnancesurvey.co.uk/ontology/admingeo/District,Lincolnshire,http://data.ordnancesurvey.co.uk/id/7000000000005942,http://data.ordnancesurvey.co.uk/ontology/admingeo/County,East Midlands,http://data.ordnancesurvey.co.uk/id/7000000000041423,England,http://data.ordnancesurvey.co.uk/id/country/england,osgb4000000015629745,,
d79d708b-929c-4589-b4b0-366bd3fc5169,http://data.ordnancesurvey.co.uk/id/d79d708b-929c-4589-b4b0-366bd3fc5169,Hill Road,,,,transportNetwork,Section Of Named Road,487778,388706,1000,25000,487769,388617,487798,388764,DN21,http://data.ordnancesurvey.co.uk/id/postcodedistrict/DN21,Heapham,http://data.ordnancesurvey.co.uk/id/4000000074574601,http://www.ordnancesurvey.co.uk/xml/codelists/localtype.xml#village,West Lindsey,http://data.ordnancesurvey.co.uk/id/7000000000043527,http://data.ordnancesurvey.co.uk/ontology/admingeo/District,Lincolnshire,http://data.ordnancesurvey.co.uk/id/7000000000005942,http://data.ordnancesurvey.co.uk/ontology/admingeo/County,East Midlands,http://data.ordnancesurvey.co.uk/id/7000000000041423,England,http://data.ordnancesurvey.co.uk/id/country/england,osgb4000000015629881,,
osgb4000000073316377,http://data.ordnancesurvey.co.uk/id/4000000073316377,Francis Olive Anderson Church of England (Aided) Primary School,,,,other,Primary Education,483328,386568,1000,50000,483079,386323,483579,386823,DN21,http://data.ordnancesurvey.co.uk/id/postcodedistrict/DN21,Lea,http://data.ordnancesurvey.co.uk/id/4000000074578253,http://www.ordnancesurvey.co.uk/xml/codelists/localtype.xml#village,West Lindsey,http://data.ordnancesurvey.co.uk/id/7000000000043527,http://data.ordnancesurvey.co.uk/ontology/admingeo/District,Lincolnshire,http://data.ordnancesurvey.co.uk/id/7000000000005942,http://data.ordnancesurvey.co.uk/ontology/admingeo/County,East Midlands,http://data.ordnancesurvey.co.uk/id/7000000000041423,England,http://data.ordnancesurvey.co.uk/id/country/england,,,
79574b77-b1c8-487a-aac9-386355f29079,http://data.ordnancesurvey.co.uk/id/79574b77-b1c8-487a-aac9-386355f29079,Heapham Road,,,,transportNetwork,Section Of Named Road,482894,389501,10000,25000,482088,388957,483685,390084,DN21,http://data.ordnancesurvey.co.uk/id/postcodedistrict/DN21,Gainsborough,http://data.ordnancesurvey.co.uk/id/4000000074575425,http://www.ordnancesurvey.co.uk/xml/codelists/localtype.xml#town,West Lindsey,http://data.ordnancesurvey.co.uk/id/7000000000043527,http://data.ordnancesurvey.co.uk/ontology/admingeo/District,Lincolnshire,http://data.ordnancesurvey.co.uk/id/7000000000005942,http://data.ordnancesurvey.co.uk/ontology/admingeo/County,East Midlands,http://data.ordnancesurvey.co.uk/id/7000000000041423,England,http://data.ordnancesurvey.co.uk/id/country/england,osgb4000000015629743,,
d47270d4-31e3-4378-a359-3334f1370781,http://data.ordnancesurvey.co.uk/id/d47270d4-31e3-4378-a359-3334f1370781,Cot Garth Lane,,,,transportNetwork,Section Of Named Road,487871,384240,3000,25000,487615,384170,488075,384298,DN21,http://data.ordnancesurvey.co.uk/id/postcodedistrict/DN21,Willingham by Stow,http://data.ordnancesurvey.co.uk/id/4000000074575139,http://www.ordnancesurvey.co.uk/xml/codelists/localtype.xml#village,West Lindsey,http://data.ordnancesurvey.co.uk/id/7000000000043527,http://data.ordnancesurvey.co.uk/ontology/admingeo/District,Lincolnshire,http://data.ordnancesurvey.co.uk/id/7000000000005942,http://data.ordnancesurvey.co.uk/ontology/admingeo/County,East Midlands,http://data.ordnancesurvey.co.uk/id/7000000000041423,England,http://data.ordnancesurvey.co.uk/id/country/england,osgb4000000015634004,,
osgb4000000073315970,http://data.ordnancesurvey.co.uk/id/4000000073315970,The North County Primary School,,,,other,Primary Education,480946,390827,1000,50000,480697,390578,481197,391078,DN21,http://data.ordnancesurvey.co.uk/id/postcodedistrict/DN21,Gainsborough,http://data.ordnancesurvey.co.uk/id/4000000074575425,http://www.ordnancesurvey.co.uk/xml/codelists/localtype.xml#town,West Lindsey,http://data.ordnancesurvey.co.uk/id/7000000000043527,http://data.ordnancesurvey.co.uk/ontology/admingeo/District,Lincolnshire,http://data.ordnancesurvey.co.uk/id/7000000000005942,http://data.ordnancesurvey.co.uk/ontology/admingeo/County,East Midlands,http://data.ordnancesurvey.co.uk/id/7000000000041423,England,http://data.ordnancesurvey.co.uk/id/country/england,,,
osgb4000000015682069,http://data.ordnancesurvey.co.uk/id/4000000015682069,Chapel Staith,,,,transportNetwork,Named Road,481423,389720,1000,20000,481382,389716,481423,389720,DN21,http://data.ordnancesurvey.co.uk/id/postcodedistrict/DN21,Gainsborough,http://data.ordnancesurvey.co.uk/id/4000000074575425,http://www.ordnancesurvey.co.uk/xml/codelists/localtype.xml#town,West Lindsey,http://data.ordnancesurvey.co.uk/id/7000000000043527,http://data.ordnancesurvey.co.uk/ontology/admingeo/District,Lincolnshire,http://data.ordnancesurvey.co.uk/id/7000000000005942,http://data.ordnancesurvey.co.uk/ontology/admingeo/County,East Midlands,http://data.ordnancesurvey.co.uk/id/7000000000041423,England,http://data.ordnancesurvey.co.uk/id/country/england,,,
osgb5000005282642020,http://data.ordnancesurvey.co.uk/id/5000005282642020,Station Approach,,,,transportNetwork,Named Road,493326,399480,1000,20000,493249,399398,493418,399583,DN21,http://data.ordnancesurvey.co.uk/id/postcodedistrict/DN21,Kirton in Lindsey,http://data.ordnancesurvey.co.uk/id/4000000074574884,http://www.ordnancesurvey.co.uk/xml/codelists/localtype.xml#town,,,,North Lincolnshire,http://data.ordnancesurvey.co.uk/id/7000000000025623,http://data.ordnancesurvey.co.uk/ontology/admingeo/UnitaryAuthority,Yorkshire and the Humber,http://data.ordnancesurvey.co.uk/id/7000000000041430,England,http://data.ordnancesurvey.co.uk/id/country/england,,,
osgb4000000015642887,http://data.ordnancesurvey.co.uk/id/4000000015642887,Chapel Lane,,,,transportNetwork,Named Road,494762,388121,2000,20000,494704,387922,494816,388282,DN21,http://data.ordnancesurvey.co.uk/id/postcodedistrict/DN21,Glentworth,http://data.ordnancesurvey.co.uk/id/4000000074574337,http://www.ordnancesurvey.co.uk/xml/codelists/localtype.xml#village,West Lindsey,http://data.ordnancesurvey.co.uk/id/7000000000043527,http://data.ordnancesurvey.co.uk/ontology/admingeo/District,Lincolnshire,http://data.ordnancesurvey.co.uk/id/7000000000005942,http://data.ordnancesurvey.co.uk/ontology/admingeo/County,East Midlands,http://data.ordnancesurvey.co.uk/id/7000000000041423,England,http://data.ordnancesurvey.co.uk/id/country/england,,,
osgb4000000015642891,http://data.ordnancesurvey.co.uk/id/4000000015642891,Harpswell Hill,,,,transportNetwork,Named Road,493649,390063,2000,20000,493530,390010,493779,390091,DN21,http://data.ordnancesurvey.co.uk/id/postcodedistrict/DN21,,,,West Lindsey,http://data.ordnancesurvey.co.uk/id/7000000000043527,http://data.ordnancesurvey.co.uk/ontology/admingeo/District,Lincolnshire,http://data.ordnancesurvey.co.uk/id/7000000000005942,http://data.ordnancesurvey.co.uk/ontology/admingeo/County,East Midlands,http://data.ordnancesurvey.co.uk/id/7000000000041423,England,http://data.ordnancesurvey.co.uk/id/country/england,,,
osgb4000000015657661,http://data.ordnancesurvey.co.uk/id/4000000015657661,Arkwright Street,,,,transportNetwork,Named Road,481495,390428,1000,20000,481476,390370,481511,390508,DN21,http://data.ordnancesurvey.co.uk/id/postcodedistrict/DN21,Gainsborough,http://data.ordnancesurvey.co.uk/id/4000000074575425,http://www.ordnancesurvey.co.uk/xml/codelists/localtype.xml#town,West Lindsey,http://data.ordnancesurvey.co.uk/id/7000000000043527,http://data.ordnancesurvey.co.uk/ontology/admingeo/District,Lincolnshire,http://data.ordnancesurvey.co.uk/id/7000000000005942,http://data.ordnancesurvey.co.uk/ontology/admingeo/County,East Midlands,http://data.ordnancesurvey.co.uk/id/7000000000041423,England,http://data.ordnancesurvey.co.uk/id/country/england,,,
osgb4000000015642075,http://data.ordnancesurvey.co.uk/id/4000000015642075,Smythe Lane,,,,transportNetwork,Named Road,480368,382030,2000,20000,480367,381873,480371,382158,DN22,http://data.ordnancesurvey.co.uk/id/postcodedistrict/DN22,,,,Bassetlaw,http://data.ordnancesurvey.co.uk/id/7000000000008122,http://data.ordnancesurvey.co.uk/ontology/admingeo/District,Nottinghamshire,http://data.ordnancesurvey.co.uk/id/7000000000008127,http://data.ordnancesurvey.co.uk/ontology/admingeo/County,East Midlands,http://data.ordnancesurvey.co.uk/id/7000000000041423,England,http://data.ordnancesurvey.co.uk/id/country/england,,,
osgb4000000015658516,http://data.ordnancesurvey.co.uk/id/4000000015658516,School Lane,,,,transportNetwork,Named Road,488990,380925,1000,20000,488920,380911,489045,381006,LN1,http://data.ordnancesurvey.co.uk/id/postcodedistrict/LN1,Sturton by Stow,http://data.ordnancesurvey.co.uk/id/4000000074574600,http://www.ordnancesurvey.co.uk/xml/codelists/localtype.xml#village,West Lindsey,http://data.ordnancesurvey.co.uk/id/7000000000043527,http://data.ordnancesurvey.co.uk/ontology/admingeo/District,Lincolnshire,http://data.ordnancesurvey.co.uk/id/7000000000005942,http://data.ordnancesurvey.co.uk/ontology/admingeo/County,East Midlands,http://data.ordnancesurvey.co.uk/id/7000000000041423,England,http://data.ordnancesurvey.co.uk/id/country/england,,,
70d6c41d-c4ea-40dc-842a-6c068462e0c1,http://data.ordnancesurvey.co.uk/id/70d6c41d-c4ea-40dc-842a-6c068462e0c1,Atterby Lane,,,,transportNetwork,Section Of Named Road,498250,393027,3000,25000,498012,392943,498488,393120,LN8,http://data.ordnancesurvey.co.uk/id/postcodedistrict/LN8,Atterby,http://data.ordnancesurvey.co.uk/id/4000000074574340,http://www.ordnancesurvey.co.uk/xml/codelists/localtype.xml#hamlet,West Lindsey,http://data.ordnancesurvey.co.uk/id/7000000000043527,http://data.ordnancesurvey.co.uk/ontology/admingeo/District,Lincolnshire,http://data.ordnancesurvey.co.uk/id/7000000000005942,http://data.ordnancesurvey.co.uk/ontology/admingeo/County,East Midlands,http://data.ordnancesurvey.co.uk/id/7000000000041423,England,http://data.ordnancesurvey.co.uk/id/country/england,osgb4000000026932005,,
osgb4000000015658531,http://data.ordnancesurvey.co.uk/id/4000000015658531,Vicarage Road,,,,transportNetwork,Named Road,493071,393797,6000,20000,493031,393312,493165,394290,DN21,http://data.ordnancesurvey.co.uk/id/postcodedistrict/DN21,,,,West Lindsey,http://data.ordnancesurvey.co.uk/id/7000000000043527,http://data.ordnancesurvey.co.uk/ontology/admingeo/District,Lincolnshire,http://data.ordnancesurvey.co.uk/id/7000000000005942,http://data.ordnancesurvey.co.uk/ontology/admingeo/County,East Midlands,http://data.ordnancesurvey.co.uk/id/7000000000041423,England,http://data.ordnancesurvey.co.uk/id/country/england,,,
osgb4000000015674480,http://data.ordnancesurvey.co.uk/id/4000000015674480,Back Lane,,,,transportNetwork,Named Road,494751,382069,1000,20000,494751,382061,494812,382069,LN1,http://data.ordnancesurvey.co.uk/id/postcodedistrict/LN1,Cammeringham,http://data.ordnancesurvey.co.uk/id/4000000074574873,http://www.ordnancesurvey.co.uk/xml/codelists/localtype.xml#village,West Lindsey,http://data.ordnancesurvey.co.uk/id/7000000000043527,http://data.ordnancesurvey.co.uk/ontology/admingeo/District,Lincolnshire,http://data.ordnancesurvey.co.uk/id/7000000000005942,http://data.ordnancesurvey.co.uk/ontology/admingeo/County,East Midlands,http://data.ordnancesurvey.co.uk/id/7000000000041423,England,http://data.ordnancesurvey.co.uk/id/country/england,,,
osgb4000000015682470,http://data.ordnancesurvey.co.uk/id/4000000015682470,Stretton Close,,,,transportNetwork,Named Road,488868,380432,1000,20000,488847,380414,488883,380451,LN1,http://data.ordnancesurvey.co.uk/id/postcodedistrict/LN1,Sturton by Stow,http://data.ordnancesurvey.co.uk/id/4000000074574600,http://www.ordnancesurvey.co.uk/xml/codelists/localtype.xml#village,West Lindsey,http://data.ordnancesurvey.co.uk/id/7000000000043527,http://data.ordnancesurvey.co.uk/ontology/admingeo/District,Lincolnshire,http://data.ordnancesurvey.co.uk/id/7000000000005942,http://data.ordnancesurvey.co.uk/ontology/admingeo/County,East Midlands,http://data.ordnancesurvey.co.uk/id/7000000000041423,England,http://data.ordnancesurvey.co.uk/id/country/england,,,
osgb4000000015658537,http://data.ordnancesurvey.co.uk/id/4000000015658537,Well Street,,,,transportNetwork,Named Road,498487,392498,1000,20000,498411,392470,498563,392529,LN8,http://data.ordnancesurvey.co.uk/id/postcodedistrict/LN8,Bishop Norton,http://data.ordnancesurvey.co.uk/id/4000000074574339,http://www.ordnancesurvey.co.uk/xml/codelists/localtype.xml#village,West Lindsey,http://data.ordnancesurvey.co.uk/id/7000000000043527,http://data.ordnancesurvey.co.uk/ontology/admingeo/District,Lincolnshire,http://data.ordnancesurvey.co.uk/id/7000000000005942,http://data.ordnancesurvey.co.uk/ontology/admingeo/County,East Midlands,http://data.ordnancesurvey.co.uk/id/7000000000041423,England,http://data.ordnancesurvey.co.uk/id/country/england,,,
c21edb1d-3a8d-4d7c-9d71-3f2447d557ca,http://data.ordnancesurvey.co.uk/id/c21edb1d-3a8d-4d7c-9d71-3f2447d557ca,Knaith Hill,,,,transportNetwork,Section Of Named Road,483153,384789,2000,25000,482931,384762,483284,384837,DN21,http://data.ordnancesurvey.co.uk/id/postcodedistrict/DN21,Knaith,http://data.ordnancesurvey.co.uk/id/4000000074578004,http://www.ordnancesurvey.co.uk/xml/codelists/localtype.xml#hamlet,West Lindsey,http://data.ordnancesurvey.co.uk/id/7000000000043527,http://data.ordnancesurvey.co.uk/ontology/admingeo/District,Lincolnshire,http://data.ordnancesurvey.co.uk/id/7000000000005942,http://data.ordnancesurvey.co.uk/ontology/admingeo/County,East Midlands,http://data.ordnancesurvey.co.uk/id/7000000000041423,England,http://data.ordnancesurvey.co.uk/id/country/england,osgb4000000015633608,,
d9fc787a-555d-4321-825b-efb75eca60ac,http://data.ordnancesurvey.co.uk/id/d9fc787a-555d-4321-825b-efb75eca60ac,Fillingham Lane,,,,transportNetwork,Section Of Named Road,487932,384599,2000,25000,487757,384598,488068,384624,DN21,http://data.ordnancesurvey.co.uk/id/postcodedistrict/DN21,Willingham by Stow,http://data.ordnancesurvey.co.uk/id/4000000074575139,http://www.ordnancesurvey.co.uk/xml/codelists/localtype.xml#village,West Lindsey,http://data.ordnancesurvey.co.uk/id/7000000000043527,http://data.ordnancesurvey.co.uk/ontology/admingeo/District,Lincolnshire,http://data.ordnancesurvey.co.uk/id/7000000000005942,http://data.ordnancesurvey.co.uk/ontology/admingeo/County,East Midlands,http://data.ordnancesurvey.co.uk/id/7000000000041423,England,http://data.ordnancesurvey.co.uk/id/country/england,osgb4000000015634005,,
9766496c-0741-467d-aed5-da99d1dfe601,http://data.ordnancesurvey.co.uk/id/9766496c-0741-467d-aed5-da99d1dfe601,Common Lane,,,,transportNetwork,Section Of Named Road,487892,388316,7000,25000,487382,388241,488382,388440,DN21,http://data.ordnancesurvey.co.uk/id/postcodedistrict/DN21,Heapham,http://data.ordnancesurvey.co.uk/id/4000000074574601,http://www.ordnancesurvey.co.uk/xml/codelists/localtype.xml#village,West Lindsey,http://data.ordnancesurvey.co.uk/id/7000000000043527,http://data.ordnancesurvey.co.uk/ontology/admingeo/District,Lincolnshire,http://data.ordnancesurvey.co.uk/id/7000000000005942,http://data.ordnancesurvey.co.uk/ontology/admingeo/County,East Midlands,http://data.ordnancesurvey.co.uk/id/7000000000041423,England,http://data.ordnancesurvey.co.uk/id/country/england,osgb4000000015627044,,
67f6e511-c3a5-46f6-9425-e02fc38797f2,http://data.ordnancesurvey.co.uk/id/67f6e511-c3a5-46f6-9425-e02fc38797f2,Mill Lane,,,,transportNetwork,Section Of Named Road,500000,387772,2000,25000,499846,387761,500113,387784,LN8,http://data.ordnancesurvey.co.uk/id/postcodedistrict/LN8,Normanby-by-Spital,http://data.ordnancesurvey.co.uk/id/4000000074550240,http://www.ordnancesurvey.co.uk/xml/codelists/localtype.xml#village,West Lindsey,http://data.ordnancesurvey.co.uk/id/7000000000043527,http://data.ordnancesurvey.co.uk/ontology/admingeo/District,Lincolnshire,http://data.ordnancesurvey.co.uk/id/7000000000005942,http://data.ordnancesurvey.co.uk/ontology/admingeo/County,East Midlands,http://data.ordnancesurvey.co.uk/id/7000000000041423,England,http://data.ordnancesurvey.co.uk/id/country/england,osgb4000000026936297,,
899b055b-68bb-47e9-b589-9e8c6a43fd9a,http://data.ordnancesurvey.co.uk/id/899b055b-68bb-47e9-b589-9e8c6a43fd9a,Laughton Lane,,,,transportNetwork,Section Of Named Road,480400,392373,1000,25000,480389,392355,480421,392401,DN21,http://data.ordnancesurvey.co.uk/id/postcodedistrict/DN21,Gainsborough,http://data.ordnancesurvey.co.uk/id/4000000074575425,http://www.ordnancesurvey.co.uk/xml/codelists/localtype.xml#town,West Lindsey,http://data.ordnancesurvey.co.uk/id/7000000000043527,http://data.ordnancesurvey.co.uk/ontology/admingeo/District,Lincolnshire,http://data.ordnancesurvey.co.uk/id/7000000000005942,http://data.ordnancesurvey.co.uk/ontology/admingeo/County,East Midlands,http://data.ordnancesurvey.co.uk/id/7000000000041423,England,http://data.ordnancesurvey.co.uk/id/country/england,osgb4000000016034600,,
b3d49264-80e5-404e-888b-135c7e54bec1,http://data.ordnancesurvey.co.uk/id/b3d49264-80e5-404e-888b-135c7e54bec1,Kexby Lane,,,,transportNetwork,Section Of Named Road,486234,385589,12000,25000,485305,385561,487119,385748,DN21,http://data.ordnancesurvey.co.uk/id/postcodedistrict/DN21,Kexby,http://data.ordnancesurvey.co.uk/id/4000000074577769,http://www.ordnancesurvey.co.uk/xml/codelists/localtype.xml#village,West Lindsey,http://data.ordnancesurvey.co.uk/id/7000000000043527,http://data.ordnancesurvey.co.uk/ontology/admingeo/District,Lincolnshire,http://data.ordnancesurvey.co.uk/id/7000000000005942,http://data.ordnancesurvey.co.uk/ontology/admingeo/County,East Midlands,http://data.ordnancesurvey.co.uk/id/7000000000041423,England,http://data.ordnancesurvey.co.uk/id/country/england,osgb4000000015627583,,
29e1432c-d2b2-48bc-8595-04e73fc4e8b6,http://data.ordnancesurvey.co.uk/id/29e1432c-d2b2-48bc-8595-04e73fc4e8b6,Vicarage Road,,,,transportNetwork,Section Of Named Road,493070,393540,3000,25000,493031,393312,493075,393774,DN21,http://data.ordnancesurvey.co.uk/id/postcodedistrict/DN21,Willoughton,http://data.ordnancesurvey.co.uk/id/4000000074574604,http://www.ordnancesurvey.co.uk/xml/codelists/localtype.xml#village,West Lindsey,http://data.ordnancesurvey.co.uk/id/7000000000043527,http://data.ordnancesurvey.co.uk/ontology/admingeo/District,Lincolnshire,http://data.ordnancesurvey.co.uk/id/7000000000005942,http://data.ordnancesurvey.co.uk/ontology/admingeo/County,East Midlands,http://data.ordnancesurvey.co.uk/id/7000000000041423,England,http://data.ordnancesurvey.co.uk/id/country/england,osgb4000000015658531,,
9301d816-5524-4601-ad46-3feee8fe3a08,http://data.ordnancesurvey.co.uk/id/9301d816-5524-4601-ad46-3feee8fe3a08,The Little Belt,,,,transportNetwork,Section Of Named Road,481391,391381,5000,25000,481285,391273,482057,391393,DN21,http://data.ordnancesurvey.co.uk/id/postcodedistrict/DN21,Gainsborough,http://data.ordnancesurvey.co.uk/id/4000000074575425,http://www.ordnancesurvey.co.uk/xml/codelists/localtype.xml#town,West Lindsey,http://data.ordnancesurvey.co.uk/id/7000000000043527,http://data.ordnancesurvey.co.uk/ontology/admingeo/District,Lincolnshire,http://data.ordnancesurvey.co.uk/id/7000000000005942,http://data.ordnancesurvey.co.uk/ontology/admingeo/County,East Midlands,http://data.ordnancesurvey.co.uk/id/7000000000041423,England,http://data.ordnancesurvey.co.uk/id/country/england,osgb4000000015633799,,
deefb6da-c045-4ca5-b749-c4247ab2eabc,http://data.ordnancesurvey.co.uk/id/deefb6da-c045-4ca5-b749-c4247ab2eabc,Kirton Road,,,,transportNetwork,Section Of Named Road,489281,399338,1000,25000,489252,399306,489317,399374,DN21,http://data.ordnancesurvey.co.uk/id/postcodedistrict/DN21,Scotton,http://data.ordnancesurvey.co.uk/id/4000000074575140,http://www.ordnancesurvey.co.uk/xml/codelists/localtype.xml#village,West Lindsey,http://data.ordnancesurvey.co.uk/id/7000000000043527,http://data.ordnancesurvey.co.uk/ontology/admingeo/District,Lincolnshire,http://data.ordnancesurvey.co.uk/id/7000000000005942,http://data.ordnancesurvey.co.uk/ontology/admingeo/County,East Midlands,http://data.ordnancesurvey.co.uk/id/7000000000041423,England,http://data.ordnancesurvey.co.uk/id/country/england,osgb4000000010925427,,
c16ae053-00cc-4c2f-91b5-0ef6d6d8c4f8,http://data.ordnancesurvey.co.uk/id/c16ae053-00cc-4c2f-91b5-0ef6d6d8c4f8,Bracken's Lane,,,,transportNetwork,Section Of Named Road,498130,393041,1000,25000,498110,392990,498150,393107,LN8,http://data.ordnancesurvey.co.uk/id/postcodedistrict/LN8,Atterby,http://data.ordnancesurvey.co.uk/id/4000000074574340,http://www.ordnancesurvey.co.uk/xml/codelists/localtype.xml#hamlet,West Lindsey,http://data.ordnancesurvey.co.uk/id/7000000000043527,http://data.ordnancesurvey.co.uk/ontology/admingeo/District,Lincolnshire,http://data.ordnancesurvey.co.uk/id/7000000000005942,http://data.ordnancesurvey.co.uk/ontology/admingeo/County,East Midlands,http://data.ordnancesurvey.co.uk/id/7000000000041423,England,http://data.ordnancesurvey.co.uk/id/country/england,osgb5000005231826662,,
osgb4000000015642879,http://data.ordnancesurvey.co.uk/id/4000000015642879,High Street,,,,transportNetwork,Named Road,487504,384569,3000,20000,487277,384475,487757,384612,DN21,http://data.ordnancesurvey.co.uk/id/postcodedistrict/DN21,Willingham by Stow,http://data.ordnancesurvey.co.uk/id/4000000074575139,http://www.ordnancesurvey.co.uk/xml/codelists/localtype.xml#village,West Lindsey,http://data.ordnancesurvey.co.uk/id/7000000000043527,http://data.ordnancesurvey.co.uk/ontology/admingeo/District,Lincolnshire,http://data.ordnancesurvey.co.uk/id/7000000000005942,http://data.ordnancesurvey.co.uk/ontology/admingeo/County,East Midlands,http://data.ordnancesurvey.co.uk/id/7000000000041423,England,http://data.ordnancesurvey.co.uk/id/country/england,,,
osgb4000000015682061,http://data.ordnancesurvey.co.uk/id/4000000015682061,Copper Beech Close,,,,transportNetwork,Named Road,482207,387799,1000,20000,482202,387770,482235,387815,DN21,http://data.ordnancesurvey.co.uk/id/postcodedistrict/DN21,Gainsborough,http://data.ordnancesurvey.co.uk/id/4000000074575425,http://www.ordnancesurvey.co.uk/xml/codelists/localtype.xml#town,West Lindsey,http://data.ordnancesurvey.co.uk/id/7000000000043527,http://data.ordnancesurvey.co.uk/ontology/admingeo/District,Lincolnshire,http://data.ordnancesurvey.co.uk/id/7000000000005942,http://data.ordnancesurvey.co.uk/ontology/admingeo/County,East Midlands,http://data.ordnancesurvey.co.uk/id/7000000000041423,England,http://data.ordnancesurvey.co.uk/id/country/england,,,
osgb4000000015673560,http://data.ordnancesurvey.co.uk/id/4000000015673560,Prospect Terrace,,,,transportNetwork,Named Road,481745,389190,1000,20000,481733,389166,481750,389251,DN21,http://data.ordnancesurvey.co.uk/id/postcodedistrict/DN21,Gainsborough,http://data.ordnancesurvey.co.uk/id/4000000074575425,http://www.ordnancesurvey.co.uk/xml/codelists/localtype.xml#town,West Lindsey,http://data.ordnancesurvey.co.uk/id/7000000000043527,http://data.ordnancesurvey.co.uk/ontology/admingeo/District,Lincolnshire,http://data.ordnancesurvey.co.uk/id/7000000000005942,http://data.ordnancesurvey.co.uk/ontology/admingeo/County,East Midlands,http://data.ordnancesurvey.co.uk/id/7000000000041423,England,http://data.ordnancesurvey.co.uk/id/country/england,,,
osgb4000000015674463,http://data.ordnancesurvey.co.uk/id/4000000015674463,Twitchell,,,,transportNetwork,Named Road,489142,380585,1000,20000,489092,380581,489178,380591,LN1,http://data.ordnancesurvey.co.uk/id/postcodedistrict/LN1,Sturton by Stow,http://data.ordnancesurvey.co.uk/id/4000000074574600,http://www.ordnancesurvey.co.uk/xml/codelists/localtype.xml#village,West Lindsey,http://data.ordnancesurvey.co.uk/id/7000000000043527,http://data.ordnancesurvey.co.uk/ontology/admingeo/District,Lincolnshire,http://data.ordnancesurvey.co.uk/id/7000000000005942,http://data.ordnancesurvey.co.uk/ontology/admingeo/County,East Midlands,http://data.ordnancesurvey.co.uk/id/7000000000041423,England,http://data.ordnancesurvey.co.uk/id/country/england,,,
osgb5000005341115511,http://data.ordnancesurvey.co.uk/id/5000005341115511,Alfie Williams Way,,,,transportNetwork,Named Road,482310,389092,1000,20000,482306,389091,482331,389093,DN21,http://data.ordnancesurvey.co.uk/id/postcodedistrict/DN21,Gainsborough,http://data.ordnancesurvey.co.uk/id/4000000074575425,http://www.ordnancesurvey.co.uk/xml/codelists/localtype.xml#town,West Lindsey,http://data.ordnancesurvey.co.uk/id/7000000000043527,http://data.ordnancesurvey.co.uk/ontology/admingeo/District,Lincolnshire,http://data.ordnancesurvey.co.uk/id/7000000000005942,http://data.ordnancesurvey.co.uk/ontology/admingeo/County,East Midlands,http://data.ordnancesurvey.co.uk/id/7000000000041423,England,http://data.ordnancesurvey.co.uk/id/country/england,,,
osgb4000000015658542,http://data.ordnancesurvey.co.uk/id/4000000015658542,School Lane,,,,transportNetwork,Named Road,493365,396144,1000,20000,493284,396143,493470,396148,DN21,http://data.ordnancesurvey.co.uk/id/postcodedistrict/DN21,Grayingham,http://data.ordnancesurvey.co.uk/id/4000000074574883,http://www.ordnancesurvey.co.uk/xml/codelists/localtype.xml#village,West Lindsey,http://data.ordnancesurvey.co.uk/id/7000000000043527,http://data.ordnancesurvey.co.uk/ontology/admingeo/District,Lincolnshire,http://data.ordnancesurvey.co.uk/id/7000000000005942,http://data.ordnancesurvey.co.uk/ontology/admingeo/County,East Midlands,http://data.ordnancesurvey.co.uk/id/7000000000041423,England,http://data.ordnancesurvey.co.uk/id/country/england,,,
osgb4000000015657641,http://data.ordnancesurvey.co.uk/id/4000000015657641,Balfour Street,,,,transportNetwork,Named Road,481230,390144,1000,20000,481219,390045,481253,390192,DN21,http://data.ordnancesurvey.co.uk/id/postcodedistrict/DN21,Gainsborough,http://data.ordnancesurvey.co.uk/id/4000000074575425,http://www.ordnancesurvey.co.uk/xml/codelists/localtype.xml#town,West Lindsey,http://data.ordnancesurvey.co.uk/id/7000000000043527,http://data.ordnancesurvey.co.uk/ontology/admingeo/District,Lincolnshire,http://data.ordnancesurvey.co.uk/id/7000000000005942,http://data.ordnancesurvey.co.uk/ontology/admingeo/County,East Midlands,http://data.ordnancesurvey.co.uk/id/7000000000041423,England,http://data.ordnancesurvey.co.uk/id/country/england,,,
osgb4000000015682084,http://data.ordnancesurvey.co.uk/id/4000000015682084,Riby Close,,,,transportNetwork,Named Road,483051,388900,1000,20000,483026,388899,483080,388913,DN21,http://data.ordnancesurvey.co.uk/id/postcodedistrict/DN21,Gainsborough,http://data.ordnancesurvey.co.uk/id/4000000074575425,http://www.ordnancesurvey.co.uk/xml/codelists/localtype.xml#town,West Lindsey,http://data.ordnancesurvey.co.uk/id/7000000000043527,http://data.ordnancesurvey.co.uk/ontology/admingeo/District,Lincolnshire,http://data.ordnancesurvey.co.uk/id/7000000000005942,http://data.ordnancesurvey.co.uk/ontology/admingeo/County,East Midlands,http://data.ordnancesurvey.co.uk/id/7000000000041423,England,http://data.ordnancesurvey.co.uk/id/country/england,,,
osgb4000000015634016,http://data.ordnancesurvey.co.uk/id/4000000015634016,Station Road,,,,transportNetwork,Named Road,493337,399138,3000,20000,493249,398901,493512,399398,DN21,http://data.ordnancesurvey.co.uk/id/postcodedistrict/DN21,Kirton in Lindsey,http://data.ordnancesurvey.co.uk/id/4000000074574884,http://www.ordnancesurvey.co.uk/xml/codelists/localtype.xml#town,,,,North Lincolnshire,http://data.ordnancesurvey.co.uk/id/7000000000025623,http://data.ordnancesurvey.co.uk/ontology/admingeo/UnitaryAuthority,Yorkshire and the Humber,http://data.ordnancesurvey.co.uk/id/7000000000041430,England,http://data.ordnancesurvey.co.uk/id/country/england,,,
osgb4000000015657711,http://data.ordnancesurvey.co.uk/id/4000000015657711,Southlands Avenue,,,,transportNetwork,Named Road,480732,391988,1000,20000,480706,391925,480775,392052,DN21,http://data.ordnancesurvey.co.uk/id/postcodedistrict/DN21,Gainsborough,http://data.ordnancesurvey.co.uk/id/4000000074575425,http://www.ordnancesurvey.co.uk/xml/codelists/localtype.xml#town,West Lindsey,http://data.ordnancesurvey.co.uk/id/7000000000043527,http://data.ordnancesurvey.co.uk/ontology/admingeo/District,Lincolnshire,http://data.ordnancesurvey.co.uk/id/7000000000005942,http://data.ordnancesurvey.co.uk/ontology/admingeo/County,East Midlands,http://data.ordnancesurvey.co.uk/id/7000000000041423,England,http://data.ordnancesurvey.co.uk/id/country/england,,,
osgb4000000015885962,http://data.ordnancesurvey.co.uk/id/4000000015885962,The Holt,,,,transportNetwork,Named Road,482507,390255,1000,20000,482498,390241,482517,390285,DN21,http://data.ordnancesurvey.co.uk/id/postcodedistrict/DN21,Gainsborough,http://data.ordnancesurvey.co.uk/id/4000000074575425,http://www.ordnancesurvey.co.uk/xml/codelists/localtype.xml#town,West Lindsey,http://data.ordnancesurvey.co.uk/id/7000000000043527,http://data.ordnancesurvey.co.uk/ontology/admingeo/District,Lincolnshire,http://data.ordnancesurvey.co.uk/id/7000000000005942,http://data.ordnancesurvey.co.uk/ontology/admingeo/County,East Midlands,http://data.ordnancesurvey.co.uk/id/7000000000041423,England,http://data.ordnancesurvey.co.uk/id/country/england,,,
osgb4000000015633603,http://data.ordnancesurvey.co.uk/id/4000000015633603,Cross Common Lane,,,,transportNetwork,Named Road,480165,384164,4000,20000,480120,383765,480239,384422,DN22,http://data.ordnancesurvey.co.uk/id/postcodedistrict/DN22,,,,Bassetlaw,http://data.ordnancesurvey.co.uk/id/7000000000008122,http://data.ordnancesurvey.co.uk/ontology/admingeo/District,Nottinghamshire,http://data.ordnancesurvey.co.uk/id/7000000000008127,http://data.ordnancesurvey.co.uk/ontology/admingeo/County,East Midlands,http://data.ordnancesurvey.co.uk/id/7000000000041423,England,http://data.ordnancesurvey.co.uk/id/country/england,,,
osgb5000005295753174,http://data.ordnancesurvey.co.uk/id/5000005295753174,Guy Gisbon Court,,,,transportNetwork,Named Road,482561,389517,1000,20000,482560,389494,482594,389555,DN21,http://data.ordnancesurvey.co.uk/id/postcodedistrict/DN21,Gainsborough,http://data.ordnancesurvey.co.uk/id/4000000074575425,http://www.ordnancesurvey.co.uk/xml/codelists/localtype.xml#town,West Lindsey,http://data.ordnancesurvey.co.uk/id/7000000000043527,http://data.ordnancesurvey.co.uk/ontology/admingeo/District,Lincolnshire,http://data.ordnancesurvey.co.uk/id/7000000000005942,http://data.ordnancesurvey.co.uk/ontology/admingeo/County,East Midlands,http://data.ordnancesurvey.co.uk/id/7000000000041423,England,http://data.ordnancesurvey.co.uk/id/country/england,,,
osgb5000005100380533,http://data.ordnancesurvey.co.uk/id/5000005100380533,Station Approach,,,,transportNetwork,Named Road,481862,389842,1000,20000,481847,389743,481867,389948,DN21,http://data.ordnancesurvey.co.uk/id/postcodedistrict/DN21,Gainsborough,http://data.ordnancesurvey.co.uk/id/4000000074575425,http://www.ordnancesurvey.co.uk/xml/codelists/localtype.xml#town,West Lindsey,http://data.ordnancesurvey.co.uk/id/7000000000043527,http://data.ordnancesurvey.co.uk/ontology/admingeo/District,Lincolnshire,http://data.ordnancesurvey.co.uk/id/7000000000005942,http://data.ordnancesurvey.co.uk/ontology/admingeo/County,East Midlands,http://data.ordnancesurvey.co.uk/id/7000000000041423,England,http://data.ordnancesurvey.co.uk/id/country/england,,,
osgb4000000015633799,http://data.ordnancesurvey.co.uk/id/4000000015633799,The Little Belt,,,,transportNetwork,Named Road,481676,391346,5000,20000,481285,391273,482057,391393,DN21,http://data.ordnancesurvey.co.uk/id/postcodedistrict/DN21,,,,West Lindsey,http://data.ordnancesurvey.co.uk/id/7000000000043527,http://data.ordnancesurvey.co.uk/ontology/admingeo/District,Lincolnshire,http://data.ordnancesurvey.co.uk/id/7000000000005942,http://data.ordnancesurvey.co.uk/ontology/admingeo/County,East Midlands,http://data.ordnancesurvey.co.uk/id/7000000000041423,England,http://data.ordnancesurvey.co.uk/id/country/england,,,
osgb4000000015837444,http://data.ordnancesurvey.co.uk/id/4000000015837444,Fielding Way,,,,transportNetwork,Named Road,482372,390238,1000,20000,482342,390211,482421,390303,DN21,http://data.ordnancesurvey.co.uk/id/postcodedistrict/DN21,Gainsborough,http://data.ordnancesurvey.co.uk/id/4000000074575425,http://www.ordnancesurvey.co.uk/xml/codelists/localtype.xml#town,West Lindsey,http://data.ordnancesurvey.co.uk/id/7000000000043527,http://data.ordnancesurvey.co.uk/ontology/admingeo/District,Lincolnshire,http://data.ordnancesurvey.co.uk/id/7000000000005942,http://data.ordnancesurvey.co.uk/ontology/admingeo/County,East Midlands,http://data.ordnancesurvey.co.uk/id/7000000000041423,England,http://data.ordnancesurvey.co.uk/id/country/england,,,
osgb4000000015673561,http://data.ordnancesurvey.co.uk/id/4000000015673561,Willoughby Street,,,,transportNetwork,Named Road,481500,389353,1000,20000,481484,389352,481590,389371,DN21,http://data.ordnancesurvey.co.uk/id/postcodedistrict/DN21,Gainsborough,http://data.ordnancesurvey.co.uk/id/4000000074575425,http://www.ordnancesurvey.co.uk/xml/codelists/localtype.xml#town,West Lindsey,http://data.ordnancesurvey.co.uk/id/7000000000043527,http://data.ordnancesurvey.co.uk/ontology/admingeo/District,Lincolnshire,http://data.ordnancesurvey.co.uk/id/7000000000005942,http://data.ordnancesurvey.co.uk/ontology/admingeo/County,East Midlands,http://data.ordnancesurvey.co.uk/id/7000000000041423,England,http://data.ordnancesurvey.co.uk/id/country/england,,,
osgb4000000015673594,http://data.ordnancesurvey.co.uk/id/4000000015673594,Beech Avenue,,,,transportNetwork,Named Road,481914,390630,1000,20000,481851,390603,481941,390660,DN21,http://data.ordnancesurvey.co.uk/id/postcodedistrict/DN21,Gainsborough,http://data.ordnancesurvey.co.uk/id/4000000074575425,http://www.ordnancesurvey.co.uk/xml/codelists/localtype.xml#town,West Lindsey,http://data.ordnancesurvey.co.uk/id/7000000000043527,http://data.ordnancesurvey.co.uk/ontology/admingeo/District,Lincolnshire,http://data.ordnancesurvey.co.uk/id/7000000000005942,http://data.ordnancesurvey.co.uk/ontology/admingeo/County,East Midlands,http://data.ordnancesurvey.co.uk/id/7000000000041423,England,http://data.ordnancesurvey.co.uk/id/country/england,,,
osgb4000000015658493,http://data.ordnancesurvey.co.uk/id/4000000015658493,Queensway,,,,transportNetwork,Named Road,489002,380033,1000,20000,488946,379929,489058,380094,LN1,http://data.ordnancesurvey.co.uk/id/postcodedistrict/LN1,Sturton by Stow,http://data.ordnancesurvey.co.uk/id/4000000074574600,http://www.ordnancesurvey.co.uk/xml/codelists/localtype.xml#village,West Lindsey,http://data.ordnancesurvey.co.uk/id/7000000000043527,http://data.ordnancesurvey.co.uk/ontology/admingeo/District,Lincolnshire,http://data.ordnancesurvey.co.uk/id/7000000000005942,http://data.ordnancesurvey.co.uk/ontology/admingeo/County,East Midlands,http://data.ordnancesurvey.co.uk/id/7000000000041423,England,http://data.ordnancesurvey.co.uk/id/country/england,,,
osgb4000000015642899,http://data.ordnancesurvey.co.uk/id/4000000015642899,Templefield Road,,,,transportNetwork,Named Road,493002,393154,2000,20000,492928,393009,493031,393312,DN21,http://data.ordnancesurvey.co.uk/id/postcodedistrict/DN21,Willoughton,http://data.ordnancesurvey.co.uk/id/4000000074574604,http://www.ordnancesurvey.co.uk/xml/codelists/localtype.xml#village,West Lindsey,http://data.ordnancesurvey.co.uk/id/7000000000043527,http://data.ordnancesurvey.co.uk/ontology/admingeo/District,Lincolnshire,http://data.ordnancesurvey.co.uk/id/7000000000005942,http://data.ordnancesurvey.co.uk/ontology/admingeo/County,East Midlands,http://data.ordnancesurvey.co.uk/id/7000000000041423,England,http://data.ordnancesurvey.co.uk/id/country/england,,,
osgb5000005232052622,http://data.ordnancesurvey.co.uk/id/5000005232052622,Rimes Lane,,,,transportNetwork,Named Road,480969,380876,1000,20000,480962,380779,480977,381000,DN22,http://data.ordnancesurvey.co.uk/id/postcodedistrict/DN22,,,,Bassetlaw,http://data.ordnancesurvey.co.uk/id/7000000000008122,http://data.ordnancesurvey.co.uk/ontology/admingeo/District,Nottinghamshire,http://data.ordnancesurvey.co.uk/id/7000000000008127,http://data.ordnancesurvey.co.uk/ontology/admingeo/County,East Midlands,http://data.ordnancesurvey.co.uk/id/7000000000041423,England,http://data.ordnancesurvey.co.uk/id/country/england,,,
cfea1bcb-91a8-465a-a603-8b0ec7e21a83,http://data.ordnancesurvey.co.uk/id/cfea1bcb-91a8-465a-a603-8b0ec7e21a83,Normanby Road,,,,transportNetwork,Section Of Named Road,488265,382083,2000,25000,488227,381949,488329,382269,LN1,http://data.ordnancesurvey.co.uk/id/postcodedistrict/LN1,Stow,http://data.ordnancesurvey.co.uk/id/4000000074574878,http://www.ordnancesurvey.co.uk/xml/codelists/localtype.xml#village,West Lindsey,http://data.ordnancesurvey.co.uk/id/7000000000043527,http://data.ordnancesurvey.co.uk/ontology/admingeo/District,Lincolnshire,http://data.ordnancesurvey.co.uk/id/7000000000005942,http://data.ordnancesurvey.co.uk/ontology/admingeo/County,East Midlands,http://data.ordnancesurvey.co.uk/id/7000000000041423,England,http://data.ordnancesurvey.co.uk/id/country/england,osgb4000000015629877,,
osgb4000000067707226,http://data.ordnancesurvey.co.uk/id/4000000067707226,Elsham Walk,,,,transportNetwork,Named Road,482987,389751,2000,20000,482811,389578,483044,389958,DN21,http://data.ordnancesurvey.co.uk/id/postcodedistrict/DN21,Gainsborough,http://data.ordnancesurvey.co.uk/id/4000000074575425,http://www.ordnancesurvey.co.uk/xml/codelists/localtype.xml#town,West Lindsey,http://data.ordnancesurvey.co.uk/id/7000000000043527,http://data.ordnancesurvey.co.uk/ontology/admingeo/District,Lincolnshire,http://data.ordnancesurvey.co.uk/id/7000000000005942,http://data.ordnancesurvey.co.uk/ontology/admingeo/County,East Midlands,http://data.ordnancesurvey.co.uk/id/7000000000041423,England,http://data.ordnancesurvey.co.uk/id/country/england,,,
osgb4000000015657714,http://data.ordnancesurvey.co.uk/id/4000000015657714,Granary Close,,,,transportNetwork,Named Road,480998,392102,1000,20000,480981,392021,481017,392178,DN21,http://data.ordnancesurvey.co.uk/id/postcodedistrict/DN21,Gainsborough,http://data.ordnancesurvey.co.uk/id/4000000074575425,http://www.ordnancesurvey.co.uk/xml/codelists/localtype.xml#town,West Lindsey,http://data.ordnancesurvey.co.uk/id/7000000000043527,http://data.ordnancesurvey.co.uk/ontology/admingeo/District,Lincolnshire,http://data.ordnancesurvey.co.uk/id/7000000000005942,http://data.ordnancesurvey.co.uk/ontology/admingeo/County,East Midlands,http://data.ordnancesurvey.co.uk/id/7000000000041423,England,http://data.ordnancesurvey.co.uk/id/country/england,,,
osgb5000005194812795,http://data.ordnancesurvey.co.uk/id/5000005194812795,Trent Approach,,,,transportNetwork,Named Road,483816,381806,1000,20000,483796,381754,483827,381870,DN21,http://data.ordnancesurvey.co.uk/id/postcodedistrict/DN21,Marton,http://data.ordnancesurvey.co.uk/id/4000000074577537,http://www.ordnancesurvey.co.uk/xml/codelists/localtype.xml#village,West Lindsey,http://data.ordnancesurvey.co.uk/id/7000000000043527,http://data.ordnancesurvey.co.uk/ontology/admingeo/District,Lincolnshire,http://data.ordnancesurvey.co.uk/id/7000000000005942,http://data.ordnancesurvey.co.uk/ontology/admingeo/County,East Midlands,http://data.ordnancesurvey.co.uk/id/7000000000041423,England,http://data.ordnancesurvey.co.uk/id/country/england,,,
osgb4000000015658553,http://data.ordnancesurvey.co.uk/id/4000000015658553,Lincoln Crescent,,,,transportNetwork,Named Road,494650,397981,1000,20000,494548,397896,494662,398043,DN21,http://data.ordnancesurvey.co.uk/id/postcodedistrict/DN21,Kirton in Lindsey,http://data.ordnancesurvey.co.uk/id/4000000074574884,http://www.ordnancesurvey.co.uk/xml/codelists/localtype.xml#town,,,,North Lincolnshire,http://data.ordnancesurvey.co.uk/id/7000000000025623,http://data.ordnancesurvey.co.uk/ontology/admingeo/UnitaryAuthority,Yorkshire and the Humber,http://data.ordnancesurvey.co.uk/id/7000000000041430,England,http://data.ordnancesurvey.co.uk/id/country/england,,,
osgb4000000015895985,http://data.ordnancesurvey.co.uk/id/4000000015895985,Peacock Place,,,,transportNetwork,Named Road,482892,390330,1000,20000,482882,390303,482903,390353,DN21,http://data.ordnancesurvey.co.uk/id/postcodedistrict/DN21,Gainsborough,http://data.ordnancesurvey.co.uk/id/4000000074575425,http://www.ordnancesurvey.co.uk/xml/codelists/localtype.xml#town,West Lindsey,http://data.ordnancesurvey.co.uk/id/7000000000043527,http://data.ordnancesurvey.co.uk/ontology/admingeo/District,Lincolnshire,http://data.ordnancesurvey.co.uk/id/7000000000005942,http://data.ordnancesurvey.co.uk/ontology/admingeo/County,East Midlands,http://data.ordnancesurvey.co.uk/id/7000000000041423,England,http://data.ordnancesurvey.co.uk/id/country/england,,,
osgb4000000015657624,http://data.ordnancesurvey.co.uk/id/4000000015657624,Enderby Crescent,,,,transportNetwork,Named Road,482057,389290,1000,20000,482040,389229,482131,389441,DN21,http://data.ordnancesurvey.co.uk/id/postcodedistrict/DN21,Gainsborough,http://data.ordnancesurvey.co.uk/id/4000000074575425,http://www.ordnancesurvey.co.uk/xml/codelists/localtype.xml#town,West Lindsey,http://data.ordnancesurvey.co.uk/id/7000000000043527,http://data.ordnancesurvey.co.uk/ontology/admingeo/District,Lincolnshire,http://data.ordnancesurvey.co.uk/id/7000000000005942,http://data.ordnancesurvey.co.uk/ontology/admingeo/County,East Midlands,http://data.ordnancesurvey.co.uk/id/7000000000041423,England,http://data.ordnancesurvey.co.uk/id/country/england,,,
osgb4000000015657709,http://data.ordnancesurvey.co.uk/id/4000000015657709,South Street,,,,transportNetwork,Named Road,481012,391670,1000,20000,480984,391640,481026,391735,DN21,http://data.ordnancesurvey.co.uk/id/postcodedistrict/DN21,Gainsborough,http://data.ordnancesurvey.co.uk/id/4000000074575425,http://www.ordnancesurvey.co.uk/xml/codelists/localtype.xml#town,West Lindsey,http://data.ordnancesurvey.co.uk/id/7000000000043527,http://data.ordnancesurvey.co.uk/ontology/admingeo/District,Lincolnshire,http://data.ordnancesurvey.co.uk/id/7000000000005942,http://data.ordnancesurvey.co.uk/ontology/admingeo/County,East Midlands,http://data.ordnancesurvey.co.uk/id/7000000000041423,England,http://data.ordnancesurvey.co.uk/id/country/england,,,
osgb4000000015642432,http://data.ordnancesurvey.co.uk/id/4000000015642432,Mayflower Close,,,,transportNetwork,Named Road,482380,387704,2000,20000,482290,387563,482491,387862,DN21,http://data.ordnancesurvey.co.uk/id/postcodedistrict/DN21,Gainsborough,http://data.ordnancesurvey.co.uk/id/4000000074575425,http://www.ordnancesurvey.co.uk/xml/codelists/localtype.xml#town,West Lindsey,http://data.ordnancesurvey.co.uk/id/7000000000043527,http://data.ordnancesurvey.co.uk/ontology/admingeo/District,Lincolnshire,http://data.ordnancesurvey.co.uk/id/7000000000005942,http://data.ordnancesurvey.co.uk/ontology/admingeo/County,East Midlands,http://data.ordnancesurvey.co.uk/id/7000000000041423,England,http://data.ordnancesurvey.co.uk/id/country/england,,,
osgb4000000015629752,http://data.ordnancesurvey.co.uk/id/4000000015629752,Sandbeck Lane,,,,transportNetwork,Named Road,484771,395189,5000,20000,484410,394709,484989,395533,DN21,http://data.ordnancesurvey.co.uk/id/postcodedistrict/DN21,,,,West Lindsey,http://data.ordnancesurvey.co.uk/id/7000000000043527,http://data.ordnancesurvey.co.uk/ontology/admingeo/District,Lincolnshire,http://data.ordnancesurvey.co.uk/id/7000000000005942,http://data.ordnancesurvey.co.uk/ontology/admingeo/County,East Midlands,http://data.ordnancesurvey.co.uk/id/7000000000041423,England,http://data.ordnancesurvey.co.uk/id/country/england,,,
osgb4000000015674498,http://data.ordnancesurvey.co.uk/id/4000000015674498,Chapel Lane,,,,transportNetwork,Named Road,489531,397135,1000,20000,489489,397128,489589,397145,DN21,http://data.ordnancesurvey.co.uk/id/postcodedistrict/DN21,Northorpe,http://data.ordnancesurvey.co.uk/id/4000000074574885,http://www.ordnancesurvey.co.uk/xml/codelists/localtype.xml#village,West Lindsey,http://data.ordnancesurvey.co.uk/id/7000000000043527,http://data.ordnancesurvey.co.uk/ontology/admingeo/District,Lincolnshire,http://data.ordnancesurvey.co.uk/id/7000000000005942,http://data.ordnancesurvey.co.uk/ontology/admingeo/County,East Midlands,http://data.ordnancesurvey.co.uk/id/7000000000041423,England,http://data.ordnancesurvey.co.uk/id/country/england,,,
osgb4000000015674497,http://data.ordnancesurvey.co.uk/id/4000000015674497,Joshua Way,,,,transportNetwork,Named Road,498250,396029,1000,20000,498217,396019,498285,396043,DN21,http://data.ordnancesurvey.co.uk/id/postcodedistrict/DN21,Waddingham,http://data.ordnancesurvey.co.uk/id/4000000074574880,http://www.ordnancesurvey.co.uk/xml/codelists/localtype.xml#village,West Lindsey,http://data.ordnancesurvey.co.uk/id/7000000000043527,http://data.ordnancesurvey.co.uk/ontology/admingeo/District,Lincolnshire,http://data.ordnancesurvey.co.uk/id/7000000000005942,http://data.ordnancesurvey.co.uk/ontology/admingeo/County,East Midlands,http://data.ordnancesurvey.co.uk/id/7000000000041423,England,http://data.ordnancesurvey.co.uk/id/country/england,,,
osgb4000000015642898,http://data.ordnancesurvey.co.uk/id/4000000015642898,Brook Street,,,,transportNetwork,Named Road,493020,391134,1000,20000,492884,391124,493111,391136,DN21,http://data.ordnancesurvey.co.uk/id/postcodedistrict/DN21,Hemswell,http://data.ordnancesurvey.co.uk/id/4000000074574603,http://www.ordnancesurvey.co.uk/xml/codelists/localtype.xml#village,West Lindsey,http://data.ordnancesurvey.co.uk/id/7000000000043527,http://data.ordnancesurvey.co.uk/ontology/admingeo/District,Lincolnshire,http://data.ordnancesurvey.co.uk/id/7000000000005942,http://data.ordnancesurvey.co.uk/ontology/admingeo/County,East Midlands,http://data.ordnancesurvey.co.uk/id/7000000000041423,England,http://data.ordnancesurvey.co.uk/id/country/england,,,
osgb4000000015871577,http://data.ordnancesurvey.co.uk/id/4000000015871577,Chapel Lane,,,,transportNetwork,Named Road,487687,389711,1000,20000,487618,389661,487754,389811,DN21,http://data.ordnancesurvey.co.uk/id/postcodedistrict/DN21,Springthorpe,http://data.ordnancesurvey.co.uk/id/4000000074575141,http://www.ordnancesurvey.co.uk/xml/codelists/localtype.xml#village,West Lindsey,http://data.ordnancesurvey.co.uk/id/7000000000043527,http://data.ordnancesurvey.co.uk/ontology/admingeo/District,Lincolnshire,http://data.ordnancesurvey.co.uk/id/7000000000005942,http://data.ordnancesurvey.co.uk/ontology/admingeo/County,East Midlands,http://data.ordnancesurvey.co.uk/id/7000000000041423,England,http://data.ordnancesurvey.co.uk/id/country/england,,,
osgb4000000015657626,http://data.ordnancesurvey.co.uk/id/4000000015657626,Lissington Road,,,,transportNetwork,Named Road,482250,389403,1000,20000,482143,389377,482304,389403,DN21,http://data.ordnancesurvey.co.uk/id/postcodedistrict/DN21,Gainsborough,http://data.ordnancesurvey.co.uk/id/4000000074575425,http://www.ordnancesurvey.co.uk/xml/codelists/localtype.xml#town,West Lindsey,http://data.ordnancesurvey.co.uk/id/7000000000043527,http://data.ordnancesurvey.co.uk/ontology/admingeo/District,Lincolnshire,http://data.ordnancesurvey.co.uk/id/7000000000005942,http://data.ordnancesurvey.co.uk/ontology/admingeo/County,East Midlands,http://data.ordnancesurvey.co.uk/id/7000000000041423,England,http://data.ordnancesurvey.co.uk/id/country/england,,,
osgb4000000015815600,http://data.ordnancesurvey.co.uk/id/4000000015815600,B1205,,,,transportNetwork,Numbered Road,497769,396384,163000,250000,485718,395089,510842,400283,DN21,http://data.ordnancesurvey.co.uk/id/postcodedistrict/DN21,,,,West Lindsey,http://data.ordnancesurvey.co.uk/id/7000000000043527,http://data.ordnancesurvey.co.uk/ontology/admingeo/District,Lincolnshire,http://data.ordnancesurvey.co.uk/id/7000000000005942,http://data.ordnancesurvey.co.uk/ontology/admingeo/County,East Midlands,http://data.ordnancesurvey.co.uk/id/7000000000041423,England,http://data.ordnancesurvey.co.uk/id/country/england,,,
